4.822742999987164936e+00
5.347255809674461347e+00
6.343075185271803029e+00
4.972963691837058775e+00
5.315185361133492492e+00
4.998489052610246119e+00
5.289925460392542078e+00
5.069914894130809202e+00
4.987526741794215290e+00
5.139220530351980010e+00
6.540656204239474469e+00
5.942684609962763709e+00
5.086720518812557934e+00
5.754898567628483619e+00
5.926680719871885827e+00
5.550766535495879062e+00
5.701679927312270024e+00
5.812438698804956339e+00
3.597122768471222365e+00
5.429741767057441493e+00
5.305583144802683115e+00
5.062185630312042051e+00
5.221726400998557338e+00
4.715360746002396297e+00
5.238288771184653747e+00
5.676371431707210036e+00
4.315891473270275114e+00
4.595446557657838049e+00
3.862037590285041233e+00
4.482320618647413824e+00
4.384407587338907675e+00
4.218005697935502063e+00
4.242341085498286368e+00
4.500734454154269315e+00
3.063702477923929468e+00
5.279839707833368756e+00
4.507153134483184331e+00
5.738143832423349799e+00
5.780481938442783019e+00
5.963857950169369815e+00
6.322363406701674293e+00
6.312569432621593535e+00
6.366563770197412708e+00
6.563455548159575770e+00
6.808547443953438361e+00
6.935535239538724639e+00
7.364906265980635247e+00
5.904806376569583293e+00
6.549953370616107051e+00
7.616725190491261621e+00
7.320167079588029146e+00
7.344711603459603388e+00
6.760463546237284405e+00
6.875680375824187784e+00
6.800852954955850294e+00
6.416046182688855737e+00
6.067962812013267815e+00
7.247508583880432731e+00
7.302044509976958864e+00
7.241670906471080471e+00
6.620477774326396059e+00
8.212859121695741393e+00
8.072750208218900880e+00
6.560581959688446929e+00
7.013194278031464890e+00
7.096826603627420127e+00
8.326939845554427677e+00
8.519941910435058219e+00
9.581629568469711700e+00
7.401405010840043097e+00
8.265374091685890434e+00
7.893652384984223502e+00
9.049790176332631830e+00
8.683638517739609597e+00
9.052607586704976228e+00
9.677481667670527088e+00
1.101350669867406751e+01
9.831711319824828266e+00
9.972405418066252025e+00
1.066223982609327692e+01
9.603367044388761542e+00
9.697473678443763845e+00
1.062748292078335233e+01
1.165522542628510649e+01
1.147684565662276768e+01
1.056243174002513996e+01
1.198148516765768079e+01
1.248368435500121620e+01
1.130694216478121206e+01
1.112983884801425205e+01
1.089358819998705741e+01
1.052803773476292548e+01
1.154528352514303435e+01
1.153618689033719136e+01
1.305452608899627620e+01
1.205602351582511744e+01
1.169343202851780283e+01
1.313096630572509227e+01
1.145104563553408816e+01
1.256384198862996371e+01
1.251897817229436249e+01
1.420140998105715902e+01
1.298382016021438901e+01
1.409636150066535265e+01
1.351777994217477108e+01
1.451444417865828740e+01
1.441804180655037548e+01
1.363328013259927296e+01
1.321689089547602869e+01
1.308133853824171844e+01
1.307634654945186270e+01
1.438835252527741559e+01
1.420528244142584029e+01
1.351775838520439876e+01
1.365454006930622199e+01
1.423465737360414352e+01
1.468445525009042818e+01
1.448776870294739183e+01
1.339772413575134635e+01
1.196387679479324539e+01
1.356270749743411663e+01
1.257984061321563374e+01
1.289696793743470593e+01
1.310548003255499871e+01
1.291208808886289106e+01
1.174657074958884095e+01
1.357200142852090430e+01
1.404622300534292378e+01
1.298597320831820134e+01
1.260931758536234071e+01
1.387588863704478470e+01
1.205866076785405916e+01
1.234734082116864506e+01
1.213236447325020251e+01
1.225515617041445537e+01
1.174911534739510088e+01
1.264433638451077613e+01
1.220787995979259044e+01
1.262332480132107904e+01
1.138800433813227642e+01
1.189642391749241135e+01
1.141940418029436977e+01
1.125880534182693538e+01
1.046228948123627234e+01
1.112212505663695872e+01
1.085385117726708337e+01
1.138976764695106425e+01
1.133444185360149703e+01
1.116649222532522501e+01
1.136149691098466619e+01
1.074673756478968123e+01
9.913957228746280492e+00
1.031565053538730226e+01
1.122900925358902846e+01
1.160570125819800680e+01
1.116544836400626473e+01
1.038734090924229569e+01
1.017619080150523558e+01
1.002060870897888023e+01
1.052824001329129011e+01
1.057193821825252300e+01
1.092228583229078609e+01
9.578887481454650299e+00
9.903203870490205674e+00
9.962760586888713021e+00
1.055392550335218083e+01
1.020545141792663912e+01
1.051195919868326101e+01
9.505538553896730747e+00
1.011922527018870355e+01
1.022092751735985416e+01
9.525080527489169668e+00
1.001686951801071856e+01
9.231102459807653204e+00
1.089346023225039239e+01
1.041693459376733344e+01
1.024137392664030699e+01
1.120125370638056950e+01
1.190806612977109324e+01
1.157893296905787750e+01
1.143241342946114614e+01
1.115104709960933960e+01
1.078602886865455446e+01
1.126883331251132603e+01
1.083181687059539655e+01
1.130023991782866943e+01
1.248171843187073549e+01
1.302904918862378203e+01
1.270166858669685794e+01
1.484752723769268101e+01
1.535634484568523739e+01
1.463063331038688020e+01
1.370300500994012438e+01
1.444821681354057574e+01
1.415774594646693352e+01
1.424195752946514482e+01
1.458698085614761375e+01
1.482584770055396817e+01
1.433325044892665545e+01
1.446584421461012226e+01
1.420696130743682772e+01
1.338416714288810994e+01
1.415452824380191643e+01
1.486461505845707087e+01
1.477224518862978542e+01
1.512335344736995602e+01
1.385463542166977646e+01
1.433638541800264044e+01
1.435740760393762550e+01
1.464694942793647137e+01
1.374220576726663268e+01
1.415757895600266636e+01
1.454226847174742687e+01
1.433341437159273113e+01
1.430196845823374119e+01
1.397753834054812216e+01
1.460274781636977259e+01
1.354080447408704124e+01
1.376467997085254069e+01
1.328589854540580717e+01
1.386869311632570501e+01
1.416731466241260584e+01
1.395225477505647227e+01
1.442355893169917991e+01
1.420238923168195733e+01
1.323029130621162786e+01
1.392516493782910914e+01
1.282088304433732873e+01
1.264936237897886251e+01
1.359434733810044449e+01
1.301789957982188639e+01
1.347861310281356317e+01
1.250416028562390025e+01
1.095017417769177825e+01
1.245127310444654789e+01
1.121492933153996674e+01
1.242762378368206200e+01
1.171931516861770461e+01
1.205420310526623595e+01
1.291222452841713775e+01
1.363950974068087341e+01
1.260783093270834243e+01
1.276020546255755050e+01
1.241437825640374193e+01
1.260861263963660051e+01
1.225102335431401457e+01
1.212801290478063265e+01
1.161252491425353384e+01
1.239321601527267092e+01
1.205735467190125476e+01
1.172058947790257122e+01
1.215880414430185397e+01
1.068719366283900385e+01
1.177692948746185309e+01
1.260411120198818402e+01
1.193213157467462615e+01
1.187749589495399150e+01
1.120272478343190059e+01
1.154143766882624078e+01
1.077140285995187341e+01
1.232637397170576321e+01
1.161047435675197548e+01
1.214568465321677593e+01
1.375492714318475862e+01
1.323341372338213873e+01
1.264261945173137391e+01
1.265274394767723010e+01
1.202562723021689806e+01
1.221892238329928659e+01
1.232543456463108811e+01
1.067434876303899216e+01
1.080472703330909212e+01
1.147640387292597985e+01
1.191050491748793405e+01
1.167038604022902959e+01
1.167280130662375903e+01
1.195427245474412814e+01
1.105853973263695877e+01
1.143921412419649997e+01
1.190196598832496733e+01
1.085505865768371692e+01
1.177527151551282714e+01
1.261863583440467451e+01
1.190769814982667363e+01
1.118530783855875832e+01
1.191229056009585818e+01
1.238144360256351995e+01
1.129660461411619998e+01
1.138488795333539372e+01
1.117563339066958505e+01
1.110096320104799617e+01
1.182196770748667092e+01
1.163997920239262029e+01
1.171574413909385015e+01
1.269201587064426207e+01
1.308763354154198666e+01
1.196840468230398002e+01
1.232980291457660016e+01
1.246761854239962908e+01
1.222794694372439928e+01
1.279843388366424506e+01
1.273441271727098112e+01
1.334062939731700936e+01
1.355745141052189595e+01
1.245273536634738676e+01
1.423922922136337377e+01
1.407688833103891213e+01
1.355983783171275903e+01
1.320645008107139162e+01
1.353480709761040046e+01
1.470774508399443903e+01
1.347928545237724762e+01
1.403462737884749600e+01
1.372837753694095397e+01
1.474675374672470340e+01
1.380315143189107374e+01
1.455749001393413344e+01
1.389404311991553698e+01
1.431148328341720699e+01
1.328977649716962262e+01
1.330823300518607688e+01
1.392015129975394672e+01
1.351027213038787878e+01
1.406436403562570270e+01
1.275417963451496917e+01
1.387652411865080282e+01
1.388870516511635245e+01
1.315729397908952691e+01
1.464523300302286302e+01
1.391434057293444226e+01
1.338984696179085354e+01
1.317734013522833791e+01
1.327505976974333990e+01
1.417659259650483605e+01
1.440575510891929056e+01
1.400118962791710331e+01
1.418111675584852094e+01
1.291840934807592234e+01
1.428707333814740110e+01
1.395197256213399584e+01
1.314280043621411664e+01
1.362971154616766256e+01
1.356563751519288630e+01
1.417468687757783385e+01
1.361353641657392899e+01
1.434205936743020793e+01
1.397130087143256105e+01
1.353341568295072683e+01
1.388466393738615068e+01
1.441255345374333885e+01
1.406623420436793026e+01
1.493620357653711039e+01
1.344861381828492597e+01
1.438324595852376575e+01
1.411027683213465878e+01
1.515438511901335517e+01
1.412883965730620872e+01
1.488098728365366163e+01
1.429638682961124729e+01
1.415500130216407904e+01
1.377397480153396359e+01
1.457210433843536990e+01
1.428699376204816929e+01
1.449708115045466528e+01
1.491642756054141472e+01
1.474422223820506161e+01
1.442141000953396102e+01
1.467567038335934271e+01
1.538485191363960425e+01
1.488036805176534827e+01
1.527287990938069839e+01
1.422102867435792461e+01
1.552370413832725404e+01
1.572469962837877056e+01
1.551876472846613098e+01
1.585325197389223106e+01
1.511853725401951110e+01
1.419177642396360284e+01
1.456583719564477875e+01
1.579606512372286176e+01
1.663241234908927524e+01
1.468131896002043035e+01
1.580180493586194501e+01
1.568472919037736268e+01
1.516765831234626560e+01
1.555582205895621151e+01
1.601770754772902805e+01
1.636588867037793449e+01
1.620823570848675033e+01
1.602936703924533290e+01
1.757382515797623057e+01
1.785802752139100136e+01
1.666916713385710835e+01
1.602833155725864245e+01
1.616188833598570085e+01
1.625190486484241603e+01
1.640598812131390360e+01
1.607313616663757827e+01
1.606703669280592450e+01
1.730824562291754276e+01
1.853933231801365977e+01
1.682869258946571023e+01
1.684607748063121591e+01
1.674654724659145444e+01
1.763034816452102405e+01
1.757292191005412008e+01
1.719269579956792882e+01
1.885883311703520704e+01
1.743085902909610141e+01
1.864064857578069478e+01
1.723497874732686341e+01
1.714733411443815569e+01
1.707234607403297844e+01
1.534787079819527555e+01
1.511345674151436214e+01
1.623972287558822458e+01
1.591497002050259368e+01
1.580545743084448773e+01
1.523659778372303464e+01
1.550069045600477402e+01
1.471761347914927498e+01
1.525951010663168361e+01
1.577141937526890025e+01
1.581500966867683644e+01
1.543822169809252109e+01
1.612346583023663982e+01
1.577617751989963324e+01
1.696201027423198227e+01
1.484031523511015038e+01
1.541369204959103811e+01
1.498526496184866730e+01
1.553658559888465618e+01
1.572133686896843585e+01
1.592842301861505661e+01
1.572489552547679992e+01
1.657054654256266701e+01
1.585406093884427392e+01
1.643913425431448871e+01
1.537148194263566126e+01
1.569702096298916061e+01
1.518505138984636105e+01
1.589056326457635393e+01
1.499436735422447597e+01
1.684132896837168047e+01
1.616821487848692129e+01
1.642720324623396522e+01
1.624158570381745648e+01
1.720843735962574428e+01
1.670918747380113700e+01
1.728982221835531163e+01
1.671906321535013262e+01
1.696467355856993464e+01
1.708683068344426204e+01
1.781906175699146289e+01
1.753978756687292417e+01
1.776231008260358735e+01
1.718560061029278074e+01
1.738987246114970731e+01
1.780276517037183126e+01
1.792384885033206388e+01
1.718398301347185253e+01
1.862096091089972205e+01
2.000220175488897922e+01
1.803186431314497540e+01
1.756994759507596626e+01
1.837172886475740441e+01
1.676966761656635185e+01
1.794284307330067918e+01
1.646043748670681595e+01
1.668540634210019391e+01
1.699838009310884956e+01
1.704639002941108217e+01
1.729672993311582729e+01
1.737027361440792816e+01
1.674872709417523708e+01
1.646391364528492929e+01
1.722553749093822262e+01
1.561343630133866611e+01
1.562047106567392163e+01
1.716973003470533854e+01
1.634968168940979893e+01
1.702437575130183944e+01
1.677201787053812154e+01
1.768341954838394159e+01
1.758976954518712077e+01
1.759605740977760036e+01
1.826611669217625078e+01
1.826237317326152265e+01
1.822367179548150062e+01
1.777649339595214428e+01
1.766303985905722485e+01
1.660054170894474623e+01
1.692027565737111772e+01
1.714806100913156683e+01
1.755188679019873277e+01
1.692765647706888998e+01
1.574041008529016139e+01
1.544533745324205753e+01
1.625533774495206885e+01
1.519881743322916279e+01
1.466600641705078267e+01
1.595017108216824298e+01
1.072933183862766171e+01
3.899643342191299489e+00
-3.819854573238714579e+00
-6.436519862394515457e+00
3.880914306599841268e+00
1.249639738901765185e+01
2.958602696780303631e+00
1.011624959661529566e+01
8.236345222432319702e-01
1.795210555448034739e+01
6.585379594997942121e-01
8.468255829848390093e+00
5.842834629414396019e+00
1.197807597779483757e+01
5.379986099759540785e+00
1.398100316917372687e+01
8.415529645634938660e+00
3.681673650331072523e+00
5.919911269468866699e+00
1.052478699438703202e+01
3.729013466457944403e+00
3.566826896696854377e+00
9.893059461829009749e+00
8.950408838912835563e+00
9.952657565225322855e+00
-1.249903302525861903e+00
6.456736337468613307e+00
8.922551059235432902e+00
8.210093278584356113e-01
6.731547978764481854e+00
7.268085252888017322e+00
5.673591493487694315e+00
8.057470867397936942e+00
3.716237457854706605e+00
6.291841339925742460e+00
9.572952142676385279e+00
1.043842477810197167e+01
7.468766890339226805e+00
5.024845587252140255e+00
5.302706094745492038e+00
7.649430377592760344e+00
-5.748763818159829952e+00
6.126320206365294396e+00
3.767000148191860909e+00
7.350594819271891289e+00
3.769883406350841071e+00
1.581002876905909460e+00
-4.992562114652507432e+00
8.643908047105979264e+00
7.087352176252139202e+00
6.262422200059425847e+00
1.602893204863535814e+00
3.028637721187465104e+00
-4.417148519172950927e-01
2.641066578745299154e+00
8.984927746702098261e-02
5.114459821775533044e+00
4.054270563846856135e+00
8.901151419961008671e+00
8.050918455919784833e+00
5.022952025342286575e+00
2.904548182755316788e+00
1.264802645317959851e+01
5.102512555556292462e+00
1.590261553811416384e+01
1.003756589235596053e+01
4.762262502295553368e+00
2.152435051292481916e+00
1.106527759436249170e+01
-5.661498090097261127e-02
4.786528750598847637e+00
-6.179039323124815297e-01
8.799042130744613388e+00
-5.333501176945807387e+00
6.040958518562037582e+00
3.599660108079273613e+00
-5.862854097068783688e-01
4.334977089509344239e-01
4.460175313720974088e+00
-2.062812513018954519e+00
9.285903557668362396e-01
-3.636014005035494989e-01
1.931232356291046059e+00
-7.923334797080091363e+00
6.494622227314238216e+00
6.699050826220966925e+00
5.549109888119980738e-01
-1.301058039493678820e+00
2.439023093836689249e+00
4.274060282727537796e+00
5.536179995565413847e+00
-2.313454483133411621e+00
-3.068673681506273176e+00
-1.248822703983798910e+00
1.377882516533272650e+01
9.749647307002753394e+00
3.881801870702942026e+00
8.680372407939964674e-01
-4.660683634686238364e+00
-2.938455595329492631e+00
1.387957768675437187e+00
3.380891241416739135e+00
3.939993399689551978e+00
-6.393201695478553326e+00
5.916755136875532450e+00
-2.700284125416808401e+00
1.981263046578291664e+00
7.371420259576543899e+00
2.892927340807664116e+00
1.380072085638394341e+00
-3.137608177101651741e+00
-2.493923188698433435e+00
-6.719205964436589795e-01
-1.929321509076654451e+00
6.240517955768993374e+00
6.444664296118938651e+00
4.060682686438742195e+00
3.154106522457338357e-01
5.614040184428988667e+00
6.948516582700320576e+00
2.808876309778190361e+00
7.920006934821752331e+00
-5.722163235064532394e+00
6.629492963505078329e+00
1.234638073729034335e+00
-6.669677133292363891e+00
6.180110539364877198e+00
1.731842436283559827e+00
-1.680297194346029421e+00
3.175009672778609016e+00
-5.869912024231902059e+00
-9.105009739429501536e-01
-3.123647012808167034e+00
-4.383952971413389577e-01
-6.225330480058570259e+00
-3.335336472476591041e-02
9.828010017943149990e+00
1.749767763763038886e+00
-3.239652550857978319e+00
5.787887007876699741e-01
-9.364302915169959718e-01
-1.565571609246639184e+00
3.880425770024366727e+00
5.584705256351344183e+00
2.738913295616110410e+00
-4.927098465999397270e+00
-1.253052345585503602e-01
1.343554209129175447e+00
-1.284443910469450500e-01
8.932657448801698763e+00
-4.474544927961654928e+00
5.214170664011687606e+00
3.111198381571990357e+00
4.870526882458378282e+00
3.537358537358445965e+00
-2.477881714071081376e+00
-6.028032607400766629e+00
-3.532827012954502521e-01
-5.797198907429005565e+00
-5.798915384050800093e-01
-3.289672915619753724e+00
-4.876298113341949403e+00
-3.466863435969287366e-01
2.315727781280784825e+00
5.668597681262161458e+00
1.325638706318219118e+00
-1.670566177029109589e+00
-8.621829476702442818e-01
4.215362861435574260e-01
2.314141253315955105e+00
2.961004172935168821e+00
-1.717624346350340225e+00
-3.173680914276224119e+00
2.612987940088784100e+00
-5.316032605521189502e+00
-4.030371335272909583e+00
-7.564103501382315464e-01
-3.179702597372032979e+00
-5.256252704319397395e+00
-3.432532671537833480e+00
2.411457091267790176e-01
7.263292260893309482e+00
-6.175064913366986374e+00
3.171829939945411514e+00
-3.790309736050107681e+00
4.293701239941327685e-02
5.290141420271674555e-01
-1.238155167854124272e+00
-4.943021297696851946e+00
-1.553248651036208905e+00
1.639736504282979901e+00
-4.227197231728049509e+00
5.172201616378748312e+00
5.226017463296782850e+00
5.781078410174573357e+00
-4.445758487308193452e-01
6.375417921337096061e+00
1.217358070776410450e+00
-1.830203058020595908e+00
-6.775651030275229303e-01
-1.318175704705634832e+00
-4.622288849202758954e+00
-3.157590511083694373e+00
-5.528715373809554023e-01
2.526208139399143793e+00
6.279932550995344087e-01
-4.882925577905394832e-01
-2.012861711540336884e-01
-1.459253328979043474e+00
-8.431818218787148211e+00
-3.949655105921285880e+00
4.758997991761773072e-01
-6.440682121399734505e-01
-6.015791803160503548e+00
-6.980989259027854388e+00
-7.180553667094390136e+00
-1.886876290547706780e+00
-1.037344116828988128e+01
3.560690630208320329e+00
-9.455290930342940214e+00
-6.971367812415961041e+00
6.621564512811195513e-02
-4.125510223066020110e+00
3.752346206332156875e+00
5.055786623074364883e+00
1.099774507852632421e+00
-4.379846682379472611e+00
-8.970518450889857220e-01
-4.424797896220114879e+00
3.613086399759467326e+00
-9.707210617949971976e+00
-2.468099122617078311e+00
-9.986092053968462778e+00
2.972730241453539257e+00
1.583479162369183957e+00
-6.212845092761613230e+00
-1.470983837563482055e+00
-6.978567318069490710e+00
-1.138134684022501020e+01
-1.831961702890994692e+00
-4.582695513102894580e+00
-2.537352069478727934e+00
-5.806563401620200793e+00
-5.814850532827002816e+00
-2.602295294467686926e+00
-3.623166666327322094e+00
-6.550981244704322748e+00
-3.895029221808005149e-01
-1.320706396994467902e+01
-2.178509550869546008e+00
-7.460039384057035150e+00
-1.119703184541984164e+01
-1.553416470097035429e+00
-6.365179760753265192e+00
-8.629671753730139727e+00
-2.108659413087552004e+00
-1.301112495874914288e+00
1.068310067619978598e-01
-8.844351929954546776e+00
6.940135754011796720e+00
-6.117219810264529656e+00
3.232189047922232827e+00
-5.141659545581576118e-01
-5.410003339857655469e+00
-1.676994625822882501e+00
-8.658768432672943050e+00
-7.895700077460880983e+00
4.367824909217112861e+00
-1.107162196762296880e+01
-2.600393933444831163e+00
-4.233571233003440959e+00
1.703933304101906243e+00
-5.930837309828822512e+00
-4.198471278186366007e+00
-7.794250073548019131e+00
-2.702636688776455465e+00
-9.887868609810137599e+00
-1.029169503450312462e+01
-6.107117054897249098e+00
-3.536474069786392782e+00
-3.443513664457668266e+00
-8.046357509007171060e+00
-6.729016075562262778e+00
-2.843795862050153556e+00
-1.186657618082526788e+00
-1.188702161246134104e+01
-4.523483618415548690e+00
-7.789310736303533211e+00
-9.749494945402275903e+00
9.688714903070166917e-01
-1.459735525669113798e+00
-5.458061327289354558e+00
2.076185404599651285e+00
-8.657274482188567433e+00
-1.916863792927284260e+00
-1.149398115888477179e+00
-9.075584350442476023e+00
-1.283461475833386700e+01
-5.087605419833725939e+00
-8.313685519241083455e+00
-4.677445610033465151e+00
-3.669055183577360602e+00
-6.340568127259760267e+00
-4.140829960000150578e+00
-3.934805417452639453e+00
-4.340246014261816221e+00
5.225122289819518429e+00
5.577080543801333778e-01
-8.761138443041678769e+00
7.430646565596960018e-02
-6.455513389815083158e+00
4.619007354959967948e+00
-7.081667637278218130e+00
-5.173877764008292246e+00
2.617749935671287442e+00
-3.650904854742351713e+00
-1.505073116928397070e+00
-1.183092715786893834e+01
-3.879133727343935689e+00
-1.061234430546540874e+00
-3.233842962136051380e+00
-3.380414482441092883e+00
-6.742488514587780202e+00
-1.717070516265018387e+00
-6.691017164170466991e+00
-1.355595512722188900e+01
-8.765236621222996405e+00
-6.386299065368382877e+00
-5.235465215504026659e+00
-2.173175120733529919e+00
-4.172653609629033866e+00
-2.628036249094753973e-01
-7.345689712719156717e+00
-5.665468135467319755e+00
-8.999010869102418653e+00
-7.875763218443331048e+00
-7.565121150029519015e+00
-6.491666149579528700e+00
-3.888382258418944470e+00
-8.625407229585540847e+00
-4.932176580489811002e+00
-1.025742875051142811e+01
-3.633545277371098337e+00
-6.496051719867825369e+00
-9.871163045504179223e+00
-7.002042823902557167e+00
-1.137623301663869668e+01
-6.877136584446480683e+00
-1.677769272244231757e+01
-1.416221673699923755e+01
-8.489585070599938277e+00
-1.050924781194515845e+01
-4.319651832701380201e+00
-2.555312964232474116e+00
-9.701341841611093031e+00
-8.188417638626230399e+00
-4.032158237009352497e+00
-7.741737143266246512e+00
-9.460279482204105861e+00
-7.937047907929058788e+00
-6.293311409944281287e+00
-4.076627860744487464e+00
-9.423642753109923831e+00
-9.871779592835805417e+00
-6.378884521497946380e+00
-1.615080781236292395e+01
-3.419675623687508548e+00
-9.197644613396757762e+00
-1.052517636760077302e+01
-6.833443876254676752e+00
-9.663158827238005344e+00
-5.167749558838382384e+00
-9.142346623863504718e+00
-5.163967930199964584e+00
-6.102537214139227117e+00
-6.544510572386252889e+00
-8.032967454889021752e+00
-1.079387683362482875e+01
-4.497877495912520729e+00
4.580058890183670961e+00
-1.011094798924619553e+01
-3.573362193279391086e+00
-9.527104953891369021e+00
-8.152987031166141207e+00
3.884334088983873556e+00
-1.022526546666257641e+00
-3.928864097384298759e+00
-7.057035102265603044e+00
-5.052866673797659303e+00
-7.811457366915901090e+00
8.975767351692591767e-01
-8.358990910744756420e+00
-3.416205508560129722e+00
-1.316826407199256588e+00
-6.234311492910106445e+00
2.087088104789236731e-01
-2.289113907585241137e+00
-1.367419465010514035e+00
1.278306599372848629e+00
-1.106017685233382863e+01
-1.894744529170217628e+00
1.183580562572934536e-01
8.929908787880047605e-01
-9.428449347361086197e+00
-1.243007750744375350e+01
-7.022894777082570705e+00
-7.144678783972874925e+00
-8.710022114256799952e+00
-1.213957738055122881e+01
-6.198198165668670434e+00
-1.204542046898904495e+01
-8.767867563942393083e-01
-5.795337469202531011e+00
-3.108921759593528567e+00
7.484069124103236881e+00
-1.013193340444246182e+01
-4.690711569083600097e+00
-7.143741647879795487e+00
-6.745578290548959188e+00
-5.541600326969197354e+00
-4.428555923862743882e+00
2.957810754818059884e+00
-5.690396422286311484e+00
-9.100911120316611758e+00
-4.197536043444234366e+00
-8.257359564501982163e+00
5.396596500199695612e+00
2.366086238946134568e-01
-7.679083842425942219e-01
-9.233340675895183480e+00
-1.414928333675235450e+01
-3.936219338252405997e+00
3.847856021571793850e-01
-3.960185005245184353e+00
-4.179339640643336296e+00
-5.627558535763859116e-01
-5.323477291748273998e+00
2.766552113018809322e+00
-7.155620204221010638e+00
-2.928049237937212723e+00
-4.667411228044490379e+00
-8.660087698945719836e-01
-3.192435908212282403e+00
-7.571829412171597440e+00
-1.169247301762241786e+00
-1.627542489023939165e+00
-2.061637410000778203e+01
-5.167108158999434764e+00
-9.345409575323605722e+00
-7.715953032254981636e+00
-1.002241871352897284e+01
-1.225773996363799911e+00
-2.010769305905072635e+00
-7.477343908103708969e+00
-1.001511666889653718e+01
-1.209354329179766374e+00
-2.576526202079585381e+00
-7.404277539452960077e+00
-5.914071252748034802e+00
-3.164313008846267650e+00
-4.990682791594076129e+00
-3.348840414934786125e+00
-9.854727247825323388e+00
-1.170174665327085251e+00
-1.266902605347533672e+01
-5.792058862716744194e+00
-6.844001131759649859e+00
-1.298493057901260883e+01
-8.428002820675489559e+00
5.768524856749814855e-01
-1.078491086560359236e+01
1.056877545969511001e+00
3.780677106707086121e+00
-4.220301849195374766e-01
-7.139482761862256055e+00
-9.460643430627662553e+00
-3.449292466784166233e+00
-8.271906992726837160e+00
-6.736330194025153872e+00
-3.248382779857115210e+00
-2.447790896502001434e+00
1.474762964299323853e+00
-1.098125301594308922e+01
-3.804607076289353351e+00
-4.793876649162638337e+00
-5.326752756245476839e+00
-5.266242383477798938e+00
-4.067965261631286467e+00
-9.764799666023698421e+00
-3.664229813991495277e-01
-5.309512942561513960e+00
5.492544134189131233e-01
-1.413321782026994544e+00
-1.234680887349094114e+01
-4.907875590938302501e+00
7.103426140468692473e+00
-3.876257358392338759e-01
-4.188130390685767424e+00
-4.884670263958126313e+00
