-4.354702666597662364e-01
-3.259694990131577486e-01
2.265218059920470761e-01
-2.588865836013781729e-02
5.529129517279300909e-01
4.471695717310532059e-01
3.051826136108299892e-01
6.779034732046682610e-01
4.596149605103031499e-01
1.877863120121959772e-01
3.716644654798756942e-01
5.482854014136627763e-01
3.387570644983172730e-01
1.844232595286444676e-01
-2.949068130512347286e-02
4.000690341011566842e-01
-3.760208744205500997e-02
3.337189645722322962e-02
-3.911647837577039155e-01
6.131045851438715610e-02
4.184373823420737826e-01
1.977486924800546109e-01
-5.885481939212680036e-01
-3.168580554371808744e-01
3.333566684666175450e-01
6.559617264771699929e-01
-3.086850202445092783e-01
-5.885132316289578558e-01
-7.825540862486980442e-01
-5.869048005537711443e-01
-4.090990338839238794e-01
-4.959502867634254519e-01
-5.403533263134674414e-01
-8.190483452130830067e-01
-7.772726448876706717e-01
-3.585536636441989389e-01
-1.433259037742048991e-01
2.163802301834784614e-01
3.494928993756220570e-01
7.419580875525235708e-01
1.073270014368670422e+00
1.004747709149555579e+00
1.377681513886272135e+00
1.207133693652056028e+00
1.337555576882709207e+00
1.453006981932633224e+00
1.718215613165717359e+00
1.377986310034265749e+00
1.553367955851678639e+00
2.275175765821597196e+00
1.845007977328501747e+00
1.612458947969167333e+00
1.491500827854940869e+00
1.604904439072859956e+00
1.987858263365904765e+00
1.866190263063293830e+00
1.725824900205794599e+00
1.975716657483122418e+00
2.054405784148574998e+00
1.986778653310059317e+00
2.247424139028503465e+00
2.411898981337416981e+00
2.385761274494158979e+00
2.019155833260034782e+00
2.380919360501060122e+00
2.673076886613197978e+00
3.128781238658417951e+00
3.242843283238014962e+00
3.670275584010525449e+00
3.141276588125465175e+00
3.265755243525294560e+00
3.294303957002203020e+00
3.761316342208372632e+00
4.098711673707324366e+00
4.492783269648332301e+00
4.746848650240245604e+00
4.829057523861740364e+00
4.839682727057335043e+00
5.012709205274734181e+00
4.962817418605691699e+00
5.213422645235000097e+00
4.909989288484619685e+00
5.342109258937685290e+00
5.845515131757969662e+00
6.576026051075956502e+00
6.531285631265970615e+00
6.512916804687118422e+00
6.186609211975026668e+00
6.136951159456651261e+00
5.891100551584534273e+00
6.076267565608306498e+00
6.153597794105545304e+00
6.321040308213655479e+00
6.766971575170261488e+00
7.176231308588183921e+00
6.968817376039497802e+00
7.115918880125219559e+00
7.296854687938791884e+00
6.863002819110007202e+00
7.182149998072022257e+00
7.955497089128431121e+00
8.322055086919576183e+00
8.382945850658389375e+00
9.122701018465193101e+00
8.746739757189159192e+00
8.942900435878694765e+00
8.832134320439660513e+00
8.649880899899541120e+00
8.229859238493858697e+00
8.272605129590651529e+00
8.503214650582354039e+00
9.047837466844516285e+00
8.756206235118671799e+00
8.997829576372463833e+00
8.825444889072024068e+00
9.244971290054975199e+00
9.129467868582475276e+00
9.140988318686655845e+00
8.544348894153166896e+00
7.754701820171745474e+00
7.903629671734097251e+00
7.837326582828072929e+00
7.912269424129826589e+00
8.150067863791644385e+00
7.803961699057079926e+00
7.936189548413582706e+00
8.106181575989241495e+00
8.533339754394841492e+00
8.199611658103609813e+00
7.913912329137561485e+00
7.977133058087397366e+00
7.489962877168355959e+00
7.797905157651823238e+00
7.404161892180992410e+00
7.290319974212009058e+00
7.024078154113905015e+00
6.784895732537099988e+00
7.139696714477111072e+00
7.359900301818480983e+00
6.957239626004639632e+00
6.624959353855012445e+00
6.498983111433283000e+00
6.321513507131445664e+00
6.248807269611178050e+00
6.401282327731291133e+00
6.493022837721347251e+00
6.333589985098506681e+00
6.090085653522455011e+00
6.194820529050757862e+00
5.860135924800265350e+00
5.923897745056087238e+00
5.601634427680400208e+00
6.183104680006583642e+00
6.260887862739052068e+00
6.192010343467532429e+00
5.814867407392997123e+00
5.464000244522573269e+00
5.394700559637529480e+00
5.443110840830295949e+00
5.533231668340723886e+00
5.742863856875373152e+00
5.557725487355167360e+00
5.482126093169872760e+00
5.569946451517472141e+00
5.346806102652213788e+00
5.490967140363382626e+00
5.095393352451266011e+00
4.976853401103983110e+00
4.560794158863929582e+00
4.786763592205723228e+00
5.084324378990547899e+00
5.282511666587159205e+00
5.308879611412264943e+00
5.473522161294415156e+00
5.608744918789748901e+00
5.830856289624397171e+00
5.719451117714070776e+00
6.350589247377866009e+00
6.528609636310783948e+00
6.249051718038105108e+00
6.382648423553002992e+00
5.877324562176470479e+00
5.707931856565861217e+00
6.111089868282861381e+00
6.157209111680186808e+00
6.609681713385201718e+00
7.363471658923679719e+00
7.980663707873629775e+00
8.582943988400545621e+00
8.963800904333520947e+00
9.206090618136004267e+00
8.983217176421412375e+00
9.006066087530948394e+00
9.638549149086816925e+00
9.367482923185560750e+00
9.334014953876987875e+00
9.467548922548788326e+00
9.573352978368475874e+00
9.468185967649716872e+00
9.762551816649644110e+00
9.961563100455750330e+00
9.579022093666742066e+00
9.492433029437817638e+00
9.667213261447857420e+00
9.685271591838093386e+00
9.185791271770785471e+00
9.188566482813010694e+00
9.075502336428840522e+00
9.159532695015835557e+00
8.830804702290359742e+00
9.150029182130431593e+00
9.109840821827422275e+00
9.468695844445488063e+00
9.462078035038031132e+00
9.485481484085555692e+00
9.106850902596962172e+00
9.615199897289764763e+00
8.984525862183218692e+00
8.742693600668916432e+00
8.443669962728110434e+00
8.629096721375304924e+00
9.081555093146988611e+00
8.771584984476708868e+00
8.789073715952698151e+00
8.677423625099264015e+00
8.292314727736901148e+00
8.303427364996688098e+00
8.038100628621146271e+00
8.094883040006104480e+00
8.063817286416751884e+00
8.191502432026149805e+00
7.741380678133221949e+00
7.396652937081448442e+00
7.022097790290581898e+00
7.183247636083923027e+00
6.760125456373822672e+00
6.818400197522049844e+00
7.432280494351128475e+00
7.618741406792634230e+00
7.830244847763329297e+00
8.296493471972544498e+00
8.350843215254732499e+00
8.209570093400976987e+00
8.124544898149688166e+00
7.588298804187009416e+00
7.328181664247518157e+00
7.607687370511375669e+00
7.514068782803935420e+00
7.213298357156516794e+00
7.407985591305507711e+00
7.004531571757214969e+00
6.816258231499183751e+00
6.424687559828169192e+00
6.511128165781720156e+00
6.568881444800989122e+00
6.672538819118117637e+00
6.644167282413731890e+00
6.343185200995224093e+00
6.681393707943676930e+00
6.568852878512595694e+00
7.114163374288540176e+00
7.231363122745719352e+00
6.878032234235968545e+00
7.492534848731014385e+00
7.845120135447366749e+00
7.617245459112188755e+00
7.454955331105380445e+00
7.201664254529656084e+00
7.416280134861689355e+00
7.256319852290031847e+00
6.708824907399098869e+00
6.723614104540772018e+00
6.481173192974217123e+00
6.717653331791596294e+00
6.766249344302845081e+00
6.752867227382379767e+00
6.863985441791307096e+00
6.526774832935030801e+00
6.345545344237217833e+00
6.408644114068470010e+00
6.378325122664569413e+00
6.696461930336408130e+00
6.932398770429646362e+00
6.851246489948367824e+00
6.940857844327219084e+00
6.905773635077044226e+00
6.912422567291145903e+00
6.573215909015445391e+00
6.468517968446461097e+00
6.009330554658760093e+00
6.232733756859632379e+00
6.429477184591974037e+00
6.997368615139775372e+00
6.739448708337913985e+00
7.490629801969864054e+00
7.390159107440777753e+00
7.296397613530841042e+00
7.200374446012037133e+00
7.238938483637059385e+00
7.137645965032046291e+00
7.513634003945523610e+00
7.512404063150619038e+00
7.828705594328968509e+00
8.078667317203478859e+00
8.282532546724093336e+00
9.003117732468801648e+00
8.858394883834083799e+00
8.708049465956234414e+00
8.464602758918017500e+00
8.899446179221554232e+00
9.090904277529922695e+00
8.955751004889005884e+00
9.192666631273631594e+00
8.946871839037401131e+00
8.654243362794950656e+00
8.664617421668889818e+00
8.680123842726523264e+00
8.349216104780229131e+00
8.424191850410794657e+00
8.445630960068500670e+00
8.872783718545958820e+00
8.896070580818019380e+00
8.539936402591072451e+00
8.586435772222619889e+00
8.221890793697019362e+00
8.096326236393528220e+00
8.523789736988495847e+00
8.553987892830773987e+00
8.981348168932008491e+00
8.609445481069116113e+00
8.797903803412573609e+00
8.776674948132544785e+00
9.242920747078560595e+00
9.279499655640782052e+00
9.411898425582206684e+00
9.225077899416620042e+00
8.881768237569032109e+00
8.756276657126294438e+00
8.992182369871727587e+00
8.418886704381286279e+00
8.146892584884660948e+00
8.318660348219470535e+00
8.289204876000120237e+00
9.017937426868451567e+00
9.122699806242696496e+00
8.820325660016498759e+00
8.961658006143821353e+00
9.020935803037035683e+00
8.973660102105712966e+00
9.499544922767441335e+00
9.863873131737406652e+00
9.723288787787096155e+00
9.103048139845355990e+00
9.406999145435920084e+00
9.306782700368051664e+00
9.557123609736214220e+00
9.616137908420611780e+00
9.404367194423914000e+00
9.006993932274983905e+00
9.400132340036046585e+00
9.145698462650358351e+00
9.355491730726425814e+00
9.271240556134506150e+00
9.303408194861276570e+00
9.797050448373802567e+00
9.897340066366401956e+00
9.605650227925233153e+00
9.432768294488145244e+00
1.036577835036224826e+01
1.028872108022268783e+01
1.023692461410224652e+01
1.006455706426376651e+01
1.012338022146300354e+01
1.065820245911301534e+01
1.037486422439457812e+01
1.041049041562715161e+01
1.029821413277204023e+01
9.789036652612123746e+00
1.023353029020973182e+01
1.038241864557227423e+01
1.070515095725512289e+01
1.041529143582839900e+01
1.047931286445271226e+01
1.060087666074885782e+01
1.088170259621722913e+01
1.090722847868381251e+01
1.111880876708274002e+01
1.139037563709338841e+01
1.173863041219377479e+01
1.213192409584899067e+01
1.262667292861680224e+01
1.216854055368666998e+01
1.166829507184469961e+01
1.109540475793613368e+01
1.103740256176640244e+01
1.154535744757598081e+01
1.166660056693906888e+01
1.168118671920785268e+01
1.138861227891735517e+01
1.217881812992580315e+01
1.241817295559302536e+01
1.219568936736987297e+01
1.241428413003344033e+01
1.183542751393734704e+01
1.212181481660015336e+01
1.223306035382790213e+01
1.221776070523806368e+01
1.275611456020084411e+01
1.271803868876715704e+01
1.337437421223486211e+01
1.282942255378012852e+01
1.204226229960843497e+01
1.141887957567216283e+01
1.064600370715930744e+01
1.050671388785056592e+01
1.057515742415660753e+01
1.060774509144338928e+01
1.070884587540829536e+01
1.034692122736496778e+01
1.019343681385897327e+01
9.810033044846566241e+00
1.032325731159167326e+01
1.065278767308533325e+01
1.057634348883897069e+01
1.071546307451833435e+01
1.066500771111235579e+01
1.042689842910571052e+01
1.052085488200666319e+01
1.079891727594875306e+01
1.038872736965496557e+01
9.845997535078717888e+00
1.049664435695805764e+01
1.061514015358133101e+01
1.103253033333761302e+01
1.169742410978774672e+01
1.164344065800031380e+01
1.136061196295399967e+01
1.104158144407311859e+01
1.093852579013765869e+01
1.078499308295489278e+01
1.081596120654293891e+01
1.070961982748624308e+01
1.103355993388583123e+01
1.124790538459797951e+01
1.144073723017914368e+01
1.158337281447450273e+01
1.153223386512646798e+01
1.196481478940924603e+01
1.208944739531385970e+01
1.194716419549931175e+01
1.186149871161078195e+01
1.213193014939678527e+01
1.211825011898341842e+01
1.223217891907011001e+01
1.256119036449291038e+01
1.274694308116578512e+01
1.312876290971338022e+01
1.316858846830235841e+01
1.302380473506804037e+01
1.287779475393868189e+01
1.302843896923941003e+01
1.335887332360279167e+01
1.356579669128151977e+01
1.330618396836345241e+01
1.270532112680232117e+01
1.307253712108612476e+01
1.261832640101141223e+01
1.259823105738484372e+01
1.199620997062294947e+01
1.187789507584614590e+01
1.200580002621005882e+01
1.220286301709496435e+01
1.170457043965966548e+01
1.170885809520560272e+01
1.160130302691303328e+01
1.150101373087226797e+01
1.184630007909792404e+01
1.152293421481355118e+01
1.146675403152755202e+01
1.168939889769567131e+01
1.191802385073676085e+01
1.197432271297466500e+01
1.178237727020894887e+01
1.252189745147959421e+01
1.269784040662961999e+01
1.272917767978248804e+01
1.280808536952596555e+01
1.277471568039559457e+01
1.305198542109764581e+01
1.240714954536280601e+01
1.219869927308172208e+01
1.233285421000687698e+01
1.223358772394463934e+01
1.225867173036543001e+01
1.177649232251023825e+01
1.128606962176565531e+01
1.112774471116279429e+01
1.065505607008351241e+01
1.039640245816278963e+01
1.020034658330564170e+01
1.041631698477089962e+01
1.042001201208691974e+01
1.043438442426684354e+01
1.014439990839166228e+01
1.049753600181192859e+01
1.043025388749530791e+01
1.061494217750629687e+01
1.032843149898663704e+01
1.014087396902835003e+01
1.053756758482082212e+01
1.035097700328843295e+01
1.063502317703563271e+01
1.104230074511102977e+01
1.120947292045671695e+01
1.120189077589358462e+01
1.127611175619712824e+01
1.130430801045736366e+01
1.149971677091916966e+01
1.128680619615077418e+01
1.139314310716321010e+01
1.138155409164423482e+01
1.110047725598830581e+01
1.087805215318653040e+01
1.114657980552575545e+01
1.097950861842600290e+01
1.092740326341024648e+01
1.081986604555535258e+01
1.037782050425989055e+01
1.046037890624734956e+01
1.022925700446286257e+01
9.828587168988061507e+00
9.528731662662677238e+00
9.403032475819147251e+00
9.143241153956530809e+00
9.163430882436941260e+00
9.171314710227497002e+00
9.447722632125223896e+00
9.405404268586991634e+00
9.476728649191272780e+00
9.371651895040656655e+00
9.250174965225165025e+00
9.214074086472486158e+00
9.484959772357759888e+00
9.347365913043113039e+00
9.448205737801457005e+00
9.431232792623296390e+00
9.494539400558156927e+00
9.795747801920645870e+00
9.729027770449683032e+00
9.681847799919815145e+00
9.315760275019869141e+00
9.323761457673660047e+00
9.503772791668923858e+00
1.005517150845189178e+01
1.016065317777041344e+01
1.043474035242535969e+01
1.006075433040710543e+01
1.007221415556814392e+01
1.018111173609049480e+01
1.025201670748124627e+01
1.029130823206050671e+01
1.022925763536824029e+01
1.038697778658122672e+01
1.048281354774688445e+01
1.068577769427390223e+01
1.088878436998678723e+01
1.119609239462248418e+01
1.092811732406758374e+01
1.054959498855996181e+01
1.067063637529765074e+01
1.080756427488175042e+01
1.066551937306089393e+01
1.082487920422617300e+01
1.010437601066221625e+01
1.006074883248445317e+01
1.012518223376613413e+01
9.572898137308385458e+00
9.659193161648721215e+00
9.889472547971307037e+00
9.598116747289434869e+00
9.091534199078576961e+00
8.955722929629731155e+00
9.071989232037614315e+00
8.663270019822300938e+00
8.654864848780874809e+00
8.350288976708522881e+00
7.823355081245604303e+00
7.752814454127300969e+00
7.645361060584980883e+00
8.250621729135595217e+00
8.288049688730760423e+00
7.987009226116280836e+00
7.519193765454733835e+00
7.601236407686244867e+00
7.658493914619909582e+00
7.377143506556875785e+00
7.323619931677825434e+00
7.768684277302556396e+00
7.755542180674217967e+00
7.424981756432385893e+00
7.083514283837816450e+00
6.973702787007108661e+00
7.398796987794246327e+00
6.825248293298204594e+00
6.435682137329392205e+00
6.674425963987768107e+00
6.297709717040249622e+00
6.138410196371785865e+00
5.938008398637488305e+00
5.258224774809772128e+00
5.701547653509995151e+00
5.569409168452208014e+00
5.853011658918993554e+00
5.528542183900768237e+00
5.383849176746723586e+00
6.063178589678573260e+00
5.984257306356334460e+00
5.969731049337737794e+00
5.758911229793041819e+00
6.077023655335190178e+00
6.137707018647887480e+00
5.674642338087683591e+00
5.395537621556876218e+00
5.033289052152862375e+00
5.105051303709031707e+00
5.247180598029167697e+00
5.186783704244303905e+00
5.103526359555832670e+00
5.331292211523285474e+00
6.130441264508197818e+00
6.571939556082553757e+00
6.513826493336540402e+00
6.135824783663388793e+00
6.367241632711181154e+00
6.770225671307002813e+00
6.189948425472442395e+00
6.420694585259038689e+00
6.222245646635597538e+00
5.923859168612366055e+00
5.914341524376951043e+00
5.911285141946234667e+00
5.744952032136624531e+00
6.039351768681407329e+00
5.846451170833933730e+00
5.452181379655081983e+00
5.684692913217016752e+00
5.770891261220198132e+00
6.099504478915053873e+00
5.906073716392179485e+00
5.925942147418650663e+00
6.270765257238164914e+00
6.608703403776404528e+00
6.097444943588326005e+00
6.057750523301322687e+00
5.606839711897587009e+00
5.203882760702835952e+00
4.926286724851003385e+00
4.345297755156918740e+00
4.310978459900000281e+00
4.122149526132733222e+00
4.001276597588732109e+00
3.973759981199987745e+00
4.149163405426684825e+00
4.116969991236214099e+00
4.377025720532705222e+00
3.978312085405653065e+00
3.951311337705546656e+00
3.785275684650402095e+00
3.548607904864991447e+00
3.820732531702674351e+00
3.290792993981570547e+00
3.468145462376767352e+00
3.736047534793617952e+00
3.549793602706403206e+00
3.315487122366036044e+00
2.783684159935257973e+00
3.165879119261281183e+00
3.093149855329249576e+00
2.981779431864512109e+00
2.565754363885142997e+00
2.906308920744834268e+00
2.821196079289970626e+00
3.310163508057870629e+00
3.566602367439798194e+00
3.825792081735960082e+00
3.994449261005054819e+00
3.934875510558767608e+00
4.200488278700511557e+00
4.508375033061589932e+00
4.511681947484801114e+00
4.601131318633015610e+00
4.641873621949923923e+00
4.612786618645448478e+00
4.631694513200783625e+00
5.297982246197473266e+00
4.906293703666935180e+00
4.506460203544062182e+00
4.327893498575326348e+00
4.191679460969544913e+00
4.199790989498362492e+00
3.612822868647242114e+00
3.564789386629828805e+00
3.481845191310656507e+00
3.687500441825232400e+00
3.788730795831293463e+00
4.106412922061300819e+00
4.381674813568304572e+00
4.580871732745099401e+00
3.889058003736082014e+00
4.290078678764602138e+00
4.186141537357787712e+00
4.056955737633240133e+00
4.085731203918854249e+00
3.802766626645742054e+00
3.435991251209915109e+00
2.913388104270904222e+00
2.787886412270623726e+00
2.689069209975246011e+00
2.748528004184848328e+00
2.744685082160957634e+00
2.626439665448179639e+00
2.856948339114224744e+00
3.122723822513885583e+00
3.220955418435325956e+00
3.413583696224713471e+00
3.127183516684320708e+00
3.511325791559783305e+00
3.902247614206752147e+00
3.379733486119737673e+00
2.883137907582394632e+00
2.730200807076685443e+00
2.685484252031987040e+00
2.419282271145555274e+00
2.418191151825447971e+00
2.134873917165432733e+00
1.715534756764770519e+00
1.334748814020163099e+00
9.280611198838945031e-01
7.834316868639931153e-01
4.113455413646227576e-01
1.565540423971921724e-01
1.993638692957613867e-01
3.141226002466392941e-01
2.122733265304833639e-01
7.777358249950806490e-01
6.486045010515375520e-01
7.514510014130374449e-01
1.024857618201919340e+00
9.192945579591366156e-01
7.099845898487159301e-01
7.504709636395678896e-02
5.581875352909781984e-02
-2.697383573551021541e-01
8.905565096364531641e-02
-4.477937306560894060e-01
-5.325615462607621309e-01
5.253712522367429694e-01
5.870216151398677251e-01
3.415568806634059484e-01
2.700798312615334540e-01
4.962345544354553883e-01
3.134335202999865011e-01
7.248560125563705547e-01
5.406937153519346673e-01
2.471792859520633434e-01
4.729350082526890819e-01
4.773212401795876025e-01
1.001912231467466885e+00
1.030491316907597765e+00
5.330695299827519218e-01
2.862181720189408418e-01
4.182520058984713351e-01
2.275553806434593707e-02
2.137486444450445722e-01
1.931184337140305074e-01
2.341836313032346073e-01
5.453692042431654285e-02
-2.606405864246934545e-01
-4.089853326205918904e-01
-3.926781895048464532e-01
-1.539628847902404229e-01
-2.771276251906315546e-02
-2.944597861757575208e-01
-5.197305074001392633e-01
-7.138170429132812966e-01
-7.749318645941216666e-01
-8.575900833023953895e-01
-1.086911339563249923e+00
-4.106428974122025011e-01
-2.513893947264472795e-01
-3.026977253427343140e-01
-3.020299693378835082e-01
3.985285588181568528e-01
1.619136914096048208e-01
2.601164615376918565e-01
3.816511644535725556e-01
-2.223884093939043072e-01
-7.222030223173830921e-03
-3.391076958118096618e-01
-2.462783248974775296e-01
3.605183354730036593e-01
8.637425135415299771e-02
4.668105766645975208e-01
2.037085099569208579e-01
-2.894860612359517749e-01
-1.431984237134792670e-01
6.725257099575295827e-01
2.850813054178443773e-01
4.769320522727633627e-01
6.370715546632743642e-01
6.466074796523312296e-01
2.831638669175491896e-01
3.113591503211249889e-01
1.705502328602247208e-01
1.105078562476585480e-01
-9.517310064568132444e-02
-3.823486097649487769e-01
-8.812112470700048661e-01
-9.803298370997640676e-01
-1.433167357057878011e+00
-1.465565216908512935e+00
-1.944470427102686916e+00
-1.448301991720359894e+00
-1.001976260159656018e+00
-1.446612552749077851e+00
-2.077833498778290267e+00
-1.996057419802419242e+00
-1.852493421780730065e+00
-2.129896599757949538e+00
-1.979163933041834467e+00
-1.972358636810926491e+00
-1.456812384189131837e+00
-1.193137760423371052e+00
-6.297608436865067549e-01
-1.192847850222058081e+00
-1.519319534973591956e+00
-1.509668709727127300e+00
-1.548069091671711028e+00
-1.702687614296017227e+00
-1.649383630894572184e+00
-1.871225511238360006e+00
-1.744639403094699226e+00
-1.450552875587027168e+00
-2.127389725397685449e+00
-1.775889396364973116e+00
-1.463690270032534047e+00
-2.047053270191036223e+00
-2.256948258074240599e+00
-2.353047707810319356e+00
-2.741106073301446511e+00
-2.381156360128410920e+00
-2.329083755259300670e+00
-1.889459117438042401e+00
-1.624551494563641230e+00
-2.189572370022548675e+00
-2.241257726496963087e+00
-2.752508280764126791e+00
-2.589429009332213205e+00
-2.458025385515959282e+00
-2.462729696143375335e+00
-1.566914528573151388e+00
-1.567394738284227707e+00
-1.542473446480460808e+00
-1.853901268100883293e+00
-2.095723569786137830e+00
-1.738431148060885389e+00
-1.876447149648248214e+00
-2.266255958820434735e+00
-2.743275508788250328e+00
-2.397377172212232566e+00
-2.269665950889649508e+00
-2.690203912253390950e+00
-2.810171397666724413e+00
-2.600493233097403767e+00
-3.129287576165019846e+00
-3.180384441623146596e+00
-2.835053063061462097e+00
-2.850352425997009664e+00
-2.778883899587676343e+00
-2.588363544064267607e+00
-1.762359129770441957e+00
-1.784073532820459773e+00
-2.419806763671224381e+00
-2.068357754006494353e+00
-2.368884358280280544e+00
-2.331912408983453755e+00
-2.116706776765793663e+00
-1.752892817652837554e+00
-1.149866591794517889e+00
-7.409065006012589549e-01
-7.167320333763474993e-01
-8.266131805032050917e-01
-1.325697721763837489e+00
-6.822032145463512443e-01
-3.491764876928180050e-01
1.302605517142672031e-01
1.473779319638711394e-01
-3.794098985006841285e-02
6.817459245648442856e-01
5.575288113527118172e-01
-1.635044625372581439e-01
-7.303336501616221332e-02
4.684412533551171043e-01
7.818008057523015975e-01
6.481586285497580313e-01
8.603716535032656099e-01
9.065527640664594600e-01
9.515243497359268110e-01
5.112833075635290214e-01
7.048999135166961194e-01
1.366194334790997278e+00
1.675043908170345652e+00
1.803732992108731503e+00
1.707726770769409264e+00
1.943289614234561702e+00
1.688631452286035728e+00
2.166427248137302364e+00
1.957276892566178761e+00
1.821125036609591685e+00
2.142222899386095669e+00
2.048318676755771950e+00
1.703337937709390904e+00
1.746685447389850321e+00
1.611551070432230448e+00
1.635008506454370902e+00
1.135553501002211974e+00
1.303526719874155138e+00
1.482199270293891979e+00
1.778180088995321650e+00
1.904479646536303195e+00
1.063426288268928266e+00
1.512436580420662535e+00
1.456459673873259808e+00
1.656713620098759776e+00
1.381541634817752717e+00
1.472383080235179609e+00
1.333964216754049303e+00
8.293121881132836659e-01
1.051579691934946492e+00
6.567598183254983457e-01
2.439209353011438930e-01
3.801430931697760141e-01
7.693649093783533344e-02
6.573412336662900479e-01
6.904051594552828020e-01
4.266888089005663742e-01
4.782048162566839289e-01
1.728269772904157953e-01
2.495818221277523730e-01
3.290368734863071687e-01
2.516190135230779168e-01
6.676005410889112035e-01
6.499757822577250099e-01
7.176647389782260245e-01
5.326688881199503900e-01
2.072682432347651149e-01
-1.934926179973836535e-01
1.553205268150206764e-01
3.724749688007521209e-02
-4.043588883300724968e-01
-5.052485669431058257e-01
-4.282695132989499109e-01
-5.493686548290040994e-01
-6.626203199719451487e-01
-8.251961210655776036e-01
-7.075106152043710850e-01
-9.023379894343581675e-01
-7.690549419118671848e-01
-9.976052379908100232e-01
-8.737165541298562710e-01
-1.105774380757096775e+00
-7.653558064770600300e-01
-7.617837505189715142e-01
-4.749340779240935340e-01
-9.726752444390247554e-01
-8.706066225892264976e-01
-6.152841774562388677e-01
-6.047605723692743851e-01
-2.545466054913814724e-01
-3.814682631149112213e-01
-1.176686724821995877e-02
-3.768795000131037187e-01
-7.897276013217493507e-01
-8.364408967129244310e-02
-3.224683910830643541e-01
-2.548609541196864003e-01
-5.640104683603757163e-01
-1.304681220106359563e-01
2.050553032262621422e-01
3.662603703253350940e-01
2.475585747786804569e-01
3.069917993019748437e-01
4.986780147256923423e-01
4.559757684663455768e-01
5.957560438432599748e-01
1.077912772495446925e+00
1.023981361018725833e+00
1.453208216487712479e+00
1.445279942761079628e+00
1.356533380429908231e+00
8.871146876697426631e-01
