6.091512586593078815e+00
5.310926857942144252e+00
5.611942553256564992e+00
4.941099241762481498e+00
6.196596840878442869e+00
5.602674021316858877e+00
6.576912756750306954e+00
6.891990848556776683e+00
4.505449694318591547e+00
5.571481123990489337e+00
5.922382433318082562e+00
5.063974828148512408e+00
5.650491915161008905e+00
7.077070793539252058e+00
6.383951345928871035e+00
7.728111832537677195e+00
6.040872081761623491e+00
5.140930643724365368e+00
5.214078178492465021e+00
5.039786611122773152e+00
6.086766819695481168e+00
5.991267130430612653e+00
5.609703450691615245e+00
6.526400373848582959e+00
5.981936041895773215e+00
7.093602863343095422e+00
8.009771834873117058e+00
6.258770259591148744e+00
6.777476370017494034e+00
5.368391281543297033e+00
6.726910725851883655e+00
7.741244166272421623e+00
6.224758359930507190e+00
6.786093690210542206e+00
6.680626817267739881e+00
6.702865955886117000e+00
4.882472028460392188e+00
6.386614837245520704e+00
6.964263570051070218e+00
8.140328882880599082e+00
7.163587615371859840e+00
7.374553294913342327e+00
8.377887390217683361e+00
6.902509778944176944e+00
8.300333498625025896e+00
5.684883044230885751e+00
8.313431275655172925e+00
7.216263605434932060e+00
7.706468178021999904e+00
8.269228312916355961e+00
6.095736151170650707e+00
5.334948049470023435e+00
6.241655543311329879e+00
7.458211987498888362e+00
7.662496483203922182e+00
7.509417096885918852e+00
7.363147515213467109e+00
6.840771111869060839e+00
8.016269693507602767e+00
6.560180076256062698e+00
7.012532206798551826e+00
7.051716511784507979e+00
8.369374416049055299e+00
7.717044790170120905e+00
5.117191291407909404e+00
7.346002626589186235e+00
7.589176542220857691e+00
6.723175320686058498e+00
1.111010043500681110e+00
1.524436505678948395e+00
1.917148193741286866e+00
2.210836507307858412e+00
2.386524757243993378e+00
3.882492110193079604e+00
2.783080707236730511e+00
2.592708038530127990e+00
2.726628690310180403e+00
3.907231417907707893e+00
1.825145995467526427e+00
1.948479679144790033e+00
2.869053250356267348e+00
1.276133192712455733e+00
1.924664378121665909e+00
3.080390404329043985e+00
3.400053838392080419e+00
2.334763047559301086e+00
3.246807115702492919e+00
2.304574668123310133e+00
1.548773798325109752e+00
1.722077549737141222e+00
3.561266933254107592e+00
2.585129762461420455e+00
3.462824527410818476e+00
4.165749096256372574e+00
2.826705047596247411e+00
3.674390853235802723e+00
3.549096892370350087e+00
3.564456461252590191e+00
4.137836098784701377e+00
3.748843303541306682e+00
3.255340062068662554e+00
3.720901584651904681e+00
4.751473412885640180e+00
3.928094863339059550e+00
2.965464826214264438e+00
2.990782244391615663e+00
1.558975715458728706e+00
3.351971590805366219e+00
2.952452856742506349e+00
3.673560256909337518e+00
3.597288114948136606e+00
3.492952938179795908e+00
2.873784244543935884e+00
1.508733571156670505e+00
4.011472643982318509e+00
3.534701490139866564e+00
2.678208285940454569e+00
2.288077462204384904e+00
2.400396729434189247e+00
3.347900357245880976e+00
1.247103752509913566e+00
2.872914682931188235e+00
2.059344612386307727e+00
3.394788667985054076e+00
3.059448580533453477e+00
3.406499773082016791e+00
4.607518617366295643e+00
3.858156202588276962e+00
2.875859936511149684e+00
2.580086302438131529e+00
3.226703969976481012e+00
3.441644163971273152e+00
2.928627220585955815e+00
3.099397083426092436e+00
1.850421723601655355e+00
3.407043086762439277e+00
3.178905503965283152e+00
5.333784650755764467e+00
3.979024186798245655e+00
4.348496723617131465e+00
4.618357145511399864e+00
4.060448371192752148e+00
4.429588409837859508e+00
5.644623423225498371e+00
4.858214413372007989e+00
4.665438285000265140e+00
5.109256099042369215e+00
3.521398723530702490e+00
4.859745598586350468e+00
4.735134860057740092e+00
4.332432120428330258e+00
5.709003899632119960e+00
4.200376503998095146e+00
5.075699066090592737e+00
5.322554615160913549e+00
4.000387826475950703e+00
5.000423702255925917e+00
3.331391767282682270e+00
5.169441439937925153e+00
6.378247659019535831e+00
4.719571650399690732e+00
4.376850621820819853e+00
3.989886516124060201e+00
5.233133743650043357e+00
4.176372570562962849e+00
3.463586222996428265e+00
5.457842995537567354e+00
3.895505990813034725e+00
3.829270865224300380e+00
6.031909748253275971e+00
3.316808253303059839e+00
4.113734554005130661e+00
2.349936646354927827e+00
2.384624348154424478e+00
2.295579575391021088e+00
3.513638436238263107e+00
4.938796118799930746e+00
4.713970283101062364e+00
3.904362471684781344e+00
4.517387191542362679e+00
6.111727269211464808e+00
3.621005033603529988e+00
5.840796305328513682e+00
5.892862618630914540e+00
4.901530640658597449e+00
5.012778010374344895e+00
3.927860012005638612e+00
4.492863806010812588e+00
5.893522488451889529e+00
4.045953162746881659e+00
3.672812500462217855e+00
5.524936342063026196e+00
4.707956491148534539e+00
4.228760120630536079e+00
4.923159680231981916e+00
4.063528664786881350e+00
3.639375205819819215e+00
4.553656227340819207e+00
4.372638411500184397e+00
3.531825747884465017e+00
3.744621950193905313e+00
