5.192856031799191197e-01
8.837473202092068769e-01
1.201255467364561458e+00
1.487447480312973136e+00
1.638148301689375863e+00
1.487046182313366716e+00
1.673868242492295266e+00
1.092171116700933364e+00
9.662630233057053486e-01
7.317379698667036969e-01
7.393321578215421574e-01
6.495280701014932712e-01
5.026014837290344595e-01
1.122213833056527221e+00
1.175832923805724795e+00
1.324126633198596581e+00
9.559115270898295158e-01
6.614602647332382679e-01
4.285548067398851635e-01
1.078069700087746607e+00
8.504781022030931670e-01
9.288983952433078617e-01
1.029658735197850339e+00
1.522553224381802073e+00
1.283596662000428434e+00
1.979733592112634888e+00
1.963584125248652335e+00
1.640787905613391828e+00
1.254595093718784415e+00
1.478014063849707016e+00
1.699123477564525420e+00
1.852737562904255508e+00
1.853040903127324945e+00
1.685713904326818779e+00
1.921872393287558989e+00
2.023053268686298090e+00
1.537541228270965954e+00
1.835473330740454490e+00
2.150778730308950504e+00
2.605284999575466554e+00
2.382935651650934794e+00
2.332419878838725147e+00
2.729004291151725603e+00
2.988769873595328530e+00
2.860664645369879633e+00
2.515670550859038457e+00
2.905662826948213873e+00
2.501429347341922238e+00
2.530201099780946983e+00
2.492087488448498256e+00
2.170980761688876104e+00
1.970769141507454414e+00
1.628654655092621528e+00
2.008635706057426251e+00
1.755714033229693660e+00
1.790253558783402754e+00
2.576630380121120112e+00
2.275498202209719878e+00
2.173524136233780713e+00
2.054657641260061673e+00
1.721017240684394878e+00
2.369211456119231229e+00
1.936617209437851317e+00
1.951220107959581895e+00
1.766812767716269494e+00
1.588776919744399052e+00
1.637305898036381713e+00
2.121057910647909051e+00
1.694902106747522730e+00
1.611446145049247436e+00
1.577494901144059547e+00
1.596002127956526850e+00
2.052317519285697944e+00
2.231543425973680606e+00
1.666635384668973430e+00
1.990743625550224438e+00
2.347347106595167432e+00
2.232491872005643696e+00
2.164039227825851786e+00
2.321610763504304842e+00
2.683667273696329403e+00
2.462111390327633043e+00
2.712009161457441309e+00
2.676831452276988710e+00
3.147756235935130320e+00
2.735278578076611122e+00
2.678002876947678246e+00
2.629843143069530598e+00
2.603740242939998062e+00
3.029439950974831763e+00
3.060410691411258099e+00
3.435972632652410041e+00
3.479747658639655405e+00
3.942535364886099902e+00
3.411187687730259377e+00
3.159484940920979312e+00
3.080743261432541846e+00
3.442730309441058179e+00
3.656856020964416754e+00
3.949386903418846906e+00
3.811262563743834431e+00
3.744120622109259777e+00
3.734562429428573527e+00
3.887087418833012009e+00
3.749427354438056081e+00
3.462695279195485476e+00
3.049870956490162488e+00
2.800604947966614411e+00
2.894022785043532942e+00
3.277627379985980749e+00
3.197805854281060789e+00
3.076006736221508220e+00
2.839776950872416439e+00
2.644222655566100144e+00
2.441211305010955623e+00
2.709314547742269763e+00
2.929308249212044135e+00
2.654425436452732878e+00
2.826636943648123346e+00
2.535993295271917969e+00
2.369964479263862334e+00
2.622585225093913230e+00
2.958967931363981840e+00
3.388943645196912158e+00
3.114690063164406553e+00
3.095368768918450364e+00
3.164154571656585091e+00
2.767242606040808184e+00
2.462138494234771269e+00
2.475730819332179422e+00
2.693828853164454973e+00
2.849934520704756835e+00
2.804768097618320688e+00
2.960995405595780117e+00
3.130297256577776910e+00
3.380474018195583241e+00
3.655721285988956737e+00
4.169308787233344304e+00
4.438988152915868568e+00
4.607802230308567282e+00
4.493730554173336778e+00
4.965718883188294797e+00
5.088025610688198697e+00
5.302038481550943594e+00
5.097356396725754024e+00
4.929841425155451873e+00
4.925275169722773683e+00
4.359424961622447192e+00
4.391557978053829636e+00
4.290922642454724212e+00
4.591378552436571781e+00
4.837527744267259067e+00
4.941219925763410181e+00
4.916142532435022083e+00
4.357238299450104435e+00
4.775810261168706106e+00
4.978948111189759551e+00
4.739132387515214262e+00
4.189376900824158589e+00
4.746345385166198305e+00
4.542091989804097452e+00
4.786714280276766154e+00
4.620455588235580002e+00
4.786911862029862519e+00
5.071612580579512475e+00
4.447585845945700278e+00
4.289814230123665695e+00
4.241330831092153808e+00
3.849578857892281381e+00
4.080046676065951949e+00
3.188224570832919991e+00
3.224038351147104020e+00
3.098107898801525373e+00
2.732528371502166209e+00
3.357893721997333270e+00
3.500478261930045853e+00
3.668247661225640499e+00
3.778860076922285760e+00
4.151412920769346648e+00
4.209854472049658902e+00
4.368626282338640365e+00
4.361402497189558858e+00
5.044379130738266603e+00
5.166488858198897027e+00
4.717455720239854600e+00
4.780827228766160175e+00
4.772831371969917136e+00
4.484259114415856118e+00
4.426488460331024832e+00
3.995922052362408383e+00
4.237673733235959084e+00
4.746939855168724520e+00
4.571324848941112684e+00
3.863767495473247493e+00
4.275710463301576780e+00
4.668536998684809092e+00
4.190458724991957595e+00
4.494094239858728024e+00
4.188153592313907936e+00
3.870698062560055774e+00
3.399705308170639650e+00
