4.248677896895410200e+00
4.515048126837475806e+00
4.317305264359495354e+00
3.903101797842072340e+00
3.946163430531588467e+00
3.948555432404941890e+00
4.797434409819321566e+00
3.707580277327334528e+00
5.041366548949204329e+00
5.286692603611556684e+00
4.544439100243670815e+00
3.617322918262845910e+00
4.923642893953048549e+00
4.676973726421600475e+00
4.115096978937162753e+00
3.756534537880379165e+00
3.538650147676585700e+00
5.214186529526510405e+00
4.356255058570399186e+00
4.431475118268119573e+00
4.901589354436965529e+00
5.313297807718084798e+00
4.299496583138502359e+00
4.365719616755048271e+00
3.878476194238588803e+00
4.493141508186728750e+00
5.187595922645572344e+00
4.572413452796983080e+00
3.502014234345930177e+00
3.807227978346029218e+00
3.453758568194845058e+00
2.855565217931053112e+00
2.421618581726094455e+00
3.039649671035228540e+00
2.772422317535279124e+00
2.986061494595038557e+00
2.335821280915356901e+00
2.707605381078092677e+00
1.878435636675376497e+00
2.205048753026608299e+00
2.004451145612347496e+00
3.230719921702428277e+00
1.935140752659052499e+00
3.046265556813466890e+00
1.868892375317253496e+00
2.618745555234907929e+00
2.030867769540595447e+00
2.729924598116182377e+00
1.604476727546622961e+00
2.537616936129415190e+00
1.376353963241250256e+00
1.330899784568704725e+00
-7.892650021023454698e+00
-6.779946248144934628e+00
-7.575798282956517582e+00
-8.812962015515470426e+00
-8.719476488293489425e+00
-8.541293567865828607e+00
-8.517065872296283757e+00
-7.874344180116408687e+00
-7.867599068257746353e+00
-9.416213213824539352e+00
-9.247166446863007039e+00
-8.676356220878989944e+00
-7.663148486870274390e+00
-9.152725516272425921e+00
-8.912658266436281451e+00
-8.566912487956962252e+00
-9.267202335621579579e+00
-8.585819868585188530e+00
-8.797618039750307872e+00
-8.124886994656876027e+00
-8.690572167905525447e+00
-9.059184857339356967e+00
-8.902125260024728703e+00
-8.611283615536743596e+00
-8.448321447583662547e+00
-9.129824549342993478e+00
-9.504624425042422331e+00
-7.624437413235410688e+00
-8.214370868655681335e+00
-9.002805878725240518e+00
-7.927931470841420136e+00
-8.571200092313652874e+00
-7.571728120614575452e+00
-7.287571354784573074e+00
-8.267476684595985503e+00
-9.101563517436430217e+00
-8.577927553394211202e+00
-8.148078635660437996e+00
-9.470842746534165357e+00
-9.343819481713609321e+00
-9.691411757335011146e+00
-8.872730625403676186e+00
-9.687035726344189968e+00
-9.760279047586084999e+00
-9.170921831663491730e+00
-1.007975320651848961e+01
-9.581553564642396381e+00
-9.308986961111607172e+00
-9.367133946150779877e+00
