-1.600245274250453043e-02
-1.897547408179062478e-01
-6.300818030106389855e-01
-9.191156851151487395e-01
-1.048658933233922674e+00
-1.057030025290455866e+00
-9.097004779754895853e-01
-5.259564781390333454e-01
-3.538557174285582585e-01
1.193432691150089764e-01
-5.771735720671736236e-02
-1.046644040200678805e-01
-2.926271783686663630e-01
-8.021947720356376044e-01
-7.747325456634167606e-01
-1.056122885552156720e+00
-1.191313980052695509e+00
-3.308156779303690342e-01
-2.243652932130495992e-01
-2.261878820934690726e-01
-4.073083632695769785e-01
-4.386427051436296298e-01
-7.205910816819498521e-01
-8.652850198263769554e-01
-6.797835240568164128e-01
-8.710015621310198686e-01
-7.399960603349672317e-01
-1.074915955049680072e+00
-1.349793354943096046e+00
-1.504606231043829956e+00
-1.587772130165992390e+00
-2.191197186506902206e+00
-2.178131537133151774e+00
-2.025616260302126381e+00
-2.231231121883249013e+00
-2.260328779213536254e+00
-2.516841449232109618e+00
-2.282711478540097261e+00
-2.726392194302220684e+00
-2.707351847350115914e+00
-2.620615001420701695e+00
-2.550136466052287165e+00
-2.173467306502108176e+00
-1.946021947051274292e+00
-2.335156502650998611e+00
-2.285721962722516043e+00
-2.700463629826042933e+00
-2.737235666158080338e+00
-2.689843248314553570e+00
-3.185509271026556011e+00
-2.899684099979937812e+00
-3.028482799078078713e+00
-3.229485374758172433e+00
-3.193070068854877874e+00
-3.189354486539684341e+00
-3.072614895247588684e+00
-3.179533022703244782e+00
-3.281175579781855145e+00
-3.225295365845023188e+00
-3.359451748180917185e+00
-2.994977463886865365e+00
-3.061749836616758813e+00
-3.325305096165494412e+00
-3.704825051369151190e+00
-3.913259263964443235e+00
-4.058465192691513401e+00
-3.833499282370252725e+00
-3.675455994118662417e+00
-3.838029136787251439e+00
-4.159210230145334641e+00
-3.714979461923424431e+00
-3.469868962274096802e+00
-3.366247159883072548e+00
-3.537021170756491806e+00
-3.334461445250624045e+00
-3.766216787682811873e+00
-3.797310663524837260e+00
-3.831293259536582951e+00
-3.794842259800904394e+00
-3.363304709268188919e+00
-3.231029295795206480e+00
-3.879179284281752516e+00
-3.380785421794108903e+00
-3.196659110373679002e+00
-2.770849625593609034e+00
-3.193812066096071156e+00
-3.009526120172094199e+00
-3.162026161104805499e+00
-3.461711545180512495e+00
-3.321340293770925545e+00
-3.542065606433558500e+00
-3.865419054055639680e+00
-4.130514015424116891e+00
-4.023581007302710510e+00
-4.418004818977087744e+00
-4.566950105234092838e+00
-4.401110368024371944e+00
-4.179064658701294732e+00
-4.225207038132712256e+00
-4.530461440789223637e+00
-4.239908215421817061e+00
