6.657822667813626083e+00
2.276605615579536224e+00
5.923420098777572029e+00
5.915778876916077955e+00
3.864400487870791157e+00
4.114850624225089959e+00
4.272687562864165400e+00
5.364764776139422153e+00
6.481954474802744670e+00
4.474941438270822580e+00
3.680291348646365535e+00
3.834396115973692343e+00
5.070768999445838254e+00
2.706570666093436550e+00
2.012749391809952382e+00
3.033361980831384752e+00
2.730000080381680849e+00
3.146865151480226164e+00
3.640984366339286460e+00
1.374854842995206106e+00
3.361677440868873212e+00
5.504610969873194648e+00
3.243868017373198409e+00
5.415202906726455545e+00
3.244798726051364213e+00
4.097801623497421275e+00
3.707245574831800727e+00
4.642073193991525848e+00
5.291133298314455224e+00
3.762338128548067928e+00
4.947502968123760780e+00
6.907653194161089694e+00
5.254559573502774583e+00
4.004090735888909514e+00
4.902352238578503218e+00
5.411566291576224152e+00
4.665074117414177657e+00
4.932462416112644910e+00
4.112696969601698171e+00
3.226766927754133985e+00
4.760143126486912735e+00
3.023768113357185872e+00
3.509275506737975725e+00
3.988325960769371736e+00
4.440982564010186096e+00
3.002046864145108351e+00
4.473890394406097926e+00
5.043062740224547369e+00
6.828790671658014233e+00
5.329526754067573258e+00
3.923306434507596752e+00
4.290141330065885938e+00
4.501603886230601148e+00
5.628336121448895391e+00
6.376065754391182949e+00
7.784114659724340690e+00
5.582521839544575037e+00
7.369208933967831499e+00
7.464150166411821274e+00
6.762210726861663801e+00
6.651703055709130119e+00
6.352761525562730327e+00
8.416450472892849533e+00
6.627925540597208176e+00
7.276386083833942919e+00
7.684100559318430612e+00
4.431483593765575435e+00
5.062983191376007497e+00
6.051424529431487898e+00
4.318283683923144878e+00
4.347421187375121399e+00
3.829660571245399936e+00
5.773293141401278916e+00
4.266873300909242772e+00
4.150038466957949090e+00
4.492155104003515476e+00
5.167856730204529292e+00
6.505004186064003768e+00
5.703687505773637589e+00
6.735686631935065449e+00
4.173357385113913409e+00
7.313738478702694223e+00
4.426297029576646835e+00
5.436382251039136193e+00
5.573221567860850989e+00
5.455881080980981679e+00
6.598058679544579697e+00
6.966789743580198646e+00
6.903972556648253267e+00
8.178632154507933905e+00
6.600907245546062896e+00
4.963612157618356058e+00
6.303123941581703527e+00
6.758756182284723302e+00
7.652382957470249991e+00
6.060476035166231235e+00
6.610840795210679133e+00
5.197411558598536985e+00
5.747050374106382087e+00
7.093170925004596228e+00
5.175717426051996028e+00
5.516299165632975843e+00
5.386888344402619211e+00
5.854829477803255244e+00
4.535629446387709152e+00
6.122400182622341092e+00
5.928420627958630007e+00
4.955518494669141738e+00
5.395769774645354566e+00
3.547780231719367183e+00
5.262897718307328887e+00
4.316154729231446829e+00
4.170555395234181617e+00
4.993344747358985813e+00
5.821772298170880156e+00
3.111982640446143478e+00
4.615567320085627756e+00
2.950716852321718875e+00
5.036895175249436640e+00
3.473661741443038409e+00
5.753108313630369786e+00
3.593139155321250833e+00
1.477335225379051487e+00
2.784168117052318703e+00
2.328971934770790675e+00
2.764390122561159124e+00
4.533635774318714340e+00
3.444454987218827036e+00
1.736637590875522719e+00
3.374964198904188084e+00
2.493658856074662200e+00
3.193118845241614157e+00
3.451301139426887765e+00
4.455071740627953858e+00
4.367463624883441753e+00
2.123780290806227544e+00
3.555862365247648427e+00
6.148818488658237769e+00
2.379224865565641167e+00
3.765481305693890945e+00
3.073069518677718381e+00
3.735335174249323043e+00
4.747388675070185471e+00
5.716199775291970653e+00
5.186894414907411210e+00
4.194905782179495723e+00
2.520469440264025529e+00
4.741306448838411569e+00
4.683353318608016735e+00
3.752371541817827172e+00
4.490027985383796327e+00
5.282619470188298472e+00
6.542480383662706345e+00
5.347276179979825628e+00
2.619118681570967055e+00
5.858935632390410042e+00
3.970590156345981558e+00
3.856464025469082735e+00
4.229131787527060204e+00
3.138034834482153812e+00
3.492671102231383440e+00
3.886946233309175991e+00
4.265418601994965364e+00
3.471910864620775250e+00
3.897177416122438842e+00
3.319161426465297104e+00
4.320188091503307959e+00
5.660801958604790407e+00
4.888305157030863768e+00
6.262701540754687102e+00
3.980326495107799900e+00
2.911192065927370898e+00
4.744274385835775654e+00
4.061467750436915658e+00
4.848795812508929437e+00
4.513691544188799476e+00
4.883642892925626811e+00
5.702395909007769603e+00
5.765483838419986462e+00
3.227914444574437880e+00
4.280134020374183557e+00
4.081680414151659164e+00
5.226581624756728495e+00
3.523442526398881558e+00
4.939942926727123762e+00
4.855620133370659453e+00
1.837811965071718623e+00
4.842734991324796567e+00
5.684087551815631301e+00
2.737450018729159940e+00
4.917720054982835265e+00
4.084509931471193234e+00
3.816273580369766716e+00
6.644533411462548500e+00
4.177330692627714726e+00
3.160113904525581940e+00
4.880861774422545096e+00
4.013746155065136989e+00
4.134831468841397850e+00
4.716863741878052352e+00
4.161548312448161369e+00
5.514053021495469942e+00
5.353569823320585286e+00
6.049552484407386466e+00
5.296432729968437947e+00
5.748836979951837733e+00
4.404056480361896675e+00
5.200556551811483352e+00
8.420790787279221590e+00
4.916864162817685013e+00
4.112550058973122091e+00
7.365226393870141663e+00
3.496190799611536892e+00
6.026975436813568621e+00
6.223952778261954144e+00
5.061376161396859530e+00
5.147657018132031581e+00
6.517765669256054828e+00
5.856695663499428051e+00
6.891471226318156340e+00
4.682410225000341875e+00
6.915137048476781345e+00
6.414923078494188857e+00
6.146038383094648339e+00
5.501636111052897071e+00
7.218653538790056778e+00
7.273294410864528103e+00
8.169741972464377611e+00
7.882755977156274518e+00
5.715261163684127510e+00
6.419954948963138897e+00
6.256712647924241644e+00
6.739420746964542630e+00
7.970125012940641795e+00
7.137059265468636227e+00
7.906995742538022398e+00
8.579911896587979925e+00
8.127288672251065549e+00
7.861254793777267658e+00
6.844220451201692867e+00
7.444396896242305495e+00
7.777053518808447308e+00
1.022618104082322077e+01
6.639997450697361359e+00
9.770543676780704345e+00
7.260406473746604306e+00
6.559008126221426593e+00
7.053057374525906198e+00
6.653277128127969675e+00
7.803196610745144035e+00
9.005839459751756593e+00
5.639792802230934043e+00
5.439056181939530887e+00
6.398400968686052792e+00
9.265122589673575604e+00
9.231051746111681666e+00
8.196809720172371527e+00
6.469688357716130156e+00
1.010296532172870876e+01
8.624639686747745060e+00
7.940541390954312106e+00
7.806550734200066621e+00
8.946119962764242928e+00
8.120946043755145283e+00
9.504183220038639135e+00
7.753888188406166115e+00
8.823422734981049231e+00
8.942354466645298317e+00
9.821567519361142473e+00
7.157723884425095662e+00
1.067158695147726988e+01
8.568479001617198776e+00
7.172448424908473896e+00
9.372247325692111275e+00
8.422025470779090028e+00
7.367534675969847235e+00
6.440095233610099612e+00
7.202132024095456053e+00
5.941478362694025073e+00
8.525465148892234168e+00
6.315743031038971722e+00
5.799129496895230496e+00
6.774846533716873509e+00
8.884691681379557338e+00
6.940377817556877105e+00
6.998736793914330789e+00
6.891793556837514600e+00
7.109194828395693833e+00
7.366369258468127512e+00
6.740989304766132229e+00
5.326972886982888511e+00
4.897835945219025433e+00
6.826882597883287218e+00
5.223055629778683873e+00
5.607681254278983118e+00
5.449848279963672049e+00
3.863039565109242179e+00
5.140208933494410104e+00
5.004098444672955281e+00
5.047794052985542734e+00
4.247339497525338459e+00
4.646939767960459378e+00
5.164797543224739940e+00
5.762408454819147430e+00
5.974446238676456744e+00
6.295108192293517924e+00
4.806842680310561278e+00
5.742342861952010935e+00
6.039852506489303607e+00
8.508845076782403538e+00
7.435216842980601371e+00
5.760072872648676068e+00
5.950286552527792594e+00
6.891966964421095021e+00
5.991678592250057278e+00
6.413879590141827514e+00
5.591270771029304143e+00
5.036389409659648209e+00
5.958937934398734981e+00
4.346322818838032731e+00
6.876053821301011837e+00
6.505430845963527275e+00
6.629038102732742743e+00
6.628927244639267080e+00
5.453434357963959478e+00
7.111453441498134964e+00
8.227473565617287932e+00
6.683660238174375934e+00
5.111753593036015175e+00
4.589853299873409398e+00
5.623363047108704826e+00
7.666379023838445050e+00
8.190803375032221112e+00
4.019267525437608235e+00
7.539032911566245332e+00
5.951369891820069036e+00
6.734275150736320548e+00
7.039930802921235298e+00
7.157223495961973825e+00
6.961217269118281870e+00
6.027748896559778302e+00
6.491364419048514911e+00
8.824828239611559155e+00
8.278590455462294884e+00
6.713518317631010035e+00
7.375551953924223803e+00
6.656608619919246905e+00
5.564013115647382435e+00
6.501831231161232516e+00
4.956474541939368095e+00
6.587404441863937699e+00
4.991508655559247387e+00
5.372550447593962275e+00
5.676069239224000640e+00
4.593526910636773763e+00
5.617092694544699505e+00
6.810725587446117224e+00
5.984353829990997298e+00
6.581770396610060914e+00
5.955822390833394486e+00
7.678993455531409218e+00
6.499942016384429699e+00
6.353162824655589347e+00
7.695930348137033583e+00
7.424301385733912184e+00
6.526027737524528582e+00
7.157263038303558922e+00
7.799067772983274693e+00
8.530563380217445868e+00
5.966297189269966772e+00
7.795587904468427531e+00
6.640103636712129997e+00
5.366032746802448017e+00
6.615702063722544324e+00
7.703749790915269458e+00
6.601788542379629199e+00
5.730054988462323529e+00
6.683512153419878032e+00
5.003547176634679516e+00
5.970175998663855843e+00
5.509879583790803892e+00
3.978624087964139022e+00
5.052741212908191670e+00
4.772543127331498880e+00
3.988920074985776054e+00
5.578122461195131443e+00
5.103405143101388042e+00
7.145928100548546880e+00
6.786049615331984697e+00
6.682504790678472695e+00
3.726052196915617731e+00
3.711410248982907945e+00
4.426018409463183367e+00
5.226097946214631307e+00
5.193474376635675682e+00
5.511258612125986112e+00
3.961652786276773419e+00
8.008389027522971659e+00
5.429263046069495502e+00
7.329056108741608178e+00
4.092527302820293755e+00
4.805091391685713198e+00
2.238376372053856755e+00
3.160252553025276079e+00
4.691330287944256661e+00
4.608802755373757165e+00
5.328259915667281632e+00
4.597401178525571730e+00
3.052333323059283288e+00
4.285287064287277126e+00
5.389623160033557348e+00
6.074005045783931855e+00
6.236044354819711977e+00
5.391876240305449208e+00
2.639975700224466593e+00
4.584808397960705939e+00
4.845243739218469514e+00
3.004505887999204816e+00
7.150160342767745369e+00
3.942232987119264287e+00
4.407727087480311390e+00
6.226915561691579448e+00
4.914861758220315124e+00
4.274667812356916841e+00
4.105273611590277483e+00
3.847731642830010124e+00
3.809694326399341691e+00
4.756957897899604326e+00
3.621682327388015210e+00
3.877903325923166555e+00
3.923265768826815325e+00
3.695240205376338682e+00
6.894041325874340487e+00
6.759383654297542066e+00
6.994286594502231225e+00
6.038265509058048153e+00
5.483369044962048910e+00
5.401097434696598754e+00
5.743773968962898380e+00
3.399959322621785685e+00
5.958472810124343155e+00
6.253910836890748115e+00
7.618284699895482071e+00
7.818905144427073850e+00
5.743598907227797312e+00
7.398830126778250360e+00
6.832425532216343633e+00
7.818191435234583153e+00
8.331189926171887805e+00
6.837922523958546606e+00
6.670243039565843191e+00
8.162020910077327329e+00
7.842303452584318713e+00
5.995118186505838942e+00
7.386874099195813059e+00
7.141749490155531177e+00
8.470493248717607671e+00
7.073275308249124649e+00
7.866204702571099716e+00
6.096221989335456115e+00
7.101403894243506265e+00
7.633151359465832897e+00
6.429243709017016251e+00
7.325468476192916967e+00
7.278644149558989085e+00
8.060693046466964162e+00
6.239988664618639547e+00
8.314743288222326001e+00
7.353704257180730508e+00
7.291905235611734426e+00
4.610521807511554826e+00
7.267752866798682376e+00
6.670579059596499327e+00
7.210657016321226465e+00
5.874266966698243664e+00
5.792133856479120269e+00
5.879702198802830182e+00
7.498187210472144315e+00
6.992033923221149472e+00
6.911007457701951573e+00
7.170659347927351490e+00
8.669292745255706478e+00
8.008242491869788537e+00
9.035549024270418172e+00
6.394657421335771197e+00
6.701145299745343564e+00
7.502493867182506548e+00
7.698572896416664868e+00
6.645001278038899173e+00
7.251445702972877605e+00
7.447187823346928859e+00
8.835237061758400401e+00
8.454047049809439329e+00
5.754962604213624822e+00
5.611502488118649268e+00
8.516516216780731341e+00
5.506088470576992577e+00
4.810466815119246675e+00
5.760605454143350457e+00
6.189570607638768429e+00
6.776531389749470335e+00
