3.143493994272528735e-01
5.663141514735459126e-01
3.728564152154190126e-01
3.587774683297401679e-01
-1.546903587987043527e-01
-2.311377742184198281e-01
-8.440586475306894876e-01
-5.835303000872615886e-01
-8.024779728654737321e-01
-9.410917676678323129e-01
-1.046012846138097308e+00
-9.912139165433387911e-01
-1.552340905743651689e+00
-1.809500058575258974e+00
-1.934396586267622009e+00
-2.200706527036089266e+00
-2.279085360757970857e+00
-2.176136884187820808e+00
-1.478379799952710627e+00
-2.108479886263702863e+00
-2.020659226501861916e+00
-1.977501928657677155e+00
-2.094705465362932006e+00
-1.480395132168783157e+00
-9.833538154026513212e-01
-9.423075475153950276e-01
-3.494813466773183386e-01
6.802507597513035575e-02
-5.806395387407109476e-02
2.020023358667533131e-02
1.501892814490992378e-01
5.147549997085566487e-01
5.038174700417372698e-01
3.883185507642100687e-01
1.962714209779717611e-01
-1.248952711843304142e-03
9.862657796983233249e-02
1.431870814943947690e-01
-3.980336874475610687e-01
-5.533831924293705073e-01
-7.758343524391192458e-01
-9.238515978010961582e-01
-8.413528135088339521e-01
-8.565439279025750530e-01
-1.357821637209630117e+00
-1.437623282710809081e+00
-1.412939084692245828e+00
-9.879368421718077720e-01
-7.824811277480612226e-01
-2.819776402632019341e-01
-2.675415615052484930e-01
9.597234025973749860e-02
-4.188066675052221077e-02
3.041285613689873046e-01
3.862080390189640555e-01
6.215181480922682411e-01
9.267604946753511541e-01
1.274361294406658018e+00
1.378190985573512828e+00
1.133484657258580386e+00
1.723577874034858626e+00
1.807882754738442177e+00
1.663284453364690441e+00
1.577714110251108970e+00
1.177913522549121961e+00
1.081129157481278025e+00
9.228219120811599341e-01
6.380630322521534392e-01
6.083604023086540691e-01
6.800458653310714752e-01
1.968172584446200579e-01
-3.747467126644770108e-01
-8.161878307934897769e-01
-5.533444617539238219e-01
-4.810134478608284470e-01
-3.907745261144408011e-01
-1.832489037874938387e-01
2.344100821161849424e-01
5.003358842117864302e-01
5.077667065923265888e-01
3.464846837406239111e-01
2.067152490100564177e-01
1.351239560582708776e-01
-8.023665276870683982e-02
-1.707879094611432502e-01
1.303937942110141579e-01
8.957464119070310815e-01
1.549895551070393784e+00
2.023798651572984220e+00
1.656663782716321975e+00
1.583446926001008448e+00
1.664414829669461193e+00
1.844122962111865105e+00
1.670753568967726421e+00
1.719801619934818060e+00
1.870383105719822359e+00
2.084412424938408837e+00
2.074204433139506865e+00
1.777051034140263885e+00
1.911273453315942561e+00
1.671604954869935433e+00
1.664274839598818279e+00
9.585403749202076051e-01
7.206494614844243252e-01
7.609554915042338052e-01
1.259211824684054459e-01
1.897494331009545454e-01
5.441445250902618991e-01
-1.702299941186868892e-02
1.308311008199161685e-01
4.253921937365380268e-01
1.459890260422559427e-01
-1.112236115151098992e-01
-4.577162040635715523e-01
-6.673285433804149180e-01
-9.912115860763333064e-01
-6.579270837732862365e-01
-1.025219343546702744e+00
-6.483046752887249298e-01
-7.896232366571991346e-01
-7.031891773006542223e-01
-1.401425560754923083e+00
-1.494816009910482801e+00
-1.554665859239200199e+00
-1.574934237052689534e+00
-1.223377563515011923e+00
-1.083145903841317148e+00
-2.013030956397314775e+00
-2.484464412156691893e+00
-2.122543018323209463e+00
-2.499968622332003232e+00
-2.229287317518690248e+00
-1.707515181883431765e+00
-1.985185610740735296e+00
-1.799342445025790882e+00
-2.012232099737656821e+00
-1.494031870356873348e+00
-1.495326623970694824e+00
-1.529796353153798139e+00
-8.538933710552771839e-01
-6.502328485233355160e-01
-8.861321720685366721e-01
-5.429929777087336706e-01
-4.900325618685880125e-01
-7.544573215907277586e-01
-8.153667179572988699e-01
-1.123922992503191054e+00
-4.790934354025239150e-01
-5.068349372733925717e-01
-5.074432608110306386e-01
-1.389073481765297213e-01
1.281435052312799860e-01
2.524924319833777853e-01
1.423230915149589770e-01
-1.206706314922094680e-01
1.929918136424116359e-02
-4.385234698025425315e-02
-5.507488279770607065e-01
-5.458849223033973574e-01
-7.137038926332647248e-01
-6.852003067122570679e-01
-5.929840920136757454e-01
-6.974119351025779290e-01
-8.385602820624812326e-01
-7.566181723900130551e-01
-3.949230198300270334e-01
-4.578175635509498242e-01
2.081745517036941440e-01
4.341158282409209868e-01
-1.337532335292004326e-01
-3.306612677900561126e-01
-3.796737881723941666e-01
-4.098660582380179163e-01
-3.739133065553724156e-01
-8.383693755321125485e-02
-1.416275522649849128e-01
-5.614639887744333757e-01
-6.574708539180480482e-01
-8.615888773874466056e-01
-7.840853504190904433e-01
-4.309464906667948014e-01
-8.760449307695630239e-01
-1.275579473885342097e+00
-1.386509096782203354e+00
-1.412529118071206957e+00
-1.200664873981358793e+00
-1.718300961713770336e+00
-1.319862365130540116e+00
-8.944528866755024898e-01
-9.727952361497645972e-01
-3.579613115101082377e-01
-5.378968608036025500e-01
-6.345921407721122343e-01
-9.675357958995617347e-01
-8.245667544935990634e-01
-1.117398884611927823e+00
-4.599047017752816435e-01
4.680520316238578893e-02
4.215973909788707230e-01
5.189485375905773523e-01
6.757284494714861367e-01
8.806962728295896214e-01
7.211876234608272096e-01
8.870384172969641989e-01
8.367522980020637435e-01
1.083693181283803098e+00
5.984456111148621638e-01
8.157988798987371171e-01
9.996857551323091728e-01
2.539796183776573679e-01
2.126327173789002434e-01
5.296864217705486988e-01
3.599695604710516084e-01
9.490885510249182921e-01
5.256119122809183031e-01
9.891639209305743696e-01
9.624462320329711940e-01
7.484600889396625378e-01
7.785950349450381225e-01
9.344258868263103368e-01
7.174696951983866589e-01
8.367657484389872113e-01
8.709794730361374304e-01
7.692983563924329360e-01
9.702868396083573765e-01
1.245037690850564038e+00
1.521286025476362713e+00
1.961258551419237328e+00
2.039850049347793792e+00
2.130549087430634980e+00
1.743204781420433003e+00
1.454465338273984942e+00
1.756899625986833247e+00
2.579265250570993206e+00
2.735703299790023468e+00
2.673095525584906262e+00
2.672326371598857886e+00
2.400124758173900474e+00
2.310916406010039559e+00
2.098883235317497320e+00
2.209673409949346023e+00
2.604877300472013157e+00
2.397234852569938290e+00
1.845855963507937680e+00
2.250541592399346591e+00
2.002031787959603459e+00
2.177786432617730306e+00
2.126018807731576921e+00
2.280194037460823608e+00
2.691275653433897297e+00
2.864375739674110743e+00
2.338313196431732077e+00
2.577835459383107430e+00
2.597335924958420694e+00
3.078688943311504556e+00
3.230752464953547065e+00
3.403900224743185099e+00
3.504164765555634720e+00
3.325678009055450968e+00
3.353103592168808600e+00
3.094240418800533465e+00
2.588379830892808542e+00
3.080558779212007714e+00
3.186755115456200826e+00
3.022178748287196459e+00
3.157468572516525462e+00
3.364983510247362197e+00
3.637066115109269138e+00
3.788363846837624394e+00
3.467101774380868751e+00
3.389091358497699602e+00
2.839841398068108980e+00
2.649087774910532378e+00
2.591660597704715130e+00
2.755631390394236657e+00
3.187502383015863749e+00
2.663357710786242727e+00
2.771319023791257052e+00
2.031104779522220127e+00
1.784198118324869409e+00
2.242478974235416977e+00
1.988679959104149519e+00
2.093706264971593622e+00
2.185773993203908194e+00
1.995226992578528646e+00
2.003080557786276916e+00
2.265504989177923090e+00
2.121642581644076486e+00
1.630192123150744798e+00
1.853031666253868837e+00
1.221027137641744975e+00
1.300160027032613907e+00
1.121222344478988608e+00
9.776522827230242907e-01
9.173328582975412981e-01
5.207917065025124970e-01
4.195433454564229669e-01
4.596546247511588135e-01
5.175633113525880402e-01
5.863964636616481041e-01
4.887410392677856152e-01
8.267889558320398180e-01
9.530023582168689611e-01
1.202726779747791852e+00
1.103421428951662620e+00
7.368261338347806833e-01
1.354912901127578895e+00
1.307563930214631132e+00
1.469829869798573663e+00
1.664905260117615082e+00
1.764490402424754301e+00
1.481058989010535232e+00
1.455405796583852718e+00
1.449074732601934201e+00
1.379310101022978019e+00
1.233123333132920330e+00
8.663122630970172544e-01
9.090117947405729204e-01
7.557501160840326415e-01
5.512799186698897902e-01
1.193502829833520629e+00
1.472927630285824296e+00
1.346573454629021338e+00
1.266256826396563895e+00
7.549170700458969208e-01
1.182786605131630253e+00
9.740367968578765856e-01
6.737322926782689514e-01
7.321076780558878339e-01
6.603126821098176391e-01
8.310581457394727867e-01
1.127835686459010667e+00
1.498670790468437097e+00
1.690691046400759179e+00
1.434971610881623949e+00
1.471362025807385399e+00
1.882819489314621064e+00
2.313222852065186519e+00
2.091167899606525271e+00
1.967673110379606349e+00
2.164919176325723171e+00
2.335198564407496846e+00
2.142787893274539002e+00
2.683334242242932266e+00
2.619557419702799095e+00
2.600310659925893830e+00
2.360569554007321269e+00
2.090919727203219836e+00
1.685841527196979994e+00
1.718354939591796526e+00
1.350497684584381686e+00
1.097059395927729053e+00
7.932624525335012500e-01
6.615901225042256639e-01
5.950564392959605264e-01
1.157536943427341924e-01
4.837476000665139608e-01
6.737674821775582190e-01
1.079481685189715101e+00
1.220700718396048101e+00
1.120303341282611775e+00
1.249157655090358476e+00
1.734647682805927627e+00
2.144961193209513617e+00
2.046493690525893694e+00
2.344506842910101696e+00
2.543540855622247854e+00
2.117408301023828709e+00
2.356947588268113680e+00
2.514796797603724432e+00
1.978974747174804705e+00
1.730842116148602283e+00
1.958093401149116897e+00
1.513254332570096228e+00
1.316707994056608433e+00
1.322812460391133760e+00
1.262850300598615805e+00
1.584559694135386332e+00
1.262449942748718357e+00
7.402393584186711673e-01
2.242061524087444191e-01
3.330560283196086768e-01
6.234548002850870407e-01
1.983489849508894842e-01
1.669891298902149990e-01
5.379681174574657554e-03
2.057960861724741353e-01
9.531139098007371246e-02
6.720459263939385086e-02
2.033855377999651548e-01
-3.781470416038859583e-02
-1.875303310589532535e-01
1.694906603530529077e-01
1.445387522187585871e-01
-1.767218813996526972e-01
8.162745638920862468e-02
3.518304505208054156e-01
1.434432098475749151e-01
3.871771420204807579e-01
2.966223524048325899e-01
1.289288669626319495e-01
-1.584508991124181088e-01
-7.588393751315611890e-01
-6.995987059265537100e-01
-3.438243596415503367e-01
2.636461162955753279e-01
1.526336775355055797e-01
-3.108314060345066521e-01
-7.582235789930941161e-02
-1.070438017341929782e-01
1.200678383523512971e-01
5.152540917485032290e-01
7.394385760636010829e-01
6.385210839912778269e-01
7.887327861695279108e-01
5.914878553111072579e-01
3.901029407919530678e-01
4.601161310111301361e-02
-4.420033926149582459e-01
-6.980360054512375623e-01
-1.011646261287671322e+00
-1.007597978957262663e+00
-9.769199799755354796e-01
-8.830523095038189663e-01
-8.637429424264557731e-01
-1.079014886176371535e+00
-6.895135221321914143e-01
-4.417215802846682360e-01
-3.588718122880367178e-01
-7.361593148096714501e-01
-6.752749650357597888e-01
-5.263048058094788040e-01
2.521019058704487836e-01
8.580199462100237540e-01
1.199367044273506711e+00
1.399933726921960053e+00
9.919526207375025662e-01
5.285344605089348224e-01
5.905418894677005870e-01
8.644646529381548872e-01
1.336974054094655084e+00
1.880625852648817098e+00
1.731857102280289995e+00
1.505047928861388051e+00
1.310478052258293502e+00
1.613604456409074572e+00
1.579367101000672902e+00
1.957956588582849822e+00
1.928958968119535822e+00
1.974138224338767511e+00
2.080979636650585718e+00
1.751577771836221320e+00
2.468210807738794976e+00
2.688805757886725267e+00
2.650031438432216113e+00
2.389906915863591053e+00
2.064287259910660310e+00
1.628126080894218841e+00
1.603529381342395865e+00
1.533935442457277309e+00
2.207740676268232782e+00
1.827992911475490034e+00
1.752457861810037265e+00
1.763759457348736515e+00
2.205193520824268560e+00
2.222989561703863526e+00
1.806265569330950393e+00
2.174397883011736976e+00
2.035140766900911835e+00
1.673899929698144051e+00
1.391230960818543583e+00
1.747965118559848152e+00
1.971035394449184963e+00
1.995579600083435379e+00
2.302828139603516178e+00
2.258599685887991981e+00
1.837353411631882372e+00
2.123745467218883132e+00
2.196206491503791547e+00
2.051786199358583751e+00
2.243128990049364724e+00
2.198815179702189759e+00
2.211932436149928627e+00
2.222624560524699699e+00
2.229018485880065903e+00
2.481615651552325552e+00
2.431005620616220941e+00
1.912925046003548735e+00
2.062757383078051010e+00
1.930067149137480342e+00
2.243533548664097488e+00
2.552117058878122791e+00
2.293268131776294627e+00
1.684424213334911213e+00
1.403930067695900341e+00
2.117882811009939026e+00
1.447644375349768531e+00
1.120775811522641607e+00
1.773328583292634431e+00
1.582103888859505370e+00
1.637429493272866576e+00
