-5.000000000000000000e+00
-4.980000000000000426e+00
-4.960000000000000853e+00
-4.940000000000001279e+00
-4.920000000000001705e+00
-4.900000000000002132e+00
-4.880000000000002558e+00
-4.860000000000002984e+00
-4.840000000000003411e+00
-4.820000000000003837e+00
-4.800000000000004263e+00
-4.780000000000004690e+00
-4.760000000000005116e+00
-4.740000000000005542e+00
-4.720000000000005969e+00
-4.700000000000006395e+00
-4.680000000000006821e+00
-4.660000000000007248e+00
-4.640000000000007674e+00
-4.620000000000008100e+00
-4.600000000000008527e+00
-4.580000000000008953e+00
-4.560000000000009379e+00
-4.540000000000009805e+00
-4.520000000000010232e+00
-4.500000000000010658e+00
-4.480000000000011084e+00
-4.460000000000011511e+00
-4.440000000000011937e+00
-4.420000000000012363e+00
-4.400000000000012790e+00
-4.380000000000013216e+00
-4.360000000000013642e+00
-4.340000000000014069e+00
-4.320000000000014495e+00
-4.300000000000014921e+00
-4.280000000000015348e+00
-4.260000000000015774e+00
-4.240000000000016200e+00
-4.220000000000016627e+00
-4.200000000000017053e+00
-4.180000000000017479e+00
-4.160000000000017906e+00
-4.140000000000018332e+00
-4.120000000000018758e+00
-4.100000000000019185e+00
-4.080000000000019611e+00
-4.060000000000020037e+00
-4.040000000000020464e+00
-4.020000000000020890e+00
-4.000000000000021316e+00
-3.980000000000021299e+00
-3.960000000000021281e+00
-3.940000000000021263e+00
-3.920000000000021245e+00
-3.900000000000021227e+00
-3.880000000000021210e+00
-3.860000000000021192e+00
-3.840000000000021174e+00
-3.820000000000021156e+00
-3.800000000000021139e+00
-3.780000000000021121e+00
-3.760000000000021103e+00
-3.740000000000021085e+00
-3.720000000000021068e+00
-3.700000000000021050e+00
-3.680000000000021032e+00
-3.660000000000021014e+00
-3.640000000000020997e+00
-3.620000000000020979e+00
-3.600000000000020961e+00
-3.580000000000020943e+00
-3.560000000000020925e+00
-3.540000000000020908e+00
-3.520000000000020890e+00
-3.500000000000020872e+00
-3.480000000000020854e+00
-3.460000000000020837e+00
-3.440000000000020819e+00
-3.420000000000020801e+00
-3.400000000000020783e+00
-3.380000000000020766e+00
-3.360000000000020748e+00
-3.340000000000020730e+00
-3.320000000000020712e+00
-3.300000000000020695e+00
-3.280000000000020677e+00
-3.260000000000020659e+00
-3.240000000000020641e+00
-3.220000000000020624e+00
-3.200000000000020606e+00
-3.180000000000020588e+00
-3.160000000000020570e+00
-3.140000000000020552e+00
-3.120000000000020535e+00
-3.100000000000020517e+00
-3.080000000000020499e+00
-3.060000000000020481e+00
-3.040000000000020464e+00
-3.020000000000020446e+00
-3.000000000000020428e+00
-2.980000000000020410e+00
-2.960000000000020393e+00
-2.940000000000020375e+00
-2.920000000000020357e+00
-2.900000000000020339e+00
-2.880000000000020322e+00
-2.860000000000020304e+00
-2.840000000000020286e+00
-2.820000000000020268e+00
-2.800000000000020250e+00
-2.780000000000020233e+00
-2.760000000000020215e+00
-2.740000000000020197e+00
-2.720000000000020179e+00
-2.700000000000020162e+00
-2.680000000000020144e+00
-2.660000000000020126e+00
-2.640000000000020108e+00
-2.620000000000020091e+00
-2.600000000000020073e+00
-2.580000000000020055e+00
-2.560000000000020037e+00
-2.540000000000020020e+00
-2.520000000000020002e+00
-2.500000000000019984e+00
-2.480000000000019966e+00
-2.460000000000019948e+00
-2.440000000000019931e+00
-2.420000000000019913e+00
-2.400000000000019895e+00
-2.380000000000019877e+00
-2.360000000000019860e+00
-2.340000000000019842e+00
-2.320000000000019824e+00
-2.300000000000019806e+00
-2.280000000000019789e+00
-2.260000000000019771e+00
-2.240000000000019753e+00
-2.220000000000019735e+00
-2.200000000000019718e+00
-2.180000000000019700e+00
-2.160000000000019682e+00
-2.140000000000019664e+00
-2.120000000000019647e+00
-2.100000000000019629e+00
-2.080000000000019611e+00
-2.060000000000019593e+00
-2.040000000000019575e+00
-2.020000000000019558e+00
-2.000000000000019540e+00
-1.980000000000019522e+00
-1.960000000000019504e+00
-1.940000000000019487e+00
-1.920000000000019469e+00
-1.900000000000019451e+00
-1.880000000000019433e+00
-1.860000000000019416e+00
-1.840000000000019398e+00
-1.820000000000019380e+00
-1.800000000000019362e+00
-1.780000000000019345e+00
-1.760000000000019327e+00
-1.740000000000019309e+00
-1.720000000000019291e+00
-1.700000000000019273e+00
-1.680000000000019256e+00
-1.660000000000019238e+00
-1.640000000000019220e+00
-1.620000000000019202e+00
-1.600000000000019185e+00
-1.580000000000019167e+00
-1.560000000000019149e+00
-1.540000000000019131e+00
-1.520000000000019114e+00
-1.500000000000019096e+00
-1.480000000000019078e+00
-1.460000000000019060e+00
-1.440000000000019043e+00
-1.420000000000019025e+00
-1.400000000000019007e+00
-1.380000000000018989e+00
-1.360000000000018971e+00
-1.340000000000018954e+00
-1.320000000000018936e+00
-1.300000000000018918e+00
-1.280000000000018900e+00
-1.260000000000018883e+00
-1.240000000000018865e+00
-1.220000000000018847e+00
-1.200000000000018829e+00
-1.180000000000018812e+00
-1.160000000000018794e+00
-1.140000000000018776e+00
-1.120000000000018758e+00
-1.100000000000018741e+00
-1.080000000000018723e+00
-1.060000000000018705e+00
-1.040000000000018687e+00
-1.020000000000018670e+00
-1.000000000000018652e+00
