8.761394621101823432e-01
-3.302664882374434230e-01
2.896122799886581833e-01
7.651375876433460510e-01
6.382222547731828399e-01
1.622270991675325291e-01
2.826365210319436994e-01
2.310908816243033015e-01
5.934176045249335285e-01
-3.386371343701496395e-01
3.994824315990909147e-01
3.433517630796954490e-01
-5.074566785877547836e-01
6.678012399276074262e-01
1.222731917333279128e+00
4.787784746160662075e-01
2.079971871746095768e-01
5.111779760535661854e-01
1.205008849510871838e-01
5.021660345254650437e-01
4.682944848619255973e-01
6.198348000165687655e-01
7.392736280912131086e-01
3.365359560312121134e-01
1.099121606353366865e+00
1.818784463669269158e+00
2.521926939606925711e+00
1.645075019913161629e+00
1.841657021528551264e+00
1.537561254554049128e+00
2.663034110336836235e+00
1.832675199151453160e+00
1.691360076973262627e+00
9.134640385969871046e-01
2.593177136080670131e+00
2.682222589164114268e+00
2.011185710393713411e+00
2.175742402396530384e+00
2.113773253108464534e+00
9.587107658538426280e-01
2.229534306346894201e+00
2.532006674033030702e+00
2.376409769167620922e+00
2.211047542153734113e+00
1.056135352550122253e+00
1.594352462095072420e+00
1.717185060550083131e+00
3.487908927463316822e+00
2.288652382431421994e+00
1.929840930441325764e+00
2.395422822383981298e+00
1.274917146956765723e+00
1.763926731002096515e+00
2.420373776192349613e+00
1.057479212050693285e+00
2.332924285519712093e+00
2.628790174130250179e+00
2.356999620084458069e+00
2.935792119998912764e+00
2.976654628385218437e+00
2.901682048186906560e+00
2.679457042873223838e+00
2.389359333303494370e+00
2.332545164627827017e+00
2.420803435753014821e+00
2.765112846880776853e+00
3.059044286770452814e+00
3.613506092488677268e+00
1.842693347511356938e+00
2.509799412552760511e+00
2.619744245384056036e+00
1.748362266435356638e+00
2.737484545946627712e+00
3.335795217031612747e+00
1.804666507374854678e+00
2.084571599328507219e+00
1.290466986517074366e+00
1.356609334878855488e+00
3.007495953763119179e+00
2.193352752639237568e+00
2.609781628041031531e+00
2.271495343627472518e+00
1.696681588222102022e+00
1.564964785932084990e+00
1.250923682674548232e+00
2.432398682880351437e+00
2.373916933122815820e+00
2.065189900360343334e+00
2.597446510209453496e+00
1.761860591747605564e+00
1.553992989437924077e+00
1.646308368134349331e+00
1.398481160295446335e+00
8.843151225819320116e-01
6.559211481764997131e-01
6.644934898879084617e-01
-2.572185423768598156e-01
-2.115213901587288947e-01
8.864764225429124789e-01
7.194628728053817923e-01
9.766381472110881035e-01
5.746256356744534610e-01
2.540803061059924706e-01
6.538533685146623586e-01
6.822492524332808284e-01
4.345904222606850054e-01
4.885610974556032771e-01
1.142795539362842616e+00
5.929000215243803718e-01
1.808048821776547577e+00
1.597684107048604085e+00
1.201249848965691092e+00
4.294126606072485863e-01
1.355794982357777290e+00
1.158616313417209609e+00
1.555473599563659937e+00
2.960728794990014623e-01
7.862073278958425782e-01
1.056845716749069242e+00
6.009874842558666774e-01
6.667812208371926008e-01
8.136330990012949904e-01
-2.640549129468245937e-01
-2.864896810996107046e-01
9.694590771222658665e-01
7.340479443137218896e-01
8.037491044893834147e-01
1.819771183617072019e+00
1.640332885987855205e+00
9.319921194858797886e-01
2.114357654259692021e-01
1.012095544299708827e+00
6.398174520975941082e-01
1.211285060689895499e+00
2.351099019964851156e+00
7.430128660156319897e-01
1.824113182971760949e+00
9.012230780509398187e-01
1.009475839290382648e+00
-7.206944737923841604e-01
-8.651552492118280702e-01
-4.916752045419690575e-01
4.223007891262676172e-01
-5.259270015918411367e-01
-5.691447126845597948e-01
-1.785080129698151330e+00
-1.332002461712396002e+00
-2.537048310489919523e+00
-1.979593123953872214e+00
-2.070322340606847167e+00
-1.603812311292007076e+00
-1.156215847514645123e+00
-2.362593347153782997e+00
-1.443921106272171961e+00
-1.752329460485560375e+00
-7.624278999909257504e-01
-1.692871640851209891e+00
-1.796294830330420256e+00
-1.475264260812308770e+00
-2.166792449014272481e+00
-2.934535638647419731e+00
-1.843874949753955939e+00
-2.771215282253926215e+00
-2.319084611752989744e+00
-1.991592115424277942e+00
-2.218793680586210293e+00
-2.443033908088628969e+00
-2.374917555085227949e+00
-2.501850983618302049e+00
-2.763718373239274051e+00
-1.275641867472430357e+00
-2.371568721706420302e+00
-2.808932490513919245e+00
-1.781120115040360385e+00
-3.299858951705237242e+00
-2.961147500748953831e+00
-3.312196189686827275e+00
-3.146123285586471585e+00
-3.181728592435290714e+00
-2.499648358178116148e+00
-2.043490943283419625e+00
-2.658592406021120347e+00
-4.740202794074049208e+00
-3.481064116261254338e+00
-3.059049482986015089e+00
-3.245771319957178935e+00
-3.948050920814006659e+00
-4.900662470256725634e+00
-4.027815860988956942e+00
-5.401762972565658849e+00
-5.054641173078342042e+00
-4.508207769259803932e+00
-4.797958027403811165e+00
-4.972956362267170860e+00
-5.599385077344189554e+00
-4.407288477633587220e+00
-6.739524807759066150e+00
-6.273826351923922573e+00
-5.903848343402804844e+00
-6.780268294331704304e+00
-6.772997894007056985e+00
