1.490729606917286787e-01
1.108792181370343161e-01
6.384118324625562835e-01
7.638189124098391236e-01
8.060455558938364184e-01
6.578171130540586553e-01
7.772184085549816990e-01
4.449473123014501819e-01
4.835217107779669621e-01
-6.101074678909151894e-02
-1.275532973565826900e-01
-1.109161805440352089e-02
2.731053564237639342e-01
3.943692617362016817e-01
1.062049870854032685e+00
8.957323449747459643e-01
5.694729843918345802e-01
3.705109158749644305e-01
4.883845466587689588e-01
1.019741822006282383e+00
6.023233805435086463e-01
3.927348490202060560e-01
7.253861761459350355e-01
5.081171892262057455e-01
8.300098185935083084e-01
1.071880692167755944e+00
1.287696302707211027e+00
1.956724612289634901e+00
1.766614291953674254e+00
2.107605482298923416e+00
1.931209255631505917e+00
1.902458396317039613e+00
1.852857897709986768e+00
1.665428221481820792e+00
1.841157810452025201e+00
1.630953469534027978e+00
1.965278848991356186e+00
1.731352703947446114e+00
1.794708403013662856e+00
1.916164316495829079e+00
1.803237692154668892e+00
1.938534585319478198e+00
2.229594261031448532e+00
2.184324737285262330e+00
1.562455457705760997e+00
1.819239278106241864e+00
2.169592911163231719e+00
2.462308125130770353e+00
2.255560456089696242e+00
2.124044079709524357e+00
2.130142842333407227e+00
2.166252759543860318e+00
1.772117048412714890e+00
2.295879907774380335e+00
2.273611180505706653e+00
2.524501457612049915e+00
2.656657074556389109e+00
2.580055725651615006e+00
2.580935942019010998e+00
2.803415805691674034e+00
2.635662622194877791e+00
2.481642000213248878e+00
2.508484110165993819e+00
2.004965080256952525e+00
2.021568013824084797e+00
2.334768492090347980e+00
2.640653321857143077e+00
2.363225221068821824e+00
2.208082898713295883e+00
2.138469241751994598e+00
2.140889135755030814e+00
2.216497570584380128e+00
1.942771081170039604e+00
2.200565920943464704e+00
2.138654400118318755e+00
2.103123128131378916e+00
1.703823758086144169e+00
1.949484278676812954e+00
2.230509882315798276e+00
2.291445930631717864e+00
2.227083422850229422e+00
2.254567372979597639e+00
2.386862941254987547e+00
1.949121603847704387e+00
2.012012449065940345e+00
1.715212191220205407e+00
1.712695027148300797e+00
1.844198890852718042e+00
1.789902463501703123e+00
1.600186092954177353e+00
1.759339966117973164e+00
1.964719570556630490e+00
1.274061641714574256e+00
9.124711120786737073e-01
7.913963575843735443e-01
8.541554408560778633e-01
1.019867357006728481e-01
-8.377329025957794273e-03
2.137224758519395418e-01
5.917811998212401114e-01
9.164643412029882530e-01
6.111201059785020817e-01
7.133777524210282994e-01
4.809166954538561800e-01
5.144544389495752101e-01
5.022959534837826423e-01
9.767239938289420387e-01
8.566707348789606158e-01
1.132921463251792105e+00
1.336612513681887826e+00
1.423472994576403972e+00
1.395694293887789428e+00
1.426514731919226842e+00
1.374533676719909892e+00
1.037946126356585452e+00
1.427141173049289558e+00
7.203280279162290745e-01
-3.596385483606479028e-02
4.378527411644047573e-01
5.400128117632060354e-01
5.360285072811133977e-01
5.042087127673133828e-01
3.644130472921131014e-01
4.540218250650510656e-01
1.024986636982360810e+00
1.285916696942920767e+00
1.395340363290077823e+00
1.625847567271310190e+00
1.208143327319759042e+00
6.503971108726228634e-01
6.741542862749984044e-01
9.251235724565600727e-01
8.674165176766074348e-01
1.288290689127345123e+00
1.487796362599758115e+00
1.241243026776935876e+00
8.864906629579949460e-01
7.705063774457556747e-01
5.427863626186688606e-01
-1.301915919673174438e-01
-2.553667707846766222e-01
-2.497489133602316946e-01
-4.383249695110262301e-01
-7.789640298451604439e-01
-1.154621941856821987e+00
-1.813168294501647848e+00
-2.108644272765859196e+00
-1.966938506574267942e+00
-2.194458202324143681e+00
-2.164716822324940004e+00
-2.104864543282230382e+00
-1.928748329653789062e+00
-1.899762252054265632e+00
-1.734422394168424919e+00
-1.968037652239436719e+00
-1.899132742532197993e+00
-2.037672731322275332e+00
-2.195725713676838886e+00
-2.010806659357969206e+00
-2.506819031703205081e+00
-2.619656840152948085e+00
-2.442175782836947917e+00
-2.309307081646501114e+00
-2.341658231656205125e+00
-2.268622782688073158e+00
-2.475289074297692959e+00
-2.524045853483400492e+00
-3.010514451772803746e+00
-2.776441481543337364e+00
-2.341131221365518655e+00
-2.173223840219629999e+00
-2.644241385080336126e+00
-2.649373527007852669e+00
-2.313397731124907430e+00
-3.245150700421955303e+00
-3.429479229519313943e+00
-3.828321254667610418e+00
-3.817138841831115403e+00
-3.354283736096694835e+00
-2.935978628876585006e+00
-2.502800583335856643e+00
-3.023968708757255541e+00
-3.162435021579431904e+00
-3.711101015886357324e+00
-3.864093223475790317e+00
-3.852234609869834792e+00
-3.892303951204013401e+00
-3.976512524580543939e+00
-4.246357478451576739e+00
-5.087136319148775954e+00
-5.188349038552513726e+00
-4.825289473365184101e+00
-4.771671669702191032e+00
-5.588393196318872214e+00
-5.374617668306420626e+00
-5.369671491302260513e+00
-5.786332654673411291e+00
-6.339340664183227503e+00
-6.491309852373814415e+00
-6.219399867032798568e+00
-6.454561298728374474e+00
