-5.438746339513484074e+00
-4.835524203327187465e+00
-4.601050924342998449e+00
-5.135927929611665554e+00
-3.782642629138397439e+00
-4.508971935608236059e+00
-4.070148747084499696e+00
-4.926001172713049492e+00
-5.914023527509251643e+00
-5.401292345594324473e+00
-4.872556911476292107e+00
-5.139104164180365864e+00
-4.937004860232039327e+00
-5.101147527778396196e+00
-4.752718886065617099e+00
-4.161951001982273191e+00
-4.298916609746973982e+00
-4.051792712010183983e+00
-3.881845398273809700e+00
-3.327674051724648585e+00
-4.197408157149109087e+00
-3.807461979447268163e+00
-4.021253356316578653e+00
-4.884047139013317995e+00
-3.668380211799479262e+00
-4.986879307751759249e+00
-3.229293016047258824e+00
-3.354501011768729946e+00
-4.480583149163584800e+00
-4.684774303235714754e+00
-5.140688601755698528e+00
-4.735584452998946148e+00
-5.326120261690936886e+00
-4.387623350030789737e+00
-4.083802932484951853e+00
-2.652640509047685224e+00
-4.187447570381992001e+00
-3.660660195694737773e+00
-4.015179409956552092e+00
-2.408141814289093574e+00
-2.240107517107540858e+00
-2.341879052783268911e+00
-3.191642904610309195e+00
-2.359464048704757566e+00
-2.667462442129751921e+00
-2.896048587602545688e+00
-2.718154457673881197e+00
-1.832704833476960449e+00
-2.927166199274886971e+00
-1.664821834463015904e+00
-4.021450038883224387e+00
-3.348006725777255888e+00
-3.061204729431140414e+00
-2.578328765000269751e+00
-3.368707931289901314e+00
-4.073762376835186494e+00
-4.564746363356063874e+00
-3.460131443950767327e+00
-3.721751079753188307e+00
-4.368821577343330098e+00
-3.631512481344016940e+00
-3.425405308996700260e+00
-3.734567931599400481e+00
-4.026615060434933113e+00
-4.257629983748086211e+00
-2.969572964592586573e+00
-2.479157694491883390e+00
-4.504682256268924156e+00
-3.355019019181101569e+00
-4.254542352390314974e+00
-3.025197373820764923e+00
-4.069109255646060852e+00
-4.015207649054522321e+00
-3.013732397348265035e+00
-3.083407869579660066e+00
-2.865512323113229343e+00
-2.484979906137401606e+00
-3.204423531399802183e+00
-3.036291981825326225e+00
-2.794386074410655674e+00
-2.015008304320788035e+00
-2.209453523822789034e+00
-3.402617875856238872e+00
-3.091234325606559530e+00
-2.991662369678294908e+00
-3.408761064400669838e+00
-3.481994606657269564e+00
-2.928666913717620890e+00
-3.261840719889377738e+00
-2.902540028745556722e+00
-2.400206657574967650e+00
-1.974239079474701120e+00
-2.619427278055679764e+00
-1.632080640450866316e+00
-2.242596325577359551e+00
-1.706767594645030250e+00
-1.657979150728521089e+00
-6.103333988990711223e-01
-4.570689092197481873e-01
-6.279762821364069936e-01
-1.137512104137872182e+00
-2.087765330433879463e-01
2.448098537712120049e-01
-2.605362457020237166e-01
1.786829357363163062e+00
1.601912267230220621e+00
2.381911948557336789e+00
1.372513192409950733e+00
2.266381099046907988e+00
1.941521053108282491e+00
2.183392958978763065e+00
2.764160981116812188e+00
1.990797866999541643e+00
9.684021190898652875e-01
2.380268502997091584e+00
2.548655214418146464e+00
2.417746955637108286e+00
1.461573427351669174e+00
1.503763051290913921e+00
2.313285084352004084e+00
2.014593213531996163e+00
2.976029898283818476e+00
2.132333157029020487e+00
2.272567687315042217e+00
1.486460378202179466e+00
2.129113475339307726e+00
2.079350690139772695e+00
9.308038336650934497e-01
1.937011526704541353e+00
3.190138521497932089e+00
1.899233029104135273e+00
2.510143111849455266e+00
2.290900324540587896e+00
3.804996094840725540e+00
3.226371110575231516e+00
3.613483898566419938e+00
3.317915538325735270e+00
2.875496921784009619e+00
3.030991508145829183e+00
3.069394682472579738e+00
2.870764237093764937e+00
2.885058834302278719e+00
2.257543622732128163e+00
3.246647080547103936e+00
2.247583875998173664e+00
2.561837006025788899e+00
3.680765140775958066e+00
5.016208062041392246e+00
3.309541541585101498e+00
2.770884571007526276e+00
4.338700862206185782e+00
3.717326404575920673e+00
4.315046581266692272e+00
4.351178430991257784e+00
3.735893337638492184e+00
3.743067902779082967e+00
4.027277918129130718e+00
3.983580594723672874e+00
4.540076452762900061e+00
3.879468588783832939e+00
4.638313476778279210e+00
5.265983484791085800e+00
5.947890475490603457e+00
5.179581845191797207e+00
6.547949589040436891e+00
4.174404733656544408e+00
4.036210902461093042e+00
3.926802437283844149e+00
4.477530924083074737e+00
4.660528192821625559e+00
4.036132229212594957e+00
3.939265014723538627e+00
2.888801709612356383e+00
3.411675736986349960e+00
2.621193035042108654e+00
2.294132150142138116e+00
1.762325738870301084e+00
2.736582546428004470e+00
3.164445414995722849e+00
3.579816745161585878e+00
3.400016217745110758e+00
2.543237584947399821e+00
1.844749218430103532e+00
3.554486480820521432e+00
3.960778065041640872e+00
3.256259943128427814e+00
3.216806294929639876e+00
3.582209389980577363e+00
2.585204338884214081e+00
3.444574553300249420e+00
3.680633097059436309e+00
2.884239029858865155e+00
3.880441242313619199e+00
3.306346837693363128e+00
2.964962088326078771e+00
3.126805708225172786e+00
3.293178339633283880e+00
2.565711968332495374e+00
3.011766753467377100e+00
2.084862068756629938e+00
3.005684469300569539e+00
