-3.131948188720907744e-01
3.180249534450309001e-01
2.586069450582271778e-01
6.625884363221252737e-01
7.771763497563090040e-01
6.739203418214418928e-01
1.587557100489039863e-01
-2.116662516154500517e-01
-7.390464552920403829e-01
-5.853020558767075832e-01
-1.333806325493065992e-01
-2.033342819768718668e-03
-9.986768069970017314e-02
-2.845007287769397708e-01
2.325049661205043083e-01
5.577390259814744011e-01
7.237860638047648454e-01
6.941223384033605726e-01
1.000119423259221429e+00
1.130857909212935608e+00
5.994941914079224832e-01
1.749784013988813225e-01
3.278033787709478397e-01
2.354342465846542831e-01
2.178587780094355941e-01
-8.336317643982715797e-02
-2.264978006751675599e-01
-1.812832746168584475e-01
-3.454859080061953303e-01
-2.606924101198315746e-01
-3.594078386450236806e-01
-3.720154339596802862e-01
-8.065595607628857078e-01
-2.110548970514318778e-01
-4.753551129208818948e-01
2.536079624205603289e-01
4.359442502761033400e-01
9.184769065469027272e-01
1.047572180391366015e+00
9.035504124017057492e-01
1.122472265014625714e+00
9.430177452725599929e-01
1.184770596118106312e+00
1.072093263989493339e+00
1.374127515001861921e+00
1.061721164655499816e+00
1.158979843123269182e+00
1.184821925853137170e+00
9.276847721255427892e-01
1.040864131349654276e+00
7.310190938016567497e-01
4.285260813272450675e-01
8.056566426595146435e-01
8.071670844562661706e-01
2.820270884119396859e-01
3.979521429786375686e-02
-4.924503271457161824e-01
8.625058099657245680e-03
3.945549316682688268e-01
4.628762521494776405e-01
6.396487430296236010e-01
3.301001706090213594e-01
2.184940790632835805e-01
-3.273496458102087558e-01
-5.607189953897613321e-01
-7.249834432643209592e-02
1.979633866425441480e-01
-1.404508838034864704e-01
-1.421706926738965093e-01
-1.857252010108239315e-01
4.596215692462882751e-01
-5.979400388493005813e-02
-8.455977257580089834e-02
1.592989252712784798e-01
6.645875448046221212e-01
5.675459987190122346e-01
9.964489008594319408e-01
6.898046159847157632e-01
4.675758086119653489e-01
9.997960615507751614e-01
1.314107982991373325e+00
1.395602143328224631e+00
1.041265391485838077e+00
7.437965531866207458e-01
6.795553831470437789e-01
5.588001997880434057e-01
1.538345333729485565e-01
1.970207126160834765e-01
2.133514678730457914e-01
1.163678217260521869e-01
7.708730000601573540e-01
1.034737296859137290e+00
1.188892931299379230e+00
1.138609400023675722e+00
1.513710045484587541e+00
1.379947983687964452e+00
1.295640124641846969e+00
1.844095481329581565e+00
1.970081660010767122e+00
2.567832110535523071e+00
2.296287827604849063e+00
2.175931521182586259e+00
2.962090970044092941e+00
3.361182709138795577e+00
4.396273228702071378e+00
5.074585882881136101e+00
5.071706939420039362e+00
4.901334297243381322e+00
4.983907498644564171e+00
4.782196107504442573e+00
4.819811824359259589e+00
4.939053403522826180e+00
4.460912659841321570e+00
4.811121683897588319e+00
4.855158653949551706e+00
4.833739291455809273e+00
4.918643062479356232e+00
4.766153973354367857e+00
4.779324206308958267e+00
4.491237617892158696e+00
4.783837854633801179e+00
4.976065000763843393e+00
4.699434519019381362e+00
4.645090742320017618e+00
4.297860079825207791e+00
4.017680999058064195e+00
3.992108920400712524e+00
4.035799760374576550e+00
4.309513110028682092e+00
4.843037882771786151e+00
5.051921300219989419e+00
5.113451552966791880e+00
4.917376818100208880e+00
5.446795901775124626e+00
5.492204515809011589e+00
5.569378411255048178e+00
5.782600568732489066e+00
5.463300634477893603e+00
5.431723310636185076e+00
5.210616028567679692e+00
4.873511888213038823e+00
5.025393929169736928e+00
4.970952257933082485e+00
4.790663926701660635e+00
5.038022558790413719e+00
5.381908105502184014e+00
5.583249752184270776e+00
5.651560342995609609e+00
5.555500505132455302e+00
5.462889818193041869e+00
5.777446976798329636e+00
5.633971886489189451e+00
5.576155712630200156e+00
5.936353895759338251e+00
5.739747545752377889e+00
5.534197146301422343e+00
6.110586685299578491e+00
5.957782918235869474e+00
6.059836951309998554e+00
6.011573155214321673e+00
6.456668851834566958e+00
7.109633033150935866e+00
7.398084917550765027e+00
6.995886225288167282e+00
6.633796572968737593e+00
6.066745329759421601e+00
6.127024802201932907e+00
6.233815856997459548e+00
6.309126748305435406e+00
5.999318048726031805e+00
5.744807210615729076e+00
5.440785035622663024e+00
4.716610660852959214e+00
4.553367046308971489e+00
4.216461236017285508e+00
3.938571014227407296e+00
3.640085504031882913e+00
4.091799250600259619e+00
4.451017720640013664e+00
4.379460711360398051e+00
4.675971787116596445e+00
4.169855560620946200e+00
4.236540507626953556e+00
4.598224592839923908e+00
4.628533779409654159e+00
4.758594006305623125e+00
4.692160819618521828e+00
4.743356016243367002e+00
4.409324236868376268e+00
4.294518485667546237e+00
4.610857930472305632e+00
4.647854353298996877e+00
4.242786504628726085e+00
4.444563093894654315e+00
4.044590160551202018e+00
4.172153987498690597e+00
3.666554671872012339e+00
3.479315193045175558e+00
3.942870228119426557e+00
4.063537581900966700e+00
4.095020831368747061e+00
