5.000000000000000000e+00
5.019999999999999574e+00
5.039999999999999147e+00
5.059999999999998721e+00
5.079999999999998295e+00
5.099999999999997868e+00
5.119999999999997442e+00
5.139999999999997016e+00
5.159999999999996589e+00
5.179999999999996163e+00
5.199999999999995737e+00
5.219999999999995310e+00
5.239999999999994884e+00
5.259999999999994458e+00
5.279999999999994031e+00
5.299999999999993605e+00
5.319999999999993179e+00
5.339999999999992752e+00
5.359999999999992326e+00
5.379999999999991900e+00
5.399999999999991473e+00
5.419999999999991047e+00
5.439999999999990621e+00
5.459999999999990195e+00
5.479999999999989768e+00
5.499999999999989342e+00
5.519999999999988916e+00
5.539999999999988489e+00
5.559999999999988063e+00
5.579999999999987637e+00
5.599999999999987210e+00
5.619999999999986784e+00
5.639999999999986358e+00
5.659999999999985931e+00
5.679999999999985505e+00
5.699999999999985079e+00
5.719999999999984652e+00
5.739999999999984226e+00
5.759999999999983800e+00
5.779999999999983373e+00
5.799999999999982947e+00
5.819999999999982521e+00
5.839999999999982094e+00
5.859999999999981668e+00
5.879999999999981242e+00
5.899999999999980815e+00
5.919999999999980389e+00
5.939999999999979963e+00
5.959999999999979536e+00
5.979999999999979110e+00
5.999999999999978684e+00
6.019999999999978257e+00
6.039999999999977831e+00
6.059999999999977405e+00
6.079999999999976978e+00
6.099999999999976552e+00
6.119999999999976126e+00
6.139999999999975699e+00
6.159999999999975273e+00
6.179999999999974847e+00
6.199999999999974420e+00
6.219999999999973994e+00
6.239999999999973568e+00
6.259999999999973141e+00
6.279999999999972715e+00
6.299999999999972289e+00
6.319999999999971863e+00
6.339999999999971436e+00
6.359999999999971010e+00
6.379999999999970584e+00
6.399999999999970157e+00
6.419999999999969731e+00
6.439999999999969305e+00
6.459999999999968878e+00
6.479999999999968452e+00
6.499999999999968026e+00
6.519999999999967599e+00
6.539999999999967173e+00
6.559999999999966747e+00
6.579999999999966320e+00
6.599999999999965894e+00
6.619999999999965468e+00
6.639999999999965041e+00
6.659999999999964615e+00
6.679999999999964189e+00
6.699999999999963762e+00
6.719999999999963336e+00
6.739999999999962910e+00
6.759999999999962483e+00
6.779999999999962057e+00
6.799999999999961631e+00
6.819999999999961204e+00
6.839999999999960778e+00
6.859999999999960352e+00
6.879999999999959925e+00
6.899999999999959499e+00
6.919999999999959073e+00
6.939999999999958646e+00
6.959999999999958220e+00
6.979999999999957794e+00
6.999999999999957367e+00
7.019999999999956941e+00
7.039999999999956515e+00
7.059999999999956088e+00
7.079999999999955662e+00
7.099999999999955236e+00
7.119999999999954809e+00
7.139999999999954383e+00
7.159999999999953957e+00
7.179999999999953531e+00
7.199999999999953104e+00
7.219999999999952678e+00
7.239999999999952252e+00
7.259999999999951825e+00
7.279999999999951399e+00
7.299999999999950973e+00
7.319999999999950546e+00
7.339999999999950120e+00
7.359999999999949694e+00
7.379999999999949267e+00
7.399999999999948841e+00
7.419999999999948415e+00
7.439999999999947988e+00
7.459999999999947562e+00
7.479999999999947136e+00
7.499999999999946709e+00
7.519999999999946283e+00
7.539999999999945857e+00
7.559999999999945430e+00
7.579999999999945004e+00
7.599999999999944578e+00
7.619999999999944151e+00
7.639999999999943725e+00
7.659999999999943299e+00
7.679999999999942872e+00
7.699999999999942446e+00
7.719999999999942020e+00
7.739999999999941593e+00
7.759999999999941167e+00
7.779999999999940741e+00
7.799999999999940314e+00
7.819999999999939888e+00
7.839999999999939462e+00
7.859999999999939035e+00
7.879999999999938609e+00
7.899999999999938183e+00
7.919999999999937756e+00
7.939999999999937330e+00
7.959999999999936904e+00
7.979999999999936477e+00
7.999999999999936051e+00
8.019999999999935625e+00
8.039999999999935199e+00
8.059999999999934772e+00
8.079999999999934346e+00
8.099999999999933920e+00
8.119999999999933493e+00
8.139999999999933067e+00
8.159999999999932641e+00
8.179999999999932214e+00
8.199999999999931788e+00
8.219999999999931362e+00
8.239999999999930935e+00
8.259999999999930509e+00
8.279999999999930083e+00
8.299999999999929656e+00
8.319999999999929230e+00
8.339999999999928804e+00
8.359999999999928377e+00
8.379999999999927951e+00
8.399999999999927525e+00
8.419999999999927098e+00
8.439999999999926672e+00
8.459999999999926246e+00
8.479999999999925819e+00
8.499999999999925393e+00
8.519999999999924967e+00
8.539999999999924540e+00
8.559999999999924114e+00
8.579999999999923688e+00
8.599999999999923261e+00
8.619999999999922835e+00
8.639999999999922409e+00
8.659999999999921982e+00
8.679999999999921556e+00
8.699999999999921130e+00
8.719999999999920703e+00
8.739999999999920277e+00
8.759999999999919851e+00
8.779999999999919424e+00
8.799999999999918998e+00
8.819999999999918572e+00
8.839999999999918145e+00
8.859999999999917719e+00
8.879999999999917293e+00
8.899999999999916866e+00
8.919999999999916440e+00
8.939999999999916014e+00
8.959999999999915588e+00
8.979999999999915161e+00
8.999999999999914735e+00
9.019999999999914309e+00
9.039999999999913882e+00
9.059999999999913456e+00
9.079999999999913030e+00
9.099999999999912603e+00
9.119999999999912177e+00
9.139999999999911751e+00
9.159999999999911324e+00
9.179999999999910898e+00
9.199999999999910472e+00
9.219999999999910045e+00
9.239999999999909619e+00
9.259999999999909193e+00
9.279999999999908766e+00
9.299999999999908340e+00
9.319999999999907914e+00
9.339999999999907487e+00
9.359999999999907061e+00
9.379999999999906635e+00
9.399999999999906208e+00
9.419999999999905782e+00
9.439999999999905356e+00
9.459999999999904929e+00
9.479999999999904503e+00
9.499999999999904077e+00
9.519999999999903650e+00
9.539999999999903224e+00
9.559999999999902798e+00
9.579999999999902371e+00
9.599999999999901945e+00
9.619999999999901519e+00
9.639999999999901092e+00
9.659999999999900666e+00
9.679999999999900240e+00
9.699999999999899813e+00
9.719999999999899387e+00
9.739999999999898961e+00
9.759999999999898534e+00
9.779999999999898108e+00
9.799999999999897682e+00
9.819999999999897256e+00
9.839999999999896829e+00
9.859999999999896403e+00
9.879999999999895977e+00
9.899999999999895550e+00
9.919999999999895124e+00
9.939999999999894698e+00
9.959999999999894271e+00
9.979999999999893845e+00
9.999999999999893419e+00
1.001999999999989299e+01
1.003999999999989257e+01
1.005999999999989214e+01
1.007999999999989171e+01
1.009999999999989129e+01
1.011999999999989086e+01
1.013999999999989043e+01
1.015999999999989001e+01
1.017999999999988958e+01
1.019999999999988916e+01
1.021999999999988873e+01
1.023999999999988830e+01
1.025999999999988788e+01
1.027999999999988745e+01
1.029999999999988702e+01
1.031999999999988660e+01
1.033999999999988617e+01
1.035999999999988574e+01
1.037999999999988532e+01
1.039999999999988489e+01
1.041999999999988447e+01
1.043999999999988404e+01
1.045999999999988361e+01
1.047999999999988319e+01
1.049999999999988276e+01
1.051999999999988233e+01
1.053999999999988191e+01
1.055999999999988148e+01
1.057999999999988106e+01
1.059999999999988063e+01
1.061999999999988020e+01
1.063999999999987978e+01
1.065999999999987935e+01
1.067999999999987892e+01
1.069999999999987850e+01
1.071999999999987807e+01
1.073999999999987764e+01
1.075999999999987722e+01
1.077999999999987679e+01
1.079999999999987637e+01
1.081999999999987594e+01
1.083999999999987551e+01
1.085999999999987509e+01
1.087999999999987466e+01
1.089999999999987423e+01
1.091999999999987381e+01
1.093999999999987338e+01
1.095999999999987295e+01
1.097999999999987253e+01
1.099999999999987210e+01
1.101999999999987168e+01
1.103999999999987125e+01
1.105999999999987082e+01
1.107999999999987040e+01
1.109999999999986997e+01
1.111999999999986954e+01
1.113999999999986912e+01
1.115999999999986869e+01
1.117999999999986827e+01
1.119999999999986784e+01
1.121999999999986741e+01
1.123999999999986699e+01
1.125999999999986656e+01
1.127999999999986613e+01
1.129999999999986571e+01
1.131999999999986528e+01
1.133999999999986485e+01
1.135999999999986443e+01
1.137999999999986400e+01
1.139999999999986358e+01
1.141999999999986315e+01
1.143999999999986272e+01
1.145999999999986230e+01
1.147999999999986187e+01
1.149999999999986144e+01
1.151999999999986102e+01
1.153999999999986059e+01
1.155999999999986017e+01
1.157999999999985974e+01
1.159999999999985931e+01
1.161999999999985889e+01
1.163999999999985846e+01
1.165999999999985803e+01
1.167999999999985761e+01
1.169999999999985718e+01
1.171999999999985675e+01
1.173999999999985633e+01
1.175999999999985590e+01
1.177999999999985548e+01
1.179999999999985505e+01
1.181999999999985462e+01
1.183999999999985420e+01
1.185999999999985377e+01
1.187999999999985334e+01
1.189999999999985292e+01
1.191999999999985249e+01
1.193999999999985207e+01
1.195999999999985164e+01
1.197999999999985121e+01
1.199999999999985079e+01
1.201999999999985036e+01
1.203999999999984993e+01
1.205999999999984951e+01
1.207999999999984908e+01
1.209999999999984865e+01
1.211999999999984823e+01
1.213999999999984780e+01
1.215999999999984738e+01
1.217999999999984695e+01
1.219999999999984652e+01
1.221999999999984610e+01
1.223999999999984567e+01
1.225999999999984524e+01
1.227999999999984482e+01
1.229999999999984439e+01
1.231999999999984396e+01
1.233999999999984354e+01
1.235999999999984311e+01
1.237999999999984269e+01
1.239999999999984226e+01
1.241999999999984183e+01
1.243999999999984141e+01
1.245999999999984098e+01
1.247999999999984055e+01
1.249999999999984013e+01
1.251999999999983970e+01
1.253999999999983928e+01
1.255999999999983885e+01
1.257999999999983842e+01
1.259999999999983800e+01
1.261999999999983757e+01
1.263999999999983714e+01
1.265999999999983672e+01
1.267999999999983629e+01
1.269999999999983586e+01
1.271999999999983544e+01
1.273999999999983501e+01
1.275999999999983459e+01
1.277999999999983416e+01
1.279999999999983373e+01
1.281999999999983331e+01
1.283999999999983288e+01
1.285999999999983245e+01
1.287999999999983203e+01
1.289999999999983160e+01
1.291999999999983118e+01
1.293999999999983075e+01
1.295999999999983032e+01
1.297999999999982990e+01
1.299999999999982947e+01
1.301999999999982904e+01
1.303999999999982862e+01
1.305999999999982819e+01
1.307999999999982776e+01
1.309999999999982734e+01
1.311999999999982691e+01
1.313999999999982649e+01
1.315999999999982606e+01
1.317999999999982563e+01
1.319999999999982521e+01
1.321999999999982478e+01
1.323999999999982435e+01
1.325999999999982393e+01
1.327999999999982350e+01
1.329999999999982307e+01
1.331999999999982265e+01
1.333999999999982222e+01
1.335999999999982180e+01
1.337999999999982137e+01
1.339999999999982094e+01
1.341999999999982052e+01
1.343999999999982009e+01
1.345999999999981966e+01
1.347999999999981924e+01
1.349999999999981881e+01
1.351999999999981839e+01
1.353999999999981796e+01
1.355999999999981753e+01
1.357999999999981711e+01
1.359999999999981668e+01
1.361999999999981625e+01
1.363999999999981583e+01
1.365999999999981540e+01
1.367999999999981497e+01
1.369999999999981455e+01
1.371999999999981412e+01
1.373999999999981370e+01
1.375999999999981327e+01
1.377999999999981284e+01
1.379999999999981242e+01
1.381999999999981199e+01
1.383999999999981156e+01
1.385999999999981114e+01
1.387999999999981071e+01
1.389999999999981029e+01
1.391999999999980986e+01
1.393999999999980943e+01
1.395999999999980901e+01
1.397999999999980858e+01
1.399999999999980815e+01
1.401999999999980773e+01
1.403999999999980730e+01
1.405999999999980687e+01
1.407999999999980645e+01
1.409999999999980602e+01
1.411999999999980560e+01
1.413999999999980517e+01
1.415999999999980474e+01
1.417999999999980432e+01
1.419999999999980389e+01
1.421999999999980346e+01
1.423999999999980304e+01
1.425999999999980261e+01
1.427999999999980218e+01
1.429999999999980176e+01
1.431999999999980133e+01
1.433999999999980091e+01
1.435999999999980048e+01
1.437999999999980005e+01
1.439999999999979963e+01
1.441999999999979920e+01
1.443999999999979877e+01
1.445999999999979835e+01
1.447999999999979792e+01
1.449999999999979750e+01
1.451999999999979707e+01
1.453999999999979664e+01
1.455999999999979622e+01
1.457999999999979579e+01
1.459999999999979536e+01
1.461999999999979494e+01
1.463999999999979451e+01
1.465999999999979408e+01
1.467999999999979366e+01
1.469999999999979323e+01
1.471999999999979281e+01
1.473999999999979238e+01
1.475999999999979195e+01
1.477999999999979153e+01
1.479999999999979110e+01
1.481999999999979067e+01
1.483999999999979025e+01
1.485999999999978982e+01
1.487999999999978940e+01
1.489999999999978897e+01
1.491999999999978854e+01
1.493999999999978812e+01
1.495999999999978769e+01
1.497999999999978726e+01
1.499999999999978684e+01
