5.674612254037873171e+00
4.183580202786426838e+00
4.771936748605062562e+00
5.038227369222984642e+00
4.745982967978119582e+00
4.376024179191349894e+00
5.886924497276877943e+00
5.397339875849079149e+00
5.022886550668386185e+00
4.350326001222616590e+00
4.440628665725272484e+00
5.098313880685339861e+00
3.221787998565406319e+00
4.702075431987127629e+00
4.570913749485637112e+00
2.106994060294232529e+00
3.498898013545491015e+00
1.601104288822185140e+00
2.386102366490678861e+00
4.395845276496897824e+00
4.048820140842647852e+00
5.260649372933207779e+00
3.351869557018396062e+00
3.976465642447705839e+00
4.152639599337490495e+00
4.364475891003671393e+00
4.148503011768781334e+00
5.008428514481749971e+00
3.926287242075988448e+00
4.884173500692938319e+00
4.614063998951412948e+00
4.130408838438186514e+00
4.910599848618265817e+00
3.107421783850627950e+00
4.654639223266853421e+00
5.195299444064293226e+00
5.039119808625509123e+00
4.458953407723655893e+00
4.574345829892642712e+00
2.968122653518198373e+00
2.756402794195466299e+00
3.835190274587480630e+00
3.890365553141710731e+00
3.026930220975987851e+00
3.344144135906404358e+00
4.214746379976127777e+00
3.816463436404998077e+00
5.239855663417575471e+00
3.415610116808441177e+00
4.151886763957293169e+00
2.277805176201511461e+00
3.878151779361733720e+00
4.519490252330970570e+00
2.875806120836653434e+00
3.512950355681840442e+00
1.682164241198536914e+00
3.244783118501403330e+00
1.031793687228203638e+00
2.560958603647550458e+00
2.992509584916633436e+00
4.821218403818011922e+00
4.014600252996034513e+00
4.963159362930941398e+00
4.200654746724190147e+00
3.869516582906914692e+00
4.892863096192634487e+00
3.658515490017481220e+00
3.415516002542272389e+00
3.384947045619894013e+00
3.338643953827107769e+00
4.028936901608492605e+00
3.450141202860468326e+00
2.560058618100178762e+00
3.984863788800014017e+00
4.768260817564277332e+00
3.100799113690787756e+00
3.242880502117793107e+00
4.547555838174567988e+00
4.707611597863708752e+00
3.564048894467143569e+00
4.527707775922934275e+00
4.823791265114815374e+00
6.263521603394437420e+00
4.309602427964992266e+00
4.574060892114647281e+00
4.593601992304521708e+00
4.353633568259469122e+00
5.987839552936312870e+00
5.113251251020452415e+00
5.318369567934891684e+00
6.311271678078684388e+00
5.775325227342312573e+00
4.477327042669486445e+00
5.264857740295634692e+00
5.302517223626093568e+00
5.607104699057392949e+00
4.551582640844221039e+00
4.539578477401098766e+00
4.467833190373500685e+00
3.806510269582494388e+00
5.138232780672235656e+00
4.272622367409390165e+00
4.951603382183964897e+00
3.254001997723875217e+00
3.561978544219329468e+00
4.604137861864083803e+00
4.322567958078035844e+00
6.242668999941565211e+00
5.385246435994872627e+00
3.918740188015283898e+00
4.693540633878097168e+00
4.529307232885800616e+00
4.578514405118781383e+00
6.154051589274956768e+00
5.416018791731804782e+00
4.825079205390336412e+00
3.810290726372079551e+00
4.013401293379805779e+00
4.533999178232525296e+00
4.747660810764073425e+00
4.908400350234535914e+00
4.834233753101469411e+00
5.661238930096184063e+00
4.653312696491004097e+00
4.047896789710062393e+00
4.870079954032885183e+00
4.415467299762381614e+00
4.707921097484445205e+00
3.883126545435005905e+00
4.198502689368264207e+00
2.718132946336498712e+00
4.370161552438920793e+00
4.768775110331194611e+00
5.596625677525458364e+00
4.101768901413769264e+00
3.719090881103953805e+00
4.912985152054545779e+00
4.413385636364585807e+00
6.251893952011637445e+00
5.975254049186778715e+00
3.669935171812701125e+00
5.072787932331250360e+00
4.959254341583910985e+00
5.546670027674342585e+00
5.891656933636264526e+00
5.678623111595600292e+00
7.228110271187750513e+00
5.634816420877621468e+00
4.733609295856181731e+00
6.365188648306252972e+00
5.166032362983070669e+00
5.021482918403799900e+00
4.946292741751994626e+00
5.238850340176483655e+00
5.114452340802735364e+00
6.007256043478998109e+00
5.101997364173022298e+00
6.091350532029181863e+00
4.385277877744794495e+00
4.600638883345515850e+00
5.542196028665355101e+00
5.700949065769990831e+00
5.035626322103748720e+00
6.686628073756429202e+00
5.484711725287207074e+00
4.157924827785111077e+00
4.314737482477761787e+00
4.923307443764652014e+00
5.969714431955891243e+00
5.207695936558690342e+00
6.122477811035443196e+00
5.633807996857129297e+00
6.281854604742070691e+00
5.952037027536833058e+00
6.774666484093529562e+00
5.727507234351361554e+00
4.603883133987292986e+00
5.564728774808092915e+00
5.381463657195193484e+00
6.736887751188776363e+00
6.524343359896470851e+00
7.294324304809590487e+00
6.373448830642328922e+00
4.526415009005460455e+00
4.831564420563575268e+00
5.212657640000250225e+00
3.287555453853516774e+00
4.859059865245837884e+00
5.308433746316698176e+00
5.390259411703530290e+00
5.624101501463091068e+00
5.114830086610727911e+00
5.108184957574474439e+00
4.673530349599145595e+00
5.613429532030707492e+00
5.505906172089609640e+00
5.171548472721759104e+00
6.120442063816833311e+00
3.829470420007787812e+00
5.688757146746658222e+00
5.078751739878896387e+00
6.051463984368261606e+00
5.716017088453959616e+00
4.679356979060179000e+00
5.602770249718860285e+00
6.232220450420729030e+00
6.578833506462704150e+00
7.239656411664992852e+00
6.715360267015532791e+00
8.541362129620161170e+00
6.842241658000498994e+00
8.015793522431257756e+00
7.288638203857821907e+00
6.616398994066960526e+00
8.168865020358815343e+00
6.927975926733675571e+00
7.030952476131562712e+00
6.626343903865576479e+00
7.718575131695438074e+00
9.120816242051311917e+00
6.998569351057836840e+00
7.910362203905630274e+00
7.656085420543017328e+00
8.485527046726454969e+00
8.826915060137263680e+00
8.353527235660276773e+00
8.207415463537467204e+00
8.923253178789572360e+00
1.045173912069628308e+01
9.659608435163789864e+00
9.237341427977055375e+00
9.389753943128509306e+00
1.110680066124384169e+01
1.044236346991593578e+01
9.785278373056785384e+00
1.112473316292367009e+01
9.836118499207046284e+00
9.497929169712325148e+00
1.078112046978825589e+01
1.133003303612156465e+01
1.098969404801667160e+01
1.254086217864009356e+01
1.059488661068163395e+01
1.146726262945447239e+01
9.633285411997517755e+00
1.074357640778113954e+01
1.201726968144256880e+01
1.109781003223810281e+01
1.115906141780052252e+01
1.202476636955305622e+01
1.326242861708236198e+01
1.218418981904186893e+01
1.250954898851493269e+01
1.311658996089203733e+01
1.218469126359893373e+01
1.117993952326066776e+01
1.131325095050423180e+01
1.086717036789482194e+01
1.067444668763441307e+01
1.167338508975172751e+01
1.147347073608392343e+01
1.025967097423126795e+01
1.117533529723046115e+01
1.079600920538132591e+01
1.058804947182471068e+01
9.711435551621100615e+00
9.936308510050670506e+00
9.401610112743956194e+00
1.062580492670548615e+01
9.276383420322437345e+00
9.628931883028863936e+00
1.101174466914171646e+01
1.055891752988283194e+01
8.421815529274040202e+00
9.449046647532739485e+00
1.094135295972863986e+01
1.038884974964460639e+01
1.131681762067698571e+01
1.218923047393642989e+01
1.224632858062758878e+01
1.029430822212203545e+01
1.159730117140870931e+01
1.240871931208705448e+01
1.083032885684591839e+01
1.082122904309927414e+01
1.075817181321744798e+01
1.140944325368239909e+01
1.023623083432446990e+01
1.185513939158947139e+01
1.004613286862787191e+01
9.871392841995925593e+00
9.608656513807874333e+00
8.840080522502615779e+00
9.638797484132515692e+00
1.079847823577917509e+01
9.464267154199864862e+00
8.778737428270872556e+00
8.308597646350280641e+00
8.789202105778306517e+00
8.919170253042958407e+00
9.743277832076406852e+00
9.707679026038876557e+00
9.851746119514846356e+00
1.020065104871679296e+01
8.692264837039909153e+00
9.490991105599539068e+00
8.428809258025843576e+00
8.254122220791391129e+00
7.949519649786978448e+00
8.799862997138568232e+00
8.922597497216820273e+00
8.596998677429489533e+00
8.256703137764343836e+00
8.450767468553175732e+00
6.513369744011368923e+00
9.414645464485143833e+00
7.879050295494630873e+00
8.054746691041696494e+00
7.876984460390605847e+00
9.731866500824487787e+00
8.452702581580293639e+00
9.081794965871157643e+00
9.226917210037189676e+00
7.666141053840819453e+00
8.919266142199745673e+00
7.792644266109102880e+00
9.057237942947416798e+00
9.258698807207546011e+00
7.923831008742386217e+00
7.510860527931384922e+00
8.763597638970038517e+00
8.870578883935463566e+00
8.106987193418433435e+00
8.969819041363198409e+00
7.755337033023682380e+00
9.463539716068272156e+00
9.593851008836843164e+00
1.020574248522603256e+01
1.021734992982950452e+01
1.005930484670224700e+01
9.785773277867590991e+00
9.398977667287775617e+00
8.872706517047072694e+00
9.021855115811476367e+00
8.074435093669903196e+00
8.717503115160599947e+00
9.168227515362580959e+00
8.406725608034239627e+00
8.519399237845824757e+00
9.286967109800787767e+00
8.434113864675138572e+00
8.122880853520250355e+00
7.355230265107802978e+00
7.771567011604329167e+00
9.109377277278676743e+00
9.513961368872259072e+00
8.204101671196678325e+00
8.748463541309558167e+00
7.119287056591184104e+00
7.761194174039014904e+00
7.266909907674763858e+00
7.583000423343916552e+00
8.599519745901368140e+00
6.851900575892832634e+00
7.567130823727742595e+00
7.430248708232423560e+00
7.456067936615935032e+00
8.004289780610037042e+00
7.384588843671775926e+00
7.222442395309957242e+00
7.980479825235292424e+00
8.457181417840429205e+00
7.660664146156912935e+00
6.619228430215430059e+00
6.615276285138164347e+00
7.920290134836847074e+00
7.288123550355880553e+00
7.402928434294984150e+00
6.574503297944694680e+00
6.220267911035645803e+00
6.494120812410944410e+00
5.841984331028402977e+00
6.193732051750541423e+00
5.026897613193042957e+00
5.867728704540706275e+00
5.781093167444209868e+00
5.446759567078529152e+00
4.737860647698191485e+00
5.179016902886449891e+00
6.331565923576585320e+00
6.199391710690359325e+00
7.106949321185649815e+00
7.159861986416647284e+00
7.160373693258582861e+00
7.641612023500925943e+00
7.899868004312462944e+00
8.152004699000418242e+00
7.731746739254894862e+00
7.990881656251078269e+00
9.641652801030891951e+00
1.000189924516627826e+01
1.028885932114250679e+01
1.018083000825773965e+01
8.680423521818900312e+00
8.780609359410210146e+00
1.022334426783513806e+01
9.872962507131010312e+00
8.969654555155624820e+00
1.113384478604583450e+01
9.714400873101542544e+00
8.555979386802489373e+00
9.504440593294313899e+00
1.067271059343915596e+01
1.040117558264619646e+01
1.125070888572156314e+01
8.891360571032265625e+00
1.079351733653822976e+01
1.128533595582085880e+01
1.162376476404845604e+01
1.091152766209842540e+01
9.283649667370218239e+00
1.184914780361886955e+01
9.550912214496241504e+00
8.556305074193293336e+00
8.812140380058417932e+00
9.732110364383615320e+00
8.087073503420956655e+00
8.059051121352657887e+00
1.024912622524855976e+01
7.975962757830546757e+00
9.525442710010239011e+00
9.397477980319923319e+00
8.755615092734105431e+00
9.418065379565408790e+00
8.865092341678378673e+00
8.819121341337998743e+00
9.893501898744926137e+00
8.868909353926827777e+00
9.606081335157234946e+00
9.272832210868383385e+00
8.824542771005447150e+00
9.985075626123833814e+00
8.558226104122883982e+00
7.840441401988291759e+00
8.472980017619187620e+00
9.962319540849897237e+00
1.094255431513515120e+01
9.885426489492818547e+00
1.103147685316230842e+01
9.666473928262126591e+00
1.069361793209612266e+01
1.065316675481546049e+01
9.142544485464457082e+00
1.163635408060541110e+01
1.051129085439364275e+01
1.040384996511814997e+01
1.057072782937422240e+01
1.092201398791037548e+01
1.071217911651293697e+01
1.263439488127263388e+01
1.217705957841808129e+01
1.156916119849057800e+01
1.156300206152180721e+01
1.352784098037674632e+01
1.171106208021132922e+01
1.121506056213297242e+01
1.267292012039065696e+01
1.238047800809459531e+01
1.356706452196173629e+01
1.346165038136206782e+01
1.227858622180929693e+01
1.336130711077635347e+01
1.331762371583906734e+01
1.161680331409834288e+01
1.188242511231686294e+01
1.149522941184096680e+01
1.184025315773643428e+01
1.336358103412378462e+01
1.343514285108398099e+01
1.258958792045327790e+01
1.205824408124782110e+01
1.209884572828649674e+01
1.206750324145266973e+01
1.174172535242578697e+01
1.163604636372368972e+01
1.045968285181398372e+01
1.191798451269147741e+01
1.373470959648954093e+01
1.372496500554940901e+01
1.332539013924573013e+01
1.221028336748432963e+01
1.320545708058676304e+01
1.293216845354228539e+01
1.169997447594361617e+01
1.146782651713634493e+01
1.233150568211078379e+01
1.195916309404373301e+01
1.257922318375677051e+01
1.246002353742631463e+01
1.294726276507842044e+01
1.210973639681756353e+01
