2.118749438246290140e-01
-9.170896989140026045e-02
1.137567797774786671e-01
5.109421797376392238e-01
2.744341572572052135e-01
2.555980845558212811e-01
3.488636087545888831e-01
8.305429205707293150e-02
-1.084038212562982162e-01
-1.196051158426116034e-01
-4.939671392448351517e-01
-5.642332891818194751e-01
-8.727730139654487074e-01
-1.124663004606003991e+00
-8.775995684558011156e-01
-1.548583503873148803e+00
-2.232043269742387981e+00
-2.262088405218082521e+00
-2.203466661703704865e+00
-1.975796078262122224e+00
-1.258433245379733556e+00
-1.312418223151645025e+00
-1.264366496425000097e+00
-1.465510391391622314e+00
-1.520690937358702755e+00
-1.868966308041148272e+00
-1.361125552521242899e+00
-1.092537422000996461e+00
-1.191683580260377351e+00
-1.272878850776985038e+00
-1.294610559756651957e+00
-9.804479954405698194e-01
-9.302902636056636920e-01
-1.002119493890948565e+00
-8.223778141241733231e-01
-1.024970985568449233e+00
-9.169790599515197371e-01
-1.088245022238386817e+00
-1.876683849286290506e+00
-1.880687201414140031e+00
-1.655836216847379916e+00
-2.049273632557114588e+00
-2.019248374628949794e+00
-2.235014402897222752e+00
-2.027557270304629178e+00
-2.186107792359012869e+00
-2.524524983984310467e+00
-1.906265383954474091e+00
-2.181474094301497857e+00
-2.020408094377722730e+00
-1.940312208053931453e+00
-2.065893056269080486e+00
-2.214218367515727870e+00
-2.756174450318837899e+00
-3.014702238629533682e+00
-3.392795769408494699e+00
-3.417848949332976893e+00
-3.174590529421011276e+00
-3.128555132732570687e+00
-3.063439233879725165e+00
-2.129228996810272889e+00
-2.297562956843128390e+00
-2.379029378276166007e+00
-2.409038240898388583e+00
-2.149463859837844382e+00
-2.319341066475399060e+00
-2.765495951642781947e+00
-2.758628295761950788e+00
-2.861275885152409160e+00
-3.106298668759002179e+00
-2.921244455433470222e+00
-3.341003185389560315e+00
-2.921422642649217138e+00
-2.798789278695282601e+00
-2.403379812433104501e+00
-2.570913631724214277e+00
-2.528127428726296699e+00
-2.306410163473452180e+00
-2.534174153442374955e+00
-2.567488552112529909e+00
-2.251191851343616879e+00
-2.105068558748503182e+00
-1.575542902362755182e+00
-1.720709787054000905e+00
-1.528662703771216824e+00
-1.852081140810017068e+00
-1.561672737783684761e+00
-1.234864826200074983e+00
-1.277404862531691832e+00
-1.533012521888499791e+00
-1.340846881932435508e+00
-1.670544712092437711e+00
-2.040851771785133106e+00
-1.736155682851273196e+00
-1.959540156286727397e+00
-2.001971037455720026e+00
-2.290362427671354340e+00
-2.333216077986316694e+00
-2.349421844843259333e+00
-2.512907671793350950e+00
-2.618615798831667618e+00
-2.803515337373156058e+00
-2.644985572804383178e+00
-2.800944823794448535e+00
-2.781664795821269021e+00
-2.653882701136054845e+00
-2.548078380460285342e+00
-2.170799169118978078e+00
-2.404245227344166569e+00
-2.394174995589488653e+00
-2.515523873748981121e+00
-2.730456565057297169e+00
-2.337885250052059494e+00
-2.384636786653258955e+00
-2.464025253534110060e+00
-2.526749003430446283e+00
-2.792290132451576756e+00
-2.912416659082729620e+00
-2.894589897784320520e+00
-2.725736489540269147e+00
-2.514395290370488922e+00
-2.838401883336425513e+00
-2.859130326144092127e+00
-3.572825559556293662e+00
-3.161206811615733248e+00
-3.018828411204443452e+00
-3.303379519663510067e+00
-3.536747669635441405e+00
-3.592847063821559939e+00
-3.191577816377411558e+00
-3.335395161834367350e+00
-3.237629672322818841e+00
-3.371234798767384078e+00
-3.070204035484827010e+00
-2.668821739308762098e+00
-2.889907108201319019e+00
-2.806108888056078943e+00
-2.756166283988228383e+00
-3.023863168189740769e+00
-2.935865443182535728e+00
-3.141270831674949360e+00
-2.514186923480132840e+00
-2.257480309474331204e+00
-1.924493502600989947e+00
-1.854743889366799348e+00
-1.899402340743435058e+00
-2.266488138836427524e+00
-2.339440563823337538e+00
-2.568108799602693448e+00
-2.572969402093631786e+00
-2.751183221051425765e+00
-2.864480526819413342e+00
-2.612284646871615656e+00
-2.384097640848835020e+00
-2.456749255860375403e+00
-2.400864346987523934e+00
-2.985074604230825379e+00
-2.869402247681614337e+00
-3.178877857719096589e+00
-3.771104505344469171e+00
-3.364676021242173576e+00
-3.309859973465830940e+00
-2.535878294607658123e+00
-2.371371340853912102e+00
-2.591355890929611050e+00
-2.494915575772339356e+00
-2.811875951131387996e+00
-2.862394452753194152e+00
-2.098005650231484776e+00
-2.196673062887573913e+00
-2.492275732987728976e+00
-2.624876119392435925e+00
-2.344245654627115538e+00
-2.641273497675363124e+00
-2.438132966715210959e+00
-2.805892639789790088e+00
-2.907659975212546044e+00
-2.425191897086823367e+00
-2.770080934478101220e+00
-2.421782192409135614e+00
-2.747782021560651877e+00
-3.034151899231355642e+00
-3.123118732638126893e+00
-3.494430941543510194e+00
-3.285684956636954812e+00
-3.276307409059469489e+00
-3.918142665514501743e+00
-3.880179333834224309e+00
-3.877374611247541569e+00
-4.271414158893195534e+00
-3.933034715204948739e+00
-4.115563830210136054e+00
-3.494058342538228334e+00
-3.622566008036943064e+00
-3.593718907619271263e+00
-3.518762401849258925e+00
-2.994027785362040284e+00
-3.544189154822039001e+00
-3.745485837868586909e+00
-3.308154956423628779e+00
-2.705560146312606662e+00
-3.214952990130330424e+00
-3.226586152446654143e+00
-3.115823080422585267e+00
-2.884434365034225678e+00
-2.561103162355718332e+00
-2.464827409598858043e+00
-2.406408693656731934e+00
-2.349419404377166565e+00
-1.860440013338860332e+00
-1.953343505368583921e+00
-1.385279897744970734e+00
-1.656420043638087369e+00
-1.772782508684987102e+00
-1.747741895262871603e+00
-1.564330277918726919e+00
-1.887983229168374244e+00
-1.285750536161932356e+00
-1.471661352617719354e+00
-1.379349236757065444e+00
-1.593300058143400477e+00
-1.747949987864763743e+00
-1.608111977804348003e+00
-1.261283459037452870e+00
-5.050135427001209987e-01
-4.843640099128590504e-01
-6.663435928343813819e-01
-3.265367050046913966e-01
-2.344002189982818396e-01
-2.450180522861612198e-01
-1.693590058688382860e-01
-1.031453630662197696e-01
1.676973088079466156e-01
7.101171676437975089e-01
9.738135997492419760e-01
1.097733344240406250e+00
8.636824574034498436e-01
9.807240170470803431e-01
7.844542213464654745e-01
8.340727426717891024e-01
1.447356213342768427e+00
1.447601886198467191e+00
1.219645314046916340e+00
1.459759194298409835e+00
1.073427751907802596e+00
1.193930768854127189e+00
1.439067762767242575e+00
1.661567984841558543e+00
1.762959678614367309e+00
1.938757116147042048e+00
2.145770162895815236e+00
2.274070959503244005e+00
2.217946794821824774e+00
2.100368608639501478e+00
1.766853540551793111e+00
9.788380550358424248e-01
9.843710147314560510e-01
6.902183964838717323e-01
7.587239799962665066e-01
7.840479874836475682e-01
2.900597695846932056e-01
1.766264537046365879e-01
1.527609383777881469e-01
-2.079415557617342314e-01
-8.852637427299213380e-02
-2.788391040966854417e-01
-4.168200205355561128e-01
-5.623442835703457154e-01
-4.456833077171760693e-01
-7.579065008086065536e-01
-7.753006556652867198e-01
-2.917694263699011636e-01
-5.586135450120643942e-01
-7.753422980261295283e-01
-4.578587868374285330e-01
1.410200846613414161e-01
2.280964135415786131e-03
4.898509261624996863e-02
2.564954677409920225e-01
-1.780440300769403628e-01
2.843413782633291698e-02
4.253041961337266086e-01
8.574167066735067788e-01
2.245562565448762093e-01
-4.152531905633366494e-02
-6.130478477606861321e-02
-3.299641341291136842e-01
-5.716687255836022663e-01
-2.673324834754219892e-01
-3.091957807898569888e-01
-5.345129633746849018e-01
-1.041615100398628257e+00
-1.305323266644328850e+00
-1.356002450078123589e+00
-1.157455100614644294e+00
-1.295836378509691356e+00
-1.739438435047995890e+00
-1.860064592073977341e+00
-1.911260901454463257e+00
-1.770952119059691743e+00
-2.042391295346937863e+00
-1.928053485063542016e+00
-2.114837658585474234e+00
-2.112852731973558384e+00
-2.041800148588600816e+00
-2.091985481059772667e+00
-2.262364809410412736e+00
-2.199155086233866463e+00
-2.776846967143278277e+00
-2.909914305943960056e+00
-2.895154324137865665e+00
-2.442921376825041957e+00
-3.026704499280961524e+00
-2.894062252808783153e+00
-3.103695267864921892e+00
-2.689425019538741246e+00
-2.803838840109361019e+00
-3.198364925965113681e+00
-2.758040082804729565e+00
-2.613643345463835921e+00
-2.507797318289386901e+00
-2.523789799281296098e+00
-2.516235892929536089e+00
-3.264536928601854182e+00
-3.175597619457489973e+00
-3.042826902987894933e+00
-2.839968302205267303e+00
-2.808595087939995238e+00
-3.187159270850948634e+00
-3.520761783608386875e+00
-3.221684339275305842e+00
-3.380598787075705491e+00
-3.158570739878217459e+00
-2.880470991048579954e+00
-2.758210249701297911e+00
-2.560475976357109218e+00
-2.373158505294139964e+00
-1.914008708155725991e+00
-1.790994083474482634e+00
-2.023312192385568586e+00
-1.808655388980745515e+00
-2.140711989868971710e+00
-2.244659119432402150e+00
-2.592863821953411918e+00
-2.477017751060927697e+00
-2.353460792958235626e+00
-2.983230863609380279e+00
-2.985978793529086239e+00
-3.024345308903117591e+00
-3.125264434998769492e+00
-3.580202341060154225e+00
-3.116790967346935837e+00
-3.190971116901095694e+00
-3.407282918538637073e+00
-3.266316656321203826e+00
-3.620017308921778643e+00
-3.988669208832851254e+00
-4.006658705310078616e+00
-4.378089967071908895e+00
-4.612654661919912691e+00
-4.639431834156701129e+00
-4.117971884858800280e+00
-4.353728455851379131e+00
-4.867700181318884489e+00
-4.779824979263965545e+00
-4.605029193700439727e+00
-4.962842922216277763e+00
-4.982301429836461182e+00
-4.933043156159683029e+00
-4.628755858678521129e+00
-4.995160582285073758e+00
-4.559582898148933694e+00
-4.883446277454092765e+00
-4.936203313626545075e+00
-5.248722306805890803e+00
-5.121632832781029876e+00
-5.073439402404360976e+00
-4.682555689335717197e+00
-5.818833186903106025e+00
-6.738553089249282202e+00
-6.861291796830313316e+00
-6.826717949052316214e+00
-6.919315446110355872e+00
-7.172721844189874574e+00
-7.173204806311270332e+00
-6.897047516412701640e+00
-6.561721458343822810e+00
-6.831181073923492164e+00
-6.378012245360534571e+00
-6.289674250124285493e+00
-6.139716243164957454e+00
-5.615470302544518511e+00
-5.865718565529549622e+00
-5.040014565937495306e+00
-4.723461501704797172e+00
-4.219581383938169949e+00
-4.400527677542549476e+00
-4.619856541995025268e+00
-4.624912077986980563e+00
-3.982304531922643775e+00
-3.136222974026586563e+00
-3.394253407236196729e+00
-3.756153531515872057e+00
-3.750702283635655387e+00
-3.473922000983403535e+00
-3.316341222378812681e+00
-3.544204073553150813e+00
-3.593049895955239936e+00
-3.389284141456734734e+00
-3.321538912258672038e+00
-3.672282402066082696e+00
-3.181052789884131204e+00
-2.483340502599397759e+00
-2.583468605152772213e+00
-2.318997549554723481e+00
-2.848901438200412972e+00
-2.767439347764211188e+00
-2.727990432012556976e+00
-2.679101228743074437e+00
-3.088095330584429199e+00
-2.947448180324350631e+00
-3.254759246073580581e+00
-3.718563452209323827e+00
-3.982215971379478248e+00
-4.309098273316097405e+00
-4.288080255749963321e+00
-4.608376396140970499e+00
-4.299838661193337686e+00
-3.879472227363419012e+00
-4.286402576887087257e+00
-4.138706804883558021e+00
-4.120406690260448812e+00
-4.467866807841515353e+00
-4.513923498929817590e+00
-4.798170075936866397e+00
-4.298976374680560042e+00
-4.688335205496939828e+00
-4.650527726237694282e+00
-4.533961963802195960e+00
-4.456431261501765384e+00
-4.527720410524003647e+00
-4.173605049746814011e+00
-4.451770097022895278e+00
-4.649740838714320645e+00
-4.668447982902074855e+00
-4.203233084384405238e+00
-4.081562246473636968e+00
-4.139522236141677247e+00
-3.624786841787575042e+00
-3.473892984291649721e+00
-3.289238602506397324e+00
-3.519827348967667913e+00
-3.710733165086037122e+00
-3.222722066007562169e+00
-3.381583170641211389e+00
-3.522431982250067595e+00
-3.394554129818846189e+00
-2.804864394465610644e+00
-2.405268207763713750e+00
-2.418884717237852922e+00
-2.307136707245145413e+00
-1.937463550795686329e+00
-2.254227701745288748e+00
-1.911876589358081802e+00
-2.666419668447099767e+00
-2.310319957846678207e+00
-1.918115635712767997e+00
-1.881020003816717745e+00
-1.688290141335925032e+00
-1.449335148898313053e+00
-1.782338242639003534e+00
-1.513852770622336141e+00
-1.998276016520503351e+00
-2.563120507398890524e+00
-2.160181518317708438e+00
-2.449653642522753749e+00
-2.470843272177728700e+00
-2.421477920273278794e+00
-2.088077970753315249e+00
-2.285639096516591806e+00
-2.864195791615077091e+00
-2.740924804615663124e+00
-3.028853567342493669e+00
-2.909392162388173109e+00
-2.998568294612515839e+00
-3.137826333655680422e+00
-2.636104983971377269e+00
-2.590512526651373992e+00
-2.365143055792935822e+00
-2.260282814031957521e+00
-1.996870683105407274e+00
-2.406483615188808489e+00
-2.352694672881244120e+00
-2.183287850541375086e+00
-2.263191076751895014e+00
-2.282633172461166371e+00
-2.373321986263720262e+00
-2.665249460622977296e+00
-2.412312088177659408e+00
-2.386219627304557278e+00
-1.464820952590213388e+00
