1.872835124718706390e-01
1.169802706330476672e-01
4.161602208695409644e-01
1.216243385646381236e+00
1.263487875963013707e+00
5.284098594669531801e-01
9.705241577426555466e-01
7.550681107973056250e-01
9.483557193942961927e-01
1.077795989531342924e+00
8.810239884575852276e-01
3.150716849811497910e-01
9.352239168194836916e-01
1.619786936884739070e+00
1.848545438428968790e+00
2.118782485454066222e+00
2.320392275780817748e+00
2.558493865160701652e+00
2.125067512116585178e+00
2.069515802811267680e+00
2.327867285471294956e+00
2.903760015819199403e+00
2.669941733498739644e+00
2.295281604863236957e+00
2.870576681793848728e+00
2.879975113061632896e+00
2.127317249760589224e+00
1.849930314391988961e+00
2.276434455018966574e+00
1.931062753551695099e+00
2.087623593001000977e+00
2.302980297067013016e+00
2.515973062078738387e+00
2.092220928540645897e+00
2.621614664553446161e+00
2.925265085722125846e+00
2.960606128634314604e+00
3.153104302386953162e+00
2.951210984381618996e+00
3.032301047892975276e+00
3.274870950465065267e+00
3.018383990781165149e+00
3.033126966261284085e+00
3.608178765409350675e+00
3.816566185363508446e+00
3.477504561799237948e+00
2.824396199745970559e+00
2.020108806757940023e+00
2.188650881576734264e+00
1.597010623533774432e+00
1.689932091761905397e+00
1.775944943573828150e+00
1.648806116066355631e+00
2.006034698329496990e+00
1.859225324772316279e+00
1.458469587149676672e+00
8.673746703099554090e-01
7.760318299299998612e-01
5.704787903040163810e-01
6.827769326913470938e-01
5.769329208657880681e-01
7.972525440390925144e-01
7.659566009518147256e-01
6.168912721675592348e-01
7.212059865377103973e-01
9.189626160564651203e-01
7.005280175095320860e-01
9.989978305484381593e-02
4.421715261374647432e-01
2.944204497700562140e-01
8.988264251741847621e-01
2.960364220578658445e-01
7.188109466162445615e-02
2.699767973135986932e-01
6.794949001981553938e-02
1.279859823375893435e-01
4.546087755669825925e-01
5.335731251445408052e-01
3.080644236088710963e-01
2.518384328338644784e-01
-1.016347338001272194e-02
-2.053582640192418984e-01
-4.871454567480346665e-01
-9.670620957814870522e-01
-1.573734821244592075e+00
-1.172820516659434764e+00
-1.154832850580306269e+00
-8.808279895006394522e-01
-1.233315888428904605e+00
-1.526913821798366211e+00
-1.805219334286856547e+00
-1.569704748605593725e+00
-1.407081768799718802e+00
-1.025692112173722581e+00
-9.850915347135817957e-01
-9.385587612065277030e-01
-7.727814365957224041e-01
-4.237662039692869920e-01
-5.365299049850219548e-02
-1.434749568999126312e-01
-5.432823818590970522e-01
-6.662047394820737045e-01
-6.628026609535544456e-01
-2.302925971996603871e-01
-5.978885463177024961e-02
-2.498622678495898142e-01
7.542971823162314404e-02
5.210007345637606146e-01
9.157582543456443958e-01
1.200465392990667013e+00
5.007177075814197575e-01
5.381535956808504162e-01
2.304268898277520572e-01
7.151917050211766824e-01
7.263913030128016368e-01
8.515378760419769488e-01
2.997633702921778109e-01
7.059012675505844658e-01
1.141053290828627720e+00
1.177995713560958668e+00
1.709298026013935434e+00
1.389932680318503255e+00
1.969667404386447496e+00
1.936712497512976139e+00
2.233531689023545930e+00
2.571004759562898645e+00
2.291427069705457509e+00
2.582876923953667081e+00
2.343149831793407412e+00
2.750272438966622879e+00
2.300005312610392316e+00
2.473314058933360204e+00
2.286672568258572458e+00
2.278571733091168117e+00
2.343061209662635314e+00
2.226712978439286061e+00
2.562348371072195263e+00
2.220440132337440975e+00
2.362178981370008035e+00
2.503779334372928655e+00
2.775083335637118953e+00
3.387397305944727766e+00
3.141896700394018804e+00
3.143201074094352787e+00
2.929816766846776499e+00
2.558412437040123333e+00
2.396730354110026440e+00
2.835221475213555831e+00
3.422951087861128894e+00
2.468529294223865023e+00
2.375776336728528726e+00
1.898083121356480163e+00
1.779745138349745570e+00
1.610138237910964776e+00
1.695088845970997848e+00
1.952105666171901621e+00
1.866645192807102394e+00
2.004238048486237211e+00
1.766573690710691702e+00
2.021722323057468351e+00
2.383128130464507777e+00
2.831092163314637311e+00
3.057029153457210047e+00
3.229370082334429348e+00
3.358594210949545023e+00
3.827149895535210344e+00
4.249882172481936671e+00
4.379407341462406400e+00
4.566531407658137809e+00
5.244890050091168376e+00
5.240750956230805890e+00
4.959726380765893339e+00
5.349963059092051942e+00
5.606767411624113961e+00
5.512470175049471344e+00
5.792909552032701193e+00
6.350176157869847238e+00
6.355494019660964611e+00
5.948710929991845475e+00
5.880804363449819938e+00
5.725900550512417198e+00
5.838075234603954833e+00
5.574242498643092958e+00
5.489775270063849355e+00
5.377669422132377974e+00
5.557625269119038869e+00
5.142320314992563368e+00
4.929108366469604263e+00
4.828925918396698158e+00
4.675097586075749767e+00
4.492202184557048561e+00
4.134924516223946078e+00
4.173488331826862741e+00
4.382978736963468513e+00
4.811835457146599104e+00
4.821684467905411609e+00
4.699071179383892627e+00
5.020441078510022415e+00
5.336842166247954822e+00
5.072276865183339645e+00
4.986069884919791306e+00
4.683114899572288437e+00
4.672563854839903108e+00
4.285662119270834403e+00
4.508878376502582164e+00
4.513111941284479123e+00
4.869924949849866458e+00
5.011434647229975781e+00
5.229532430648598407e+00
5.057925589466416127e+00
4.929789040961888524e+00
4.657315902074349978e+00
4.715303347534376854e+00
4.631617196206803122e+00
4.917703069480086064e+00
5.422909824932540701e+00
5.406946283861103986e+00
5.914534011610316000e+00
5.596191948061822075e+00
5.601974043502012890e+00
5.794167388041947753e+00
5.513493088976677114e+00
5.472453624448115228e+00
5.719580713615234124e+00
5.439685117590967955e+00
5.078287878542663059e+00
5.714742151857858943e+00
6.162331058608063294e+00
6.422833197555634754e+00
6.509021387060998975e+00
7.128188127592360424e+00
7.392001312853381911e+00
7.461125906346086190e+00
7.620252072938168197e+00
7.787085738509802901e+00
7.864786517533194576e+00
8.438489639793733232e+00
8.312300395384104590e+00
8.294888561369427649e+00
8.705112383181653257e+00
8.435175316570255433e+00
8.039474484259152121e+00
8.035697284917938887e+00
7.826972414411614842e+00
7.545032219449125499e+00
7.078554117129646883e+00
7.048071163436999242e+00
6.988719125100119278e+00
7.554681441702436828e+00
7.701982525604420537e+00
7.506037107456373647e+00
7.459700528864020797e+00
7.463585248755211232e+00
7.478236999902671656e+00
8.123115157115496032e+00
8.063797856523860830e+00
8.282838983790540510e+00
7.756119905899028666e+00
7.736953546294076389e+00
8.055468724466127384e+00
8.147849799143033422e+00
7.742102295591037908e+00
6.984408058983929024e+00
6.668615058730432921e+00
7.126578271126753350e+00
6.670402717864813980e+00
6.312257006458136033e+00
5.971116203531301458e+00
6.339483338625176323e+00
6.732546794474417950e+00
6.962022578628877412e+00
6.555573451713982536e+00
6.605151711988456853e+00
6.515852822957088009e+00
6.770606721384337057e+00
6.554600965656920408e+00
6.406963734010656886e+00
6.185749596182939847e+00
6.045350002281274726e+00
5.915414407393501328e+00
6.045334769227249438e+00
6.178845050836887509e+00
6.507059269557991854e+00
6.223376897090776794e+00
6.106811277076735323e+00
6.193194680427088983e+00
6.703719814591504012e+00
6.593762807572272067e+00
6.358058337804982862e+00
6.078779421990857301e+00
6.435338794276779240e+00
6.519554002085600430e+00
6.375273136970928789e+00
5.775224212503686338e+00
6.379440965381851569e+00
6.271390681296599823e+00
6.433758262679745599e+00
6.838745502649072883e+00
6.473391435647874559e+00
6.690620666170479680e+00
6.962410268307638539e+00
6.808785955750296104e+00
6.322417469006222923e+00
6.123557375645214407e+00
6.516174042257303789e+00
7.061942804648650096e+00
7.129960101800330463e+00
6.936943764413609159e+00
6.610916942011686892e+00
6.347449630651812669e+00
6.283075584368277511e+00
6.311574954928936165e+00
6.101395376374946444e+00
5.968656961514906101e+00
6.070549494005288871e+00
5.841513096016299755e+00
6.359651758966148094e+00
6.488975518430049938e+00
7.019200595267343523e+00
6.440938203316351363e+00
6.673340882105266658e+00
6.668616469571237992e+00
6.719461367925405604e+00
6.742513755107743201e+00
6.782219903526879534e+00
6.190524227205584928e+00
6.556191549659734719e+00
6.796349744962705941e+00
6.631495461489978815e+00
6.791215967115005192e+00
7.290727960810301944e+00
7.202522741509831405e+00
7.570173810498384448e+00
7.684026745134727499e+00
8.065052100415320169e+00
7.841737070615326211e+00
8.044277686990611187e+00
7.781721713092029979e+00
8.028532162213558365e+00
7.796702888929140762e+00
7.800131588975152575e+00
8.022243778974182504e+00
8.021402514191523281e+00
7.787500920361521750e+00
7.687235230158674604e+00
7.350499545792457567e+00
7.645579020572472295e+00
7.902775970952185425e+00
8.099777646545815557e+00
8.288269803017627169e+00
8.814487627593434738e+00
8.975508597259352683e+00
8.850360373011124437e+00
9.391473043592943881e+00
9.997526872971548073e+00
9.978661454711255985e+00
9.539753624313796365e+00
9.703939699375458972e+00
9.656960128042806346e+00
1.016539555827787389e+01
1.030290901059708020e+01
1.015476326715901578e+01
1.006439566699414456e+01
9.945302114671562776e+00
9.310168160245574143e+00
9.747577786540508882e+00
9.753406360859200319e+00
1.021530403579865087e+01
1.016305561925807410e+01
1.046205730755322705e+01
1.049796209209696762e+01
9.916694105859779285e+00
9.542579656989195414e+00
9.743807423805030510e+00
9.897824478135493820e+00
1.064901316414465704e+01
1.041566803464808011e+01
1.084964925178699069e+01
1.093833570537361055e+01
1.110982583048171968e+01
1.101392617442205157e+01
1.088807367050805652e+01
1.150581928181457947e+01
1.212642494185438302e+01
1.183378963076703272e+01
1.195224223358853877e+01
1.178345987910609871e+01
1.165040842687240819e+01
1.178552630005375157e+01
1.195734659174822312e+01
1.248015182246774835e+01
1.277436585807746106e+01
1.307453812667156789e+01
1.317813360710639614e+01
1.344190961609253065e+01
1.333491064049950658e+01
1.333613194965176518e+01
1.355285250830993427e+01
1.348102194760693884e+01
1.364573100381110216e+01
1.369097775205055889e+01
1.343409675017857907e+01
1.359765891278385652e+01
1.376472778126397323e+01
1.358035043614883364e+01
1.319627841063094209e+01
1.314612519452625072e+01
1.305750560230027801e+01
1.257724336946294486e+01
1.315254521599939608e+01
1.326634362310530335e+01
1.405066157817427275e+01
1.413765589190357552e+01
1.424554751902453020e+01
1.440283533890720413e+01
1.442245286338655674e+01
1.497819886381972765e+01
1.424774751239147008e+01
1.471486207692008108e+01
1.423301991623431562e+01
1.442244789402427330e+01
1.412190478953585426e+01
1.412372908274056549e+01
1.418169333056535564e+01
1.416030889742778420e+01
1.392113135892969211e+01
1.426512647266205391e+01
1.375204258483382347e+01
1.345143251042181376e+01
1.354740001508456082e+01
1.344726522520234013e+01
1.357609534495353998e+01
1.353811303565200319e+01
1.305604863021684281e+01
1.331841917673072828e+01
1.337645937638241378e+01
1.313944431237722732e+01
1.318606464523060673e+01
1.249320802660805185e+01
1.207227793589301967e+01
1.255551306780236409e+01
1.258914289280147614e+01
1.245713908585373986e+01
1.222136453862088068e+01
1.184549473324168822e+01
1.203306034640807276e+01
1.145786858047430279e+01
1.168290057483662459e+01
1.199188012090441013e+01
1.242767136066659361e+01
1.187888651615424784e+01
1.214997991927475596e+01
1.167235097146013345e+01
1.182646265312431844e+01
1.191660797573365826e+01
1.214587800654915029e+01
1.178162778398429111e+01
1.145517751786865546e+01
1.159364392952552514e+01
1.154404699386200761e+01
1.167876467150470710e+01
1.214082219891575321e+01
1.169607062776374562e+01
1.148120679217744389e+01
1.164994708741705054e+01
1.178450273614537736e+01
1.169587826585113532e+01
1.084428460494369872e+01
1.069326300070425972e+01
1.087568556227502725e+01
1.069328671332123726e+01
1.083625467379089891e+01
1.069192250878377237e+01
1.052186987430384235e+01
1.009207562570851557e+01
1.012582903249232480e+01
9.889018285771030037e+00
9.905273089164081668e+00
9.819076497514341639e+00
9.859749991976219263e+00
9.573769714286333610e+00
9.733113116477117188e+00
9.907679704426454848e+00
9.818004352409236191e+00
9.927892873326676693e+00
1.006648998702423192e+01
1.002502050324978455e+01
9.703891988208088293e+00
1.021268715567728691e+01
1.019886083277657285e+01
1.000476212763070194e+01
1.037711680819391091e+01
1.057150240218085102e+01
1.055284052849096454e+01
1.061737737293881878e+01
1.043668768405891534e+01
1.039390270320721577e+01
1.045659201556765261e+01
1.104657795941348830e+01
1.143096741690547269e+01
1.145380573532531265e+01
