5.037592401930571562e+00
3.434956510190468215e+00
3.903119828356095056e+00
6.088941755335079087e+00
2.684960750568864185e+00
4.391264178448761157e+00
4.856764559081903521e+00
4.089612394301848752e+00
4.513365972417328287e+00
3.230984825403421468e+00
3.618000546075340829e+00
3.342875639660601195e+00
2.467460888800344421e+00
3.651635545458037591e+00
3.002752118123311220e+00
2.502688520948439521e+00
3.491608858331793908e+00
3.331059804070368724e+00
2.475984258541736871e+00
2.523387015573534953e-01
1.282626991123714255e+00
1.800236466288834158e+00
1.791353279231238993e+00
2.176442240227001168e+00
2.836868698658139287e+00
2.431885618705953434e+00
1.464498733563782018e+00
-1.886419800401313296e-01
1.601958718583547991e+00
8.341609025143492673e-01
2.419697284336538523e+00
-4.567319160455332039e-01
1.824355239503701043e-01
-7.495229942431809178e-01
-7.444101343042239805e-01
9.291746614031772822e-01
9.363733860406249221e-01
1.187101370655487820e+00
4.286267061726451999e-01
-2.664044587800953323e-01
-1.095027007003443131e+00
-1.121347025505467165e+00
-1.107629390431680072e+00
-1.946783177770167850e+00
-7.543931174794034078e-01
-1.484295638150825880e+00
-6.421879270349180047e-01
-1.341605285423471017e+00
-9.955284380404396671e-01
-1.173824028806136788e+00
-1.268177527494239953e+00
-1.608503067513504803e+00
-9.926576408783223116e-01
-1.234740507162050527e+00
-7.428917369898035972e-01
-2.400751676301657866e-01
-1.630799190296212231e+00
-2.141817487882169857e+00
-1.383199983563137891e+00
-2.772996539871908972e+00
-3.000527330086610434e+00
-3.207739150333269507e+00
-1.641316434335112540e+00
-1.775198853894338846e+00
-1.250204231857076742e+00
-1.102455777990658525e+00
-2.092962227838242484e+00
-1.455575492488648592e+00
-2.299961205736256176e-01
-1.593240479119635289e+00
-2.641448306748798380e+00
-1.055621724141548867e+00
-1.514598893559004900e+00
-1.894427048032605754e+00
-1.152011947752797916e+00
-2.631665613473429310e+00
-3.158250204777296233e+00
-8.782464149927031727e-01
-3.574883423259641368e+00
-1.488254677390566272e+00
-3.283195093704224909e+00
-4.279994304651359549e+00
-4.427704311001003035e+00
-4.811353528957886816e+00
-5.046706838067744449e+00
-3.598412182608095478e+00
-3.253359048213351201e+00
-3.861076542678768320e+00
-2.848664952299503561e+00
-3.723584592154620232e+00
-4.739140956292133389e+00
-1.851849888131248179e+00
-4.714180280596032446e+00
-2.038297989088096784e+00
-2.600188775179762324e+00
-3.506904338622757855e+00
-4.284565825751585955e+00
-2.759726894593207192e+00
-3.491073378904010482e+00
-4.735176357759261379e+00
-3.186377879992294382e+00
-4.732589496321522482e+00
-4.846332378896840432e+00
-3.369385023649131838e+00
-3.478939366389967702e+00
-3.839984430400795290e+00
-2.651596581468028013e+00
-2.025097933871771616e+00
-3.070049869530212305e+00
-2.279368993413762645e+00
-2.419670221287080203e+00
-2.530482292649206322e+00
-2.763303659923060707e+00
-1.679447047225730572e+00
-3.423645908780789782e+00
-2.154323851504895693e+00
-4.977834550506235800e+00
-3.082633917462551665e+00
-3.361891921608334499e+00
-3.236078760560499923e+00
-2.756728841878651082e+00
-3.941483626323730505e+00
-4.452310175783642521e+00
-4.872084809759504864e+00
-3.923552536471048846e+00
-4.243189299638310708e+00
-5.796719466363438933e+00
-3.528537778078646880e+00
-4.155819899853699262e+00
-5.709563051171203441e+00
-5.498042805242577380e+00
-6.737021843338883542e+00
-6.723940477926105608e+00
-6.213930468764376158e+00
-7.932410401941106137e+00
-8.629186014628848156e+00
-8.999403908699378007e+00
-8.103877760591842616e+00
-8.280911961890925710e+00
-7.619355834572479225e+00
-7.463591139702028698e+00
-7.340581913439057082e+00
-6.782016559734631578e+00
-5.842723247914016760e+00
-5.628790377905271924e+00
-5.932705578854321260e+00
-5.323637868501208459e+00
-5.229934187303137527e+00
-4.410101250402801654e+00
-5.184413022576989327e+00
-5.877921477172674436e+00
-6.105625490826236401e+00
-6.580112294863064371e+00
-5.691987534152605832e+00
-5.780453196195312948e+00
-4.640167930178039413e+00
-5.009500854862211305e+00
-5.734028996013401880e+00
-5.517801568935357004e+00
-4.793031644256279478e+00
-7.760781749944232644e+00
-7.378662527915581748e+00
-7.263342990625477391e+00
-5.742549113285585705e+00
-7.556643635821536087e+00
-8.173800006492250247e+00
-5.229663697184722793e+00
-5.727422733859135917e+00
-6.841100183744523555e+00
-6.103995561704719464e+00
-8.016855972106966988e+00
-6.511116787393454786e+00
-8.390349220235593819e+00
-7.279903734018775552e+00
-8.652625814405844551e+00
-9.234185753653573414e+00
-8.664316778052681300e+00
-8.148009102116500202e+00
-7.240341732997547020e+00
-9.410793870726438470e+00
-7.514441464692120043e+00
-8.923716914982314563e+00
-7.921243065996929289e+00
-7.916045465739644627e+00
-7.887053140709867627e+00
-7.387262556907161049e+00
-7.835189481271303436e+00
-9.800605260459887447e+00
-8.149024283324559192e+00
-8.552014755014376135e+00
-9.652710303139599546e+00
-8.725790048763617079e+00
-8.640282350481022888e+00
-8.318647210989640328e+00
-9.897161862303807567e+00
-8.586889418617831282e+00
-9.101659760306588964e+00
-8.877000822143088499e+00
-9.739829140503147187e+00
-8.676523004989206811e+00
-9.557659914150004710e+00
-8.501574584566853332e+00
-6.643833149630381740e+00
-8.927145262077250010e+00
-7.937264701492501295e+00
-7.474650698967756135e+00
-7.281041141316070053e+00
-8.065652554341154357e+00
-1.000856311801042509e+01
-9.954082975721266990e+00
-1.032081321544877994e+01
-9.667119553567662393e+00
-9.451858740195262953e+00
-1.002319032734084203e+01
-9.859702787357690568e+00
-1.158464712961266585e+01
-1.168614112171583486e+01
-1.165006519843904798e+01
-1.270219041101101887e+01
-1.198401547601001838e+01
-1.326524054228959848e+01
-1.325696266394740874e+01
-1.460123562369856920e+01
-1.358942863503506615e+01
-1.365069517152935674e+01
-1.395462957559232287e+01
-1.419559271729283623e+01
-1.357686520791211748e+01
-1.368785319081203866e+01
-1.347296077948702830e+01
-1.273651326270748996e+01
-1.335027197064962579e+01
-1.311837967780038383e+01
-1.331569827755150115e+01
-1.302017721337257328e+01
-1.346438524102742740e+01
-1.297334673306420960e+01
-1.383620548679343543e+01
-1.315029281075432088e+01
-1.220125318357313660e+01
-1.321677057538356337e+01
-1.296741586642258426e+01
-1.191564415718390180e+01
-1.334350536846348056e+01
-1.343699634237747809e+01
-1.370271411168270426e+01
-1.132323319156034103e+01
-1.179306851576363968e+01
-1.373142704687534810e+01
-1.222736786254622032e+01
-1.241249977103460189e+01
-1.203661336251531466e+01
-1.275194758169773834e+01
-1.265293044936365163e+01
-1.251501408774645796e+01
-1.157990357405453530e+01
-1.178069431623928054e+01
-1.116464000197254869e+01
-1.223708012474235929e+01
-1.137740241337590952e+01
-1.205847899130235668e+01
-1.230286313886967164e+01
-1.175052282375995105e+01
-1.101257304405853432e+01
-1.250819565139104128e+01
-1.241538993714571326e+01
-1.189085978560974866e+01
-1.138954111924568657e+01
-1.171749239635181894e+01
-1.179224354659814544e+01
-1.248601013930010595e+01
-1.291049696999641228e+01
-1.064090757733270465e+01
-1.090488088419060375e+01
-1.054553202141531543e+01
-1.324300777922705841e+01
-1.258140381816946451e+01
-1.105328563662154373e+01
-1.203964472970426947e+01
-1.145262506997510776e+01
-1.100094102097418158e+01
-1.135461824932307451e+01
-1.163865938723932203e+01
-1.202138503246736256e+01
-1.096737197565651023e+01
-1.183791020327749166e+01
-1.217754032033125533e+01
-1.177881866308566217e+01
-1.025958083247516939e+01
-1.427593396867403719e+01
-1.234698180527353095e+01
-1.224048598900757767e+01
-1.224540945912155365e+01
-1.180750780527767851e+01
-1.212285400091876575e+01
-1.132001535943552284e+01
-1.172151464170573476e+01
-1.102288771881311469e+01
-1.123813162673559951e+01
-1.135399736247850910e+01
-1.000797214303026017e+01
-1.159672852891911177e+01
-1.193694779600091138e+01
-1.052559667766123752e+01
-1.019079514097229477e+01
-1.020710026557444294e+01
-1.064022112979003509e+01
-9.930770250958380174e+00
-1.074432214436878930e+01
-1.185003893648483597e+01
-1.043837819124236077e+01
-1.093826935470305095e+01
-9.681888562097528350e+00
-1.009187825659435589e+01
-1.118419753687626361e+01
-9.929944325204008493e+00
-9.657184869542160044e+00
-1.013852258014654595e+01
-1.250502702293679036e+01
-1.019382685113203735e+01
-9.921909036732053266e+00
-9.923067715149338497e+00
-1.147997903413116561e+01
-1.036663608931893421e+01
-1.045092434627074240e+01
-1.020149715825094461e+01
-1.092750835659511921e+01
-1.047897572237319253e+01
-1.086368363539942905e+01
-1.086017800251250698e+01
-8.842618362677718835e+00
-9.429684708422691131e+00
-9.922214936059411627e+00
-1.018940711247383213e+01
-1.078900864874757204e+01
-1.050510060785095234e+01
-1.143529197776312500e+01
-9.792478221683179385e+00
-1.037132410951536521e+01
-1.020712293453245856e+01
-1.089100166599412312e+01
-1.142812759131795097e+01
-1.041257098927123437e+01
-1.017421876823036442e+01
-1.086914111920221515e+01
-1.197425476596524874e+01
-1.180459503138636812e+01
-1.216405226666092965e+01
-1.238745738254068485e+01
-1.168731038611962703e+01
-1.195903388503462317e+01
-1.141999810222981893e+01
-1.253063984209474846e+01
-1.181174844867280527e+01
-1.278296886515702369e+01
-1.076045443096347753e+01
-1.037094591019422651e+01
-1.091256969499590213e+01
-1.174314737344928972e+01
-1.072743216001630628e+01
-9.918685229214178278e+00
-1.121845888198375008e+01
-9.378004431147040521e+00
-1.031679277868233768e+01
-1.062696532927020598e+01
-1.043140201714828308e+01
-1.027130466258017805e+01
-9.914681286732417220e+00
-1.118635166408730086e+01
-1.061496554143543669e+01
-1.048826833069299624e+01
-1.149539717550211293e+01
-1.104431157753942472e+01
-1.116818677825229145e+01
-9.750242769867249137e+00
-1.026713285956585509e+01
-1.103462379715604413e+01
-9.162132564012466673e+00
-9.395914016456204720e+00
-9.856648923544474528e+00
-1.061761247729226731e+01
-8.982824129709026550e+00
-9.402985915240511972e+00
-9.139225829578926152e+00
-9.227877168651527739e+00
-9.974880612891290355e+00
-9.631412386838052342e+00
-7.991386243688579860e+00
-8.069417684869168994e+00
-7.552225387524998723e+00
-7.552362978010489947e+00
-8.518852602679912067e+00
-8.071227297055251881e+00
-6.609523735644443398e+00
-8.204941268700768120e+00
-9.122767694417685647e+00
-8.323101203471013676e+00
-6.549074793790359728e+00
-6.461051267679604138e+00
-7.934714977850129358e+00
-7.518501964186482311e+00
-8.435027209814968785e+00
-7.300812827406255145e+00
-7.643109188962395883e+00
-8.820424967110632508e+00
-8.312231769406119852e+00
-7.147435897671087446e+00
-7.889789437369278957e+00
-6.747298313772161826e+00
-6.649473180779178705e+00
-7.266497696893094549e+00
-5.937543059051167305e+00
-5.435846712770191047e+00
-7.304987101040720354e+00
-5.747345598307820325e+00
-5.952069384127311125e+00
-6.370737394223012551e+00
-6.096015724366992572e+00
-7.110802650259965496e+00
-7.889520657382546709e+00
-7.600655858480011240e+00
-6.413329510607675310e+00
-7.576001330887125462e+00
-7.273938562485237291e+00
-6.149383143640763549e+00
-6.750508767516979702e+00
-5.594957579741878462e+00
-6.138806356109600237e+00
-6.349105948502342223e+00
-6.336416668911745376e+00
-6.047646700538659381e+00
-6.409656381799760716e+00
-6.956046198423877058e+00
-5.480278042776064673e+00
-5.849433088761347932e+00
-6.525869139000048946e+00
-5.578406362119908479e+00
-6.197786647572110397e+00
-6.662513087668354039e+00
-7.260597038363869160e+00
-6.475022161648105623e+00
-6.871066358413628450e+00
-7.319509932977254607e+00
-7.824833415631950118e+00
-7.472378732670164503e+00
-8.051532680398430841e+00
-6.966797723389618113e+00
-7.701474000486127736e+00
-6.208069639767236580e+00
-6.028895328159176614e+00
-7.753553134745422959e+00
-7.587783730203726762e+00
-7.857333839226937400e+00
-7.432900866201791246e+00
-7.828818774292520821e+00
-7.548002951898986623e+00
-8.006873033200577083e+00
-7.242527676207939358e+00
-8.527318647797986984e+00
-9.293557796843170848e+00
-7.160269521728952924e+00
-8.318505130113207358e+00
-8.663898782991202197e+00
-9.057627951471342698e+00
-9.507520873214090784e+00
-8.432085758720333502e+00
-9.051587580229412566e+00
-9.305203468623162166e+00
-9.479802217417011789e+00
-9.053240178824585982e+00
-8.166170467664350952e+00
-7.871576428153792548e+00
-9.223875021274643871e+00
-9.399932213624513366e+00
-1.072608018444773492e+01
-9.456336392978021976e+00
-8.382774328472125447e+00
-9.867120815886213592e+00
-8.635285039910375104e+00
-1.055849101890128416e+01
-8.363659496844791263e+00
-9.586397148706470972e+00
-8.689717308562929787e+00
-7.963438112086449472e+00
-7.130483002827519456e+00
-7.826334954797654397e+00
-8.676382861195229168e+00
-7.826245623183537781e+00
-7.251503508421902389e+00
-9.058084313234012086e+00
-7.035540741209867832e+00
-7.131012969513750299e+00
-6.658421277827621942e+00
-6.673041930426609980e+00
-7.754384383520833701e+00
-8.914671618677500575e+00
-7.699087329315650763e+00
-7.697177173111119153e+00
-9.055683710486398752e+00
-9.731907351635628700e+00
-8.236467005559607202e+00
-9.186331496026472365e+00
-9.946013443243156615e+00
-1.104710158995813529e+01
-9.558162956194822257e+00
-1.019674648852627641e+01
-9.630046694365713478e+00
-1.095901304784831432e+01
-1.071212235124112766e+01
-1.149068577563175708e+01
-1.126258983150846760e+01
-9.297982937380755430e+00
-9.758216577728727970e+00
-1.170016332052904673e+01
-9.273383064599794778e+00
-1.183433031477846953e+01
-1.084777988759845968e+01
-1.106758878019770798e+01
-1.108927864675559327e+01
-1.102439673186953684e+01
-1.189330371178274603e+01
-1.139916750822140301e+01
-1.015973392785113205e+01
-1.131580711344590817e+01
-1.069226575327455997e+01
-1.001326734526017326e+01
-1.070902213848078155e+01
-1.113140541873026912e+01
-1.096815187235473843e+01
-1.014463172646865985e+01
-8.616247077226114826e+00
-8.901877510448063191e+00
-8.306143681129643852e+00
-8.651961546332376685e+00
-9.262072370684972356e+00
-8.964562397823462092e+00
-9.194144315150293068e+00
-8.272668140876779930e+00
-7.708569618979097093e+00
-9.318937101550726965e+00
-9.095610288286495759e+00
-8.826672068689921602e+00
-7.641512856835195322e+00
-8.390039816760431535e+00
-7.399226568652656155e+00
-9.451997546245941351e+00
-9.114995784988156657e+00
-9.194652781530212593e+00
-8.551709615881758708e+00
-6.532621351399358289e+00
-7.323093307473503621e+00
-6.297984024348407317e+00
-7.834644005585762017e+00
-7.045166540115110898e+00
-7.528833269815204510e+00
-8.243646014824234314e+00
-7.641602867325087978e+00
-6.451427818621903398e+00
-5.443854746822544222e+00
-6.666799887357139021e+00
-7.062198660933086458e+00
-5.276590602315379464e+00
-6.905884838035285966e+00
-5.499949694653024856e+00
-5.280163900220762763e+00
-7.113752557947993438e+00
-6.057577664075780355e+00
-7.062388095729968285e+00
-4.164217859901478747e+00
-5.956957766240869923e+00
-4.601944922279303185e+00
-4.825624241452290519e+00
-3.847039923061800870e+00
-5.427889163608859313e+00
-4.843751331517347047e+00
-3.939263973975874578e+00
-5.674957339367951548e+00
-5.152125673547597096e+00
-5.108348410802707740e+00
-6.447940546325170885e+00
-6.739806789499033002e+00
-6.443093985489007025e+00
-6.969086416802902306e+00
-7.567115955174553044e+00
-6.783467021928582419e+00
-7.064150529909948517e+00
-7.529780283321405143e+00
-6.699764776408038358e+00
-7.795633202324108169e+00
-7.817532486954631210e+00
-7.950732089026129046e+00
-5.487566728179309905e+00
-6.021143061230517013e+00
-7.981753385834180925e+00
-6.074603638687721130e+00
-7.661648451033521212e+00
-7.633927826056250865e+00
-7.416681606733791732e+00
-7.936959065011245151e+00
-7.895658435371734285e+00
-9.321668991976268970e+00
-7.199751934490973504e+00
-7.039339489758162038e+00
-6.934307498781638657e+00
-8.256905786483578424e+00
-7.066382028200075993e+00
-8.065629375257030276e+00
-7.307370171392443048e+00
-7.556134734680440168e+00
-5.970249704091492582e+00
-6.380012012567297219e+00
-7.613575015683446523e+00
-7.368585546487298465e+00
-6.987327879417339460e+00
-8.497702257112605295e+00
-7.467068605100782186e+00
-7.694296033364866005e+00
-8.041850687583078638e+00
-6.923803851875372395e+00
-8.122616873323186937e+00
-7.408192403288143879e+00
-8.007972978008446319e+00
-7.877971934178569668e+00
-8.396689077848192184e+00
-7.731696490889630624e+00
-9.303418939751875172e+00
-8.481176170692165783e+00
-6.356511759198294698e+00
-8.222654773914738868e+00
-8.953419584781340035e+00
-7.556085921712385911e+00
-8.885894302811138346e+00
-6.869823002502083220e+00
-8.980807694472321856e+00
-6.398769427446742597e+00
-8.116763408144207048e+00
-7.194974271622768924e+00
-6.447530560716349335e+00
-8.210901693982060934e+00
-7.601545177721662938e+00
-7.767208034157921048e+00
-8.063969576812889173e+00
-6.873699144093733615e+00
-6.124231071720378949e+00
-5.652888537209865838e+00
-7.324576847555205994e+00
-9.192608749851272520e+00
-8.106020955872846656e+00
-7.541071491546200711e+00
-6.788092165429324254e+00
-7.658430168021956419e+00
-7.723458248722335107e+00
-6.696828596840850523e+00
-7.244019098247965971e+00
-6.862992814048336498e+00
-7.771510473708636901e+00
-5.283908056342578874e+00
-6.013158309451121397e+00
-7.542219591991251804e+00
-7.694162374316258379e+00
-8.239632019909635119e+00
-5.455031275791224488e+00
-8.236402322410711463e+00
-6.023826982225783055e+00
-6.821060861762867411e+00
-7.726717068053649662e+00
-6.525824176109612296e+00
-6.251781600548566686e+00
-7.860667218281783164e+00
-6.776671225265213039e+00
-6.703102721627658411e+00
-7.191480079152977822e+00
-7.138813834355637766e+00
-6.442116822182033964e+00
-6.326882787449997103e+00
-6.310708861207319664e+00
-6.730912739438020154e+00
-7.762680410062543501e+00
-7.776234407395676840e+00
-6.703359749898226028e+00
-7.879830491996071551e+00
-9.391647003477689992e+00
-8.571570744979631229e+00
-7.574323160450521897e+00
-6.920682312137408587e+00
-6.608963155173897874e+00
-6.564171497081577655e+00
-6.811591826829330287e+00
-8.472814082987710549e+00
-8.008776355604144470e+00
-6.563798156848474008e+00
-6.241501149062652409e+00
-6.266788092046828851e+00
-4.905481841714882663e+00
-6.681298848555228709e+00
-6.002164449837056992e+00
-5.660920311885156764e+00
-5.537437947975439201e+00
-5.374641240119738761e+00
-6.023688631985931963e+00
-6.316758971717969295e+00
-5.749423953278625099e+00
-4.719719476352086218e+00
-5.593422352164486355e+00
-5.014926532832263639e+00
-5.592329548701359343e+00
-5.130963477193982492e+00
-3.690535037443807731e+00
-5.134532146603722147e+00
-5.460468912863803759e+00
-5.685592240353176230e+00
-4.288086550445664002e+00
-6.573238477994717499e+00
-5.938610532106795681e+00
-3.863489995356027329e+00
-4.369391705744925858e+00
-5.502522647068455619e+00
-4.405383062978840414e+00
-4.042387274765061100e+00
-3.825209395039673943e+00
-5.494369219004122229e+00
-5.232582618255671392e+00
-4.454777386196193234e+00
-4.165808630299568271e+00
-4.470970543434806821e+00
-5.217344603450892571e+00
-4.068195027478101800e+00
-3.008188299267061439e+00
-5.487911868513856817e+00
-3.604758187154603277e+00
-3.490624691125688628e+00
-3.931305367592553779e+00
-3.696238057355414774e+00
-2.595883446534419825e+00
-3.395418042479052545e+00
-4.387401724312691265e+00
-4.093954555593854572e+00
-2.872944411807043963e+00
-4.314674828642879767e+00
-4.610475299275733185e+00
-3.464128787114963970e+00
-4.298164765769726614e+00
-3.133544438345042593e+00
-3.838056242991351397e+00
-4.474587275729154712e+00
-5.553206191539721281e+00
-5.369409053746363902e+00
-5.083237081028481263e+00
-4.949303992330492896e+00
-4.780446685744548674e+00
-5.375107248384213499e+00
-6.643559385925513538e+00
-5.157191001861741952e+00
-5.397329999542237466e+00
-6.382373735479477617e+00
-7.234924711823090604e+00
-7.704252360805455169e+00
-7.894183112855648332e+00
-6.897858218897391147e+00
-6.904816770796758263e+00
-7.532482654862307392e+00
-8.074921209652067944e+00
-6.610117090923111505e+00
-8.019377063354314217e+00
-8.994477024717092206e+00
-7.781026499457211365e+00
-6.798534186135707813e+00
-7.736906694099952908e+00
-9.696036397504991911e+00
-8.936120300151605633e+00
-1.052126156824685133e+01
-9.791365650473984772e+00
-1.032155152838775791e+01
-9.082517653757872012e+00
-9.167461045495588934e+00
-1.052051036888122226e+01
-1.001715496554260199e+01
-1.168602449430775536e+01
-1.062503679853176664e+01
-1.122157388560336244e+01
-1.078078125035907675e+01
-1.185975045321061039e+01
-1.063499696176402587e+01
-1.108221020130560142e+01
-9.600060536135767819e+00
-1.106566457445359575e+01
-1.050859142002328994e+01
-1.080897585951643691e+01
-1.143471086700168016e+01
-1.103797019678859748e+01
-1.041874985919333163e+01
-1.057079391418758973e+01
-1.015204480847478052e+01
-9.911546898865353228e+00
-1.032332590009751883e+01
-1.161493792662646740e+01
-1.011087517430972582e+01
-1.024961010028078334e+01
-1.019326658547821651e+01
-9.219167613591000787e+00
-9.408957106862295916e+00
-9.275468908826871584e+00
-9.033556529629535703e+00
-9.449282111932552297e+00
-9.627126036263081943e+00
-9.762747067395249445e+00
-9.125020607764987801e+00
-1.009263832881797462e+01
-9.155460124584863024e+00
-8.614729426998531281e+00
-7.794429283105398731e+00
-8.627909768862842554e+00
-8.581632173752232973e+00
-8.254433061860790843e+00
-8.604140983824681399e+00
-8.540197052998422578e+00
-9.834941931014640204e+00
-8.215605634649485012e+00
-9.597698094796530910e+00
-8.321829001214329224e+00
-9.123803476131413959e+00
-8.262803572411367981e+00
-9.578465179445242228e+00
-1.064252600145967165e+01
-1.128502394062028102e+01
-1.049900762893569706e+01
-9.901217236603867988e+00
-1.037595303234118660e+01
-1.027351055093411603e+01
-9.003601043633302936e+00
-9.264975847774774564e+00
-1.006478809480139347e+01
-1.004656304287483692e+01
-1.199491293565204231e+01
-9.850502246324390754e+00
-1.041501003131819303e+01
-1.072305936622057843e+01
-1.025927350854071562e+01
-1.020704519949537925e+01
-1.123367498813998466e+01
-9.684897671038871891e+00
-1.129793837174930360e+01
-1.202068823061498293e+01
-1.076329685949552051e+01
-1.112314283101639845e+01
-1.118147904059178899e+01
-1.061293694396579923e+01
-1.272346659193208041e+01
-1.183541952400081776e+01
-1.190827150351059771e+01
-1.311536638598085958e+01
-1.168774169638954419e+01
-1.267108005273078675e+01
-1.289472744320988795e+01
-1.199968692076413745e+01
-1.305517701446784429e+01
-1.295701136263931019e+01
-1.216835972973896318e+01
-1.244844269191569985e+01
-1.150345579769005155e+01
-1.136677601807867433e+01
-1.320537268511789009e+01
-1.331499006945285757e+01
-1.367279909261439741e+01
-1.253145032622237665e+01
-1.262462024731459387e+01
-1.285420345659071018e+01
-1.293616706901785918e+01
-1.172986251513367151e+01
-1.198567586809253172e+01
-1.135081215296347068e+01
-1.305468242383764910e+01
-1.390000399032918921e+01
-1.380839578085269181e+01
-1.357122283258906137e+01
-1.479809604070581486e+01
-1.348279008446422367e+01
-1.336144902476519825e+01
-1.455244791368661694e+01
-1.188565589262731237e+01
-1.233957617134820595e+01
-1.322043872065484038e+01
-1.258297822500807683e+01
-1.381894070219449944e+01
-1.326636431521279036e+01
-1.261748116920389862e+01
-1.321848751757746854e+01
-1.293099725723847548e+01
-1.345078827610272931e+01
-1.425605098597023002e+01
-1.455974011557516690e+01
-1.447950407766630931e+01
-1.397210832060860852e+01
-1.472117879974521415e+01
-1.429829353598052677e+01
-1.503310381814263863e+01
-1.434995290741796126e+01
-1.478633297351293763e+01
-1.454473294118017179e+01
-1.449087226252466465e+01
-1.550583112884586434e+01
-1.381100645039807873e+01
-1.436100510299251809e+01
-1.485038969307374757e+01
-1.381867291567139766e+01
-1.354777271030883057e+01
-1.379780755557041161e+01
-1.473386881017145633e+01
-1.314506182088812380e+01
-1.333296500896029002e+01
-1.327996188582397963e+01
-1.365891029169527471e+01
-1.365456543788841692e+01
-1.253929463388139887e+01
-1.314117608137547855e+01
-1.406126242667593118e+01
-1.473929238277815656e+01
-1.470281336686606721e+01
-1.365637595486118627e+01
-1.330264819152509226e+01
-1.452334986541162465e+01
-1.290828498784201273e+01
-1.181132266461257174e+01
-1.203557660787727279e+01
-1.156512669362924228e+01
-1.316893795706813641e+01
-1.235620062325294022e+01
-1.121538990613978548e+01
-1.345258556309623543e+01
-1.266216162725176630e+01
-1.176167372847475434e+01
-1.057468238322560161e+01
-1.241680998315308848e+01
-1.157350518103810089e+01
-1.087086821763844391e+01
-1.237544896001690375e+01
-1.352737338505510856e+01
-1.311235864314586763e+01
-1.285872395994324613e+01
-1.283730728338094984e+01
-1.251463174381767729e+01
-1.332234970329662538e+01
-1.156990157303575728e+01
-1.299156835537706556e+01
-1.294674326904632444e+01
-1.398739982754458211e+01
-1.480708416735925326e+01
-1.213738172728375275e+01
-1.326451820401942072e+01
-1.411846222206761325e+01
-1.395962992828718718e+01
-1.543028239817391167e+01
-1.436828634057704157e+01
-1.263386653284567274e+01
-1.431391269911807029e+01
-1.475409225415380021e+01
-1.392146702542206071e+01
-1.409447798811102537e+01
-1.266738458473800577e+01
-1.294586093264319615e+01
-1.150266700785065055e+01
-1.412422057435992784e+01
-1.393458296889431480e+01
-1.418649609465160566e+01
-1.373937345330945448e+01
-1.392802148483810143e+01
-1.228249202223472025e+01
-1.019918678577866444e+01
-1.151271932880913518e+01
-1.171375241340140150e+01
-1.102969768195216105e+01
-1.228123058218460528e+01
-1.328490338440490781e+01
-1.183937020457042699e+01
-1.208249966457549007e+01
-1.214599160394006105e+01
-1.201635907779779089e+01
-1.264979026562853726e+01
-1.463631953641701600e+01
-1.347922504481202211e+01
-1.386958442590375284e+01
-1.392672772657528846e+01
-1.348763189910126670e+01
-1.249890970583370553e+01
-1.389705392752725466e+01
-1.350608403286885917e+01
-1.527008551706030204e+01
-1.401522737936431895e+01
-1.346067342139340894e+01
-1.220208038984393006e+01
-1.410464626052213788e+01
-1.459212380803149145e+01
-1.465393703478849474e+01
-1.542499483130315596e+01
-1.589072572271000894e+01
-1.463224998727193338e+01
-1.514215980613069945e+01
-1.476982174749038279e+01
-1.522111285643860334e+01
-1.442478999328667655e+01
-1.318542039256580445e+01
-1.364350328786276911e+01
-1.338268461723954417e+01
-1.431451499502293601e+01
-1.332074686773407457e+01
-1.304306913324812101e+01
-1.242716486680444099e+01
-1.134958408733628943e+01
-1.310942522555686018e+01
-1.325519249358139717e+01
-1.171653338243958231e+01
-1.434421468190765836e+01
-1.468850290599882946e+01
-1.381225610593920194e+01
-1.458296207601847172e+01
-1.469737146303613073e+01
-1.494143323612277641e+01
-1.372109501552557020e+01
-1.312107080973618167e+01
-1.391101941790634733e+01
-1.495077495762155451e+01
-1.218734404498234980e+01
-1.232972536028341537e+01
-1.356784126741030505e+01
-1.181233042482388029e+01
-1.233893203334465483e+01
-1.235885491191333685e+01
-1.345358580266315585e+01
-1.249036789224376776e+01
-1.218641881120143822e+01
-1.441724665642087189e+01
-1.216959191980632582e+01
-1.272409360037773851e+01
-1.319314661904768471e+01
-1.481453563347035463e+01
-1.314950782947374996e+01
-1.446630778147540930e+01
-1.415359150844493286e+01
-1.410460841896837536e+01
-1.407796951295989807e+01
-1.396680228392141387e+01
-1.516443874830476268e+01
-1.268958597541570654e+01
-1.452500726605062198e+01
-1.298114732319059428e+01
-1.314102452752781858e+01
-1.355455235766069677e+01
-1.302564664327520916e+01
-1.296108339835691581e+01
-1.219346603565192666e+01
-1.378270159321856880e+01
-1.108610558122354206e+01
-1.165117499236598597e+01
-1.201538176948992920e+01
-1.207427404918709613e+01
-1.317094839442530585e+01
-1.188860636193250997e+01
-1.262906462304603750e+01
-1.258700975245809772e+01
-1.266149727733920116e+01
-1.319764753007332914e+01
-1.252012282597160109e+01
-1.357310810279029134e+01
-1.319649502339231617e+01
-1.294219385747449991e+01
-1.302463632973365293e+01
-1.317763912517038527e+01
-1.194711320780305286e+01
-1.320831012620446998e+01
-1.223420039954901384e+01
-1.197940280588721151e+01
-1.276196104172195334e+01
-1.205554441444440528e+01
-1.191593045254577987e+01
-1.198405352020576231e+01
-1.301670766853544947e+01
-1.136767773106094026e+01
-1.196154861072885645e+01
-1.258069714434851782e+01
-1.359318766362724773e+01
-1.248999085878338278e+01
-1.037175193101307968e+01
-9.937273161268926458e+00
-1.113710693203049651e+01
-1.150313260376363189e+01
-1.136867079225033983e+01
-1.340942944316183194e+01
-1.150294983014130246e+01
-1.226385360436514560e+01
-1.237032311049340194e+01
-1.353025033025795487e+01
-1.293336021397822222e+01
-1.272041065496439316e+01
-1.325527386629093485e+01
-1.396195918048143270e+01
-1.306634464123246175e+01
-1.318183997611088820e+01
-1.286584068439795736e+01
-1.363745846599845635e+01
-1.427705110644309983e+01
-1.312670078816067942e+01
-1.368842541387439482e+01
-1.293376001448487145e+01
-1.513007942981343312e+01
-1.319359078693393883e+01
-1.288700096430308939e+01
-1.356055964409464742e+01
-1.276110608461224771e+01
-1.459635913941868424e+01
-1.387466821145449103e+01
-1.243334624782786335e+01
-1.233961830802854642e+01
-1.275629799973376421e+01
-1.253530291741845559e+01
-1.249081898422748793e+01
-1.373137392923627687e+01
-1.410714256608693340e+01
-1.283249328025931035e+01
-1.173926436005888618e+01
-1.250595491169189799e+01
-1.078807119179023566e+01
-1.147572334559275831e+01
-1.351935094694292872e+01
-1.169340050848481027e+01
-1.283421313914317885e+01
-1.306883157471213153e+01
-1.313175028355081153e+01
-1.214583086094044084e+01
-1.196910012092416231e+01
-1.327376537845317905e+01
-1.370102404951572694e+01
-1.240593382701002056e+01
-1.426024478050474897e+01
-1.261439453964026569e+01
-1.266107553692563492e+01
-1.365080653998226623e+01
-1.267763395658005621e+01
-1.304593888968615900e+01
-1.422237782503048997e+01
-1.417910496620734051e+01
-1.354862412227738311e+01
-1.440900878234143612e+01
-1.489514653330687999e+01
-1.368388073389643544e+01
-1.346457703488524515e+01
-1.416674881772254402e+01
-1.450124603370089815e+01
-1.409064893001896479e+01
-1.316356539395501102e+01
-1.497433511632136316e+01
-1.483117353532787064e+01
-1.570077755658510910e+01
-1.498470540162948694e+01
-1.594394116286439989e+01
-1.504345914788978433e+01
-1.474607649090653005e+01
-1.611187506734437136e+01
-1.500782656864145181e+01
-1.518308558917442141e+01
-1.684749842777868878e+01
-1.706135283891432053e+01
-1.678954563751275586e+01
-1.651189174423635109e+01
-1.756990157386228546e+01
-1.743826006250195348e+01
-1.658571115984504729e+01
-1.794766742482446631e+01
-1.718791944081758771e+01
-1.629654121237225795e+01
-1.564712883462612147e+01
-1.628944020492703260e+01
-1.695692070151930864e+01
-1.704985855852959631e+01
-1.537713937229805161e+01
-1.599266874418858464e+01
-1.523790768735689483e+01
-1.401745471799469911e+01
-1.488337995215196585e+01
-1.592206297732319520e+01
-1.544233116255397675e+01
-1.435447231780785238e+01
-1.542422810474030115e+01
-1.726106967896943445e+01
-1.466831224127841793e+01
-1.587880208001528359e+01
-1.377014685703901442e+01
-1.527789844636205530e+01
-1.456427027720278744e+01
-1.426832713320698431e+01
-1.528063501103805777e+01
-1.402246474891568795e+01
-1.458930982552107913e+01
-1.557573435945022666e+01
-1.536633275245028329e+01
-1.319652907736511871e+01
-1.439695037987657500e+01
-1.620350928937830304e+01
-1.555284066227131490e+01
-1.513526343093859872e+01
-1.588745125333117514e+01
-1.420503572283485916e+01
-1.510927407665267808e+01
-1.498785899784589049e+01
-1.576880426164895432e+01
-1.585220234357137770e+01
-1.725270109357701998e+01
-1.565431838378185070e+01
-1.520119948968367751e+01
-1.512532148093598039e+01
-1.722669459495969591e+01
-1.466497135557923670e+01
-1.555061038528162243e+01
-1.512834425044497166e+01
-1.589497299231058491e+01
-1.665943318153665942e+01
-1.443961483156117254e+01
-1.549001677017470513e+01
-1.513931933147648579e+01
-1.431010978400250799e+01
-1.594364804622919252e+01
-1.486137746299045581e+01
-1.433328698934150225e+01
-1.525342006797680305e+01
-1.509682485269271091e+01
-1.597794621734031040e+01
-1.576484674224673732e+01
-1.511195049038949989e+01
-1.662451361205579659e+01
-1.482343365414073943e+01
-1.610159320677247763e+01
-1.636920169642782241e+01
-1.519241638256634630e+01
-1.474755047743749969e+01
-1.568230381131320428e+01
-1.392252191797733829e+01
-1.321565153596289122e+01
-1.441331775979345053e+01
-1.412579021711009020e+01
-1.467185533919534635e+01
-1.470699235072262212e+01
-1.583430423296421097e+01
-1.500080920668997209e+01
-1.568337141924233968e+01
-1.435286587241447265e+01
-1.487188502891375563e+01
-1.411209425968654152e+01
-1.561047171837243575e+01
-1.538289273399893808e+01
-1.622840626439922573e+01
-1.510042921667168869e+01
-1.516600577426538621e+01
-1.451528222186676587e+01
-1.461040313430674153e+01
-1.503612508610078002e+01
-1.442602975579719882e+01
-1.555555074930859405e+01
-1.541291255371631053e+01
-1.353583439232598984e+01
-1.472570107878405921e+01
-1.518402133187390035e+01
-1.576944178622903436e+01
-1.359927904509613228e+01
-1.362521511148970887e+01
-1.486558426703913227e+01
-1.641207534513583610e+01
-1.591135003618930988e+01
-1.621841440850727878e+01
-1.528630449398618651e+01
-1.707786231303578361e+01
-1.689226739088008244e+01
-1.547152070112512767e+01
-1.484751044906302475e+01
-1.652917913909971048e+01
-1.748354461855546305e+01
-1.528278609000512844e+01
-1.771641817287127196e+01
-1.560945938796035115e+01
-1.701743160481158057e+01
-1.718746041804923408e+01
-1.500720652512682207e+01
-1.807491948653776248e+01
-1.606603729315186158e+01
-1.887068672655666290e+01
-1.694830079846301274e+01
-1.762725334811490541e+01
-1.784997089611170651e+01
-1.743242469302813547e+01
-1.738648045010593179e+01
-1.884737233749852336e+01
-1.810237561330797362e+01
-1.777504224647535125e+01
-1.866862970794775478e+01
-1.763532410436335596e+01
-1.579701392618135891e+01
-1.651061793817965295e+01
-1.649126423879552306e+01
-1.557753248558854686e+01
-1.544632073097665526e+01
-1.752889775610366030e+01
-1.505126521878811907e+01
-1.696569443597127247e+01
-1.710584927879040862e+01
-1.884662789403936145e+01
-1.789358351931812763e+01
-1.739154627038906398e+01
-1.697715616909366076e+01
-1.758525146863007649e+01
-1.672549959268899755e+01
-1.773679933526782548e+01
-1.731122642181567528e+01
-1.742690327807141770e+01
-1.704762481115154671e+01
-1.779625170921509891e+01
-1.850943812851842551e+01
-1.750285148873286190e+01
-1.696011865716884515e+01
-1.600795226186104614e+01
-1.760184237984182687e+01
-1.851925329569534640e+01
-1.928851243571605067e+01
-1.835832982460217622e+01
-2.031300437137521442e+01
-1.993602776815969690e+01
-1.918202515556893317e+01
-2.064564213479993171e+01
-2.093080247318971843e+01
-1.916567830020744623e+01
-1.961921793918273949e+01
-2.032769198254814214e+01
-2.034212193386525769e+01
-1.964060664631730901e+01
-2.113088239162119208e+01
-2.101622450981671619e+01
-2.051622597329043529e+01
-2.009981224527931687e+01
-1.966793157810796799e+01
-1.948466547687578299e+01
-1.961951603316335380e+01
-2.010395163500404436e+01
-1.930051170416669493e+01
-1.975564717887662169e+01
-1.985066565116556347e+01
-1.894884674991598672e+01
-1.958773508087363524e+01
-1.874637576147400608e+01
-1.833215328145228185e+01
-1.917521064472193615e+01
-1.963181377346931811e+01
-1.989588134789703133e+01
-1.931332096482471528e+01
-1.872273140023240501e+01
-1.938847924637464004e+01
-1.876090958099617012e+01
-1.831560095422559442e+01
-1.942517347338663924e+01
-1.860383881666179562e+01
-1.907092178383095060e+01
-1.884070351188081816e+01
-1.898797601415296299e+01
-1.889274163440896714e+01
-1.810429271014951880e+01
-2.009536356615426911e+01
-1.913313896478362608e+01
-1.892636797922424563e+01
-1.828851273714046854e+01
-2.057981512647222644e+01
-1.934042453034192377e+01
-1.922256786747412960e+01
-1.954465801323826923e+01
-1.942920649985508774e+01
-2.010853707727466855e+01
-1.986563839402612430e+01
-2.063604649177290895e+01
-1.837338469715846401e+01
-2.126716853120517925e+01
-2.063994905109381506e+01
-1.921537038473773151e+01
-1.993550453444141723e+01
-2.033667201249877721e+01
-1.977074660551544483e+01
-2.066784900493567179e+01
-1.822875750387852634e+01
-2.063667546926980734e+01
-2.165970714598788049e+01
-1.966320671799508801e+01
-2.131821496729938303e+01
-2.161854909568054595e+01
-2.057284647056102500e+01
-2.053710207642044594e+01
-2.054095081917014198e+01
-1.978750225569491406e+01
-2.124111158774701025e+01
-2.141253703990781077e+01
-2.128050140367786724e+01
-1.997760876584327860e+01
-2.077809293366652099e+01
-1.962448736871727561e+01
-2.029832366962043366e+01
-1.853757962733165598e+01
-1.841495746797608035e+01
-2.032768379621123245e+01
-2.037559336496478934e+01
-2.019267644743766965e+01
-1.976588972372352870e+01
-2.213867914623208222e+01
-2.154400147169467061e+01
-2.235961623035350954e+01
-2.257910337092842212e+01
-2.248733299177335354e+01
-2.253208943486829696e+01
-2.305683774282964293e+01
-2.234299900126145388e+01
-2.240976965889436556e+01
-2.343942713109302645e+01
-2.299136171917712801e+01
-2.212275583681602598e+01
-2.359718115582423081e+01
-2.428566255609592872e+01
-2.393394519929458752e+01
-2.200809985336049124e+01
-2.350214808205544159e+01
-2.268363638028991502e+01
-2.291945884469091155e+01
-2.299833186348014991e+01
-2.162623869053462045e+01
-2.191101226222897225e+01
-2.230846223496057945e+01
-2.395282725095307086e+01
-2.407896070151138446e+01
-2.360904463511211659e+01
-2.437178621610317464e+01
-2.413084808795255753e+01
-2.322103167207703933e+01
-2.260419602153000085e+01
-2.436631873481221788e+01
-2.498226892930176390e+01
-2.563721914523728174e+01
-2.443245696647110066e+01
-2.378085674259761717e+01
-2.517903158749474102e+01
-2.336246285376979515e+01
-2.440298399268638008e+01
-2.349683390992841225e+01
-2.440174966396347145e+01
-2.473174004628499034e+01
-2.538449810484188873e+01
-2.441684207604295409e+01
-2.545031825561920513e+01
-2.515785392709971191e+01
-2.522579633039454095e+01
-2.518324120302216329e+01
-2.463496200697548488e+01
-2.589212112605545002e+01
-2.486200351943442399e+01
-2.665329356492555490e+01
-2.494362443508359917e+01
-2.493719476837853222e+01
-2.491828057120865836e+01
-2.556113249735939874e+01
-2.407045838410875405e+01
-2.543546556019484228e+01
-2.398585612175097026e+01
-2.399401330676237265e+01
-2.598225758765137172e+01
-2.444661709419546369e+01
-2.601580493473541722e+01
-2.573236283656770951e+01
-2.686120973135763279e+01
-2.488741211386709296e+01
-2.654145170061182313e+01
-2.492140349498483687e+01
-2.519580252960611944e+01
-2.619867649028860157e+01
-2.517692997445816161e+01
-2.554805061194443638e+01
-2.653539714527986959e+01
-2.747171837642351733e+01
-2.540923673644152814e+01
-2.749902553084397994e+01
-2.799088195760765529e+01
-2.721424126803956867e+01
-2.692349196601896111e+01
-2.619348664730408061e+01
-2.818106646473417243e+01
-2.548484925374290810e+01
-2.712440390138180391e+01
-2.648269849518523245e+01
-2.788243208108410087e+01
-2.898005012789474932e+01
-2.863289180870290807e+01
-2.796866247138602546e+01
-2.825999794568205559e+01
-2.832668911020211411e+01
-2.878318611975727492e+01
-2.824871792764771428e+01
-2.757806031581812789e+01
-2.885571308741457131e+01
-2.838147685925948949e+01
-2.831861615320054426e+01
-2.822226206559668427e+01
-2.970313431264523985e+01
-2.898629130630398976e+01
-2.866496640633345905e+01
-2.880128379597731225e+01
-2.982963540779504896e+01
-2.972687547868764213e+01
-2.807728572321690308e+01
-2.867153365989274505e+01
-2.873418189157102276e+01
-2.926903725579125393e+01
-2.842442843835537758e+01
-2.765349151991443932e+01
-2.917429214614575272e+01
-2.732901260269776245e+01
-2.861063833190947747e+01
-2.718944511317310742e+01
-2.772596901562335603e+01
-2.806201449069843790e+01
-2.821338815506416609e+01
-2.752335644339900256e+01
-2.768200421502658060e+01
-2.766096078682540593e+01
-2.842838139548835841e+01
-2.655573140224188933e+01
-2.628462179151440381e+01
-2.720349040529742268e+01
-2.604373632680695749e+01
-2.843132651925392196e+01
-2.951451777735934456e+01
-2.795828617768985680e+01
-2.771214188208619333e+01
-2.813323653210926523e+01
-2.951441787405926576e+01
-2.805244499968731731e+01
-2.986086451420069210e+01
-2.914064268239485500e+01
-2.877870815336034482e+01
-2.915878998385549892e+01
-2.916155871325104698e+01
-2.975814318256537661e+01
-2.976367663736275659e+01
-3.028836676526056948e+01
-2.878831897543449259e+01
-2.961137096620781861e+01
-2.901038971294199342e+01
-2.808243038410045145e+01
-2.836449789505393682e+01
-2.845565412836178609e+01
-2.981207177969282540e+01
-2.827905634261270507e+01
-2.981201063884775238e+01
-3.019298731901211141e+01
-3.029137505513991613e+01
-3.100405929913508629e+01
-3.029686529122047745e+01
-3.004844478740818658e+01
-2.981781101726955541e+01
-2.823146531023268579e+01
-3.167266747297174589e+01
-3.085568887360288670e+01
-3.100038336629917879e+01
-2.985421105720163837e+01
-3.143254980613554395e+01
-3.083989339944291430e+01
-3.110074974435944029e+01
-3.091447237868242226e+01
-3.020655096327511302e+01
-2.917129136432129854e+01
-3.074351780720543204e+01
-3.093453418658391385e+01
-3.019259410529494048e+01
-2.950475702636586561e+01
-3.059892694605966312e+01
-2.980363207492871780e+01
-2.904380962967158553e+01
-2.918219456846850335e+01
-2.735518823002986721e+01
-2.774562429579333411e+01
-2.836751368610713797e+01
-2.721073891146214407e+01
-2.718063045614709949e+01
-2.772445613287847266e+01
-2.823900602247460512e+01
-2.763680036366116965e+01
-2.744334085784199573e+01
-2.706746854085244891e+01
-2.718580568309410950e+01
-2.779765555807066590e+01
-2.804980661337244996e+01
-2.770506611389004092e+01
-2.899330141224401558e+01
-2.737814075604752162e+01
-2.959830345703504406e+01
-2.877594637840430991e+01
-2.945048778677420387e+01
-2.927655774134602140e+01
-2.811654691598409528e+01
-2.910692673546730802e+01
-2.991986958378006634e+01
-2.918945271527475427e+01
-2.933129909561570514e+01
-2.963987887330769411e+01
-3.085219368089141057e+01
-2.917645505436036402e+01
-2.953405595004464956e+01
-2.927268882141427753e+01
-2.911091372728250093e+01
-2.975078553553505145e+01
-2.921724348237914270e+01
-2.943196451568879013e+01
-2.927521937425898102e+01
-2.914748594913110225e+01
-2.912111802787396897e+01
-2.790500008097354367e+01
-2.702608871272256152e+01
-2.579733798443654891e+01
-2.871527533532713150e+01
-2.846491187930347166e+01
-2.671411511814526563e+01
-2.702329749774358802e+01
-2.790968306163264145e+01
-2.876885213798251328e+01
-2.787333495519297699e+01
-2.787052890251604254e+01
-2.927708380926906884e+01
-2.807325343026022324e+01
-2.782099154232652438e+01
-2.691507781991614578e+01
-2.713760752312144575e+01
-2.708314610824219670e+01
-2.650065365801872730e+01
-2.556105806898985122e+01
-2.798531984376402448e+01
-2.716914732245500730e+01
-2.733278317335802399e+01
-2.764656127820421361e+01
-2.785681490661308857e+01
-2.833086682741799223e+01
-2.810706900182786683e+01
-2.774083940647563651e+01
-2.961234715211408641e+01
-2.843621805439791572e+01
-2.751771674572296078e+01
-2.872065481378925611e+01
-2.712397534564381729e+01
-2.829807337513668841e+01
-2.758514307754243688e+01
-2.861671792114793789e+01
-2.855833160319678754e+01
-2.849107704171847644e+01
-2.874895612833174496e+01
-2.819000800088968361e+01
-2.864566009019472048e+01
-2.849882712571709220e+01
-2.979726138175973915e+01
-2.882006591146883423e+01
-2.882056940176248716e+01
-2.992278113700924891e+01
-3.000614748544177246e+01
-2.994674103384806330e+01
-3.052245161527682882e+01
-3.144422604850221603e+01
-3.046801903334723249e+01
-2.906304950125455377e+01
-2.919295004083934941e+01
-3.046674587019424507e+01
-2.855545691392118357e+01
-2.954651839400262858e+01
-3.019014404320784095e+01
-2.960966371894892291e+01
-3.023557567792664358e+01
-2.903327271319930247e+01
-2.932989323856241981e+01
-3.040562801649393521e+01
-3.002671561244057941e+01
-3.014005961982545756e+01
-3.021140306067448478e+01
-3.070900002783366745e+01
-3.034419915903892218e+01
-3.072011240056510317e+01
-3.094626273159728669e+01
-3.070392838155632376e+01
-3.073432222773383415e+01
-3.132272721572189056e+01
-3.077341387332640466e+01
-2.981988497921664916e+01
-2.933312056401843648e+01
-2.901045138854735939e+01
-2.746173591732464914e+01
-2.818193468477570462e+01
-2.948976230223073003e+01
-3.013417345113067114e+01
-2.835325623299982212e+01
-3.051806033867408630e+01
-2.896299150935786315e+01
-2.914279968860613934e+01
-2.863628237209137950e+01
-2.859165925414900755e+01
-2.750277517510007641e+01
-2.870785304132066074e+01
-2.803579503245025606e+01
-2.887774875801210328e+01
-2.754288171292346732e+01
-3.053874409315323746e+01
-2.841704132709715935e+01
-2.911611354713667765e+01
-2.753814328043508652e+01
-2.832343088068591896e+01
-2.821234412950933290e+01
-2.797346330146708837e+01
-2.803869818289795290e+01
-2.976694607174456308e+01
-2.795650531057142985e+01
-2.865375155839167221e+01
-2.914858995126198593e+01
-2.971825878063983595e+01
-2.942353251475659093e+01
-3.030354624107384254e+01
-2.952875352397591868e+01
-2.905137155435274110e+01
-3.023908093406150499e+01
-3.026988995569189456e+01
-2.987219066252321653e+01
-3.139314760153499861e+01
-2.853640398639387143e+01
-2.887549656983755852e+01
-2.950201989157655191e+01
-2.876867716015648213e+01
-2.950210240800760886e+01
-3.008059129271421028e+01
-3.014529040636849189e+01
-3.080389759275669093e+01
-3.018584216005756105e+01
-3.069490076469807605e+01
-2.920796170485956367e+01
-3.033793244242481180e+01
-2.957255033276242884e+01
-2.973703626789593102e+01
-2.830740316048526140e+01
-2.906294050831689191e+01
-2.817260060109006403e+01
-2.931302422953553588e+01
-2.876222749623958563e+01
-2.886456477097751261e+01
-3.035897759421079911e+01
-2.964116858555835066e+01
-2.990991241701400583e+01
-2.989472275871595386e+01
-2.884577426771694064e+01
-2.971259994119502679e+01
-3.065458014651780516e+01
-3.137031116762292271e+01
-2.975807696204183728e+01
-3.008244269244118385e+01
-2.889184027483557315e+01
-3.066792635778076104e+01
-2.828709724064359321e+01
-2.887954992070103444e+01
-2.720331152950728892e+01
-2.858610225474298261e+01
-2.874934011239698606e+01
-2.871877488308719961e+01
-2.856395929508144960e+01
-2.837647029321415815e+01
-2.786666084248012254e+01
-2.850831064732435038e+01
-2.665003216793613205e+01
-2.690213653228538604e+01
-2.784609914606053849e+01
-2.725151832554285747e+01
-2.813604441841256332e+01
-2.931009200922040492e+01
-2.793138106999634829e+01
-2.622674270608391822e+01
-2.695926145938550178e+01
-2.936101360015351247e+01
-2.787085352631866542e+01
-2.752579305148205435e+01
-2.750558706425283262e+01
-2.716162844803259446e+01
-2.743057113441537354e+01
-2.726132075470543015e+01
-2.846975953548707139e+01
-2.744453518709559603e+01
-2.725940948326386959e+01
-2.840421978611124487e+01
-2.809383648876612227e+01
-2.849197502920433678e+01
-2.792621396596230454e+01
-2.627795093754747668e+01
-2.621149023836249370e+01
-2.685694333909654219e+01
-2.709228015289369651e+01
-2.808944461621067035e+01
-2.774283146647400145e+01
-2.919237206132491735e+01
-2.660524235357911493e+01
-2.774133213255574759e+01
-2.696511072000276243e+01
-2.682985709069492586e+01
-2.641019990328727118e+01
-2.701579066270023333e+01
-2.564342186423529668e+01
-2.646026371812078892e+01
-2.688426376689819364e+01
-2.589007464387865198e+01
-2.562193244539547266e+01
-2.766949297077920988e+01
-2.751410645764304164e+01
-2.634271015611588496e+01
-2.678877993508458388e+01
-2.600394032760061336e+01
-2.695369998662166822e+01
-2.528586379896712444e+01
-2.515642072466456014e+01
-2.546414645207405769e+01
-2.534684760347388988e+01
-2.523580143113392182e+01
-2.501388503733057078e+01
-2.596503342973813133e+01
-2.554522410748098338e+01
-2.586158862272545633e+01
-2.611741225190260707e+01
-2.472591717462438154e+01
-2.422103723677049558e+01
-2.512234914380068673e+01
-2.415396846189779367e+01
-2.601415466565837775e+01
-2.609796394943930764e+01
-2.625582705761742375e+01
-2.631707995686230817e+01
-2.640830051297420056e+01
-2.601415306241736403e+01
-2.538400032743163592e+01
-2.584327206506554120e+01
-2.553805403241850058e+01
-2.490667763825411285e+01
-2.422491833969047192e+01
-2.482382707761929552e+01
-2.460684699709167234e+01
-2.527372091842521229e+01
-2.393761130709737728e+01
-2.395804755535769459e+01
-2.301353479223721621e+01
-2.318330027955153128e+01
-2.225047941125967554e+01
-2.285358154439245837e+01
-2.277937681095735911e+01
-2.200578326043071442e+01
-2.134307013780840734e+01
-2.268872614839855117e+01
-2.269990622595947372e+01
-2.335575718485609542e+01
-2.367680301631613204e+01
-2.237283570711516489e+01
-2.363545027666940257e+01
-2.213151137986209704e+01
-2.065150387497557816e+01
-2.258225474857287196e+01
-2.210266007986857772e+01
-2.336644920683649573e+01
-2.345213130981647964e+01
-2.324112974192409453e+01
-2.307445628823200323e+01
-2.351085801594479108e+01
-2.347471220661123326e+01
-2.336337085118214674e+01
-2.544419875982472590e+01
-2.452588275644571070e+01
-2.509302163524467844e+01
-2.349379237798011033e+01
-2.534227189625359244e+01
-2.476159752567961192e+01
-2.428610170520127554e+01
-2.498644684055402010e+01
-2.555702349088259595e+01
-2.584267523691756097e+01
-2.499509857277580949e+01
-2.432033761884753531e+01
-2.422379583285269788e+01
-2.540940667168872125e+01
-2.535719142652459013e+01
-2.491805510545889035e+01
-2.517349538938712783e+01
-2.504337478223824576e+01
-2.445104325224523478e+01
-2.489457457777332294e+01
-2.495470793762089201e+01
-2.529562798666040280e+01
-2.572849310516273391e+01
-2.627077537155360432e+01
-2.515700439184743331e+01
-2.535956485506811831e+01
-2.501516012489106799e+01
-2.535930756031624256e+01
-2.352697926762408542e+01
-2.548660635443508937e+01
-2.496986726456895411e+01
-2.568527567772207831e+01
-2.426612172398160183e+01
-2.550946368120493446e+01
-2.459606332730172440e+01
-2.538378266118427007e+01
-2.645643747310667493e+01
-2.489865099854971930e+01
-2.613008142978999260e+01
-2.367528261891699870e+01
-2.572588614943011720e+01
-2.572340783068764836e+01
-2.524143050620805795e+01
-2.473571217054551141e+01
-2.469701796442324593e+01
-2.595028409851464701e+01
-2.432470714864153649e+01
-2.578532451863589259e+01
-2.632880039069256739e+01
-2.553044447604729328e+01
-2.681429947565482053e+01
-2.706354308078690352e+01
-2.682738174066005499e+01
-2.703375061103297838e+01
-2.692165702849836251e+01
-2.602116291636332335e+01
-2.586990417011685750e+01
-2.658741272945515988e+01
-2.615476780953633096e+01
-2.603130534921725925e+01
-2.807515450695761672e+01
-2.610585674811534318e+01
-2.716788879209035912e+01
-2.672057482089651614e+01
-2.602298502252259027e+01
-2.813938039425557491e+01
-2.743366768785488219e+01
-2.698027597166465341e+01
-2.724031563240616194e+01
-2.510200281302770264e+01
-2.759933122536857653e+01
-2.723458667715723180e+01
-2.646847390788492049e+01
-2.791298687242094445e+01
-2.808600457890071667e+01
-2.793070877099425431e+01
-2.821476097841904718e+01
-2.929279300486255266e+01
-2.849500406626225413e+01
-2.920265185049132484e+01
-2.819009318955923860e+01
-2.885532239552087930e+01
-2.969180137399715136e+01
-2.772907721912653045e+01
-2.860127409786430519e+01
-2.770820437851701001e+01
-2.786674881609432219e+01
-2.762939099960868816e+01
-2.781674453839813310e+01
-2.606899002096859874e+01
-2.549299798972494813e+01
-2.756316175896795784e+01
-2.569082058752358932e+01
-2.590611691266643035e+01
-2.654967942596772446e+01
-2.633129956283134732e+01
-2.562455354208909242e+01
-2.591913838905907141e+01
-2.561093202620372011e+01
-2.499674486533164952e+01
-2.564537080366520527e+01
-2.593023123896535509e+01
-2.226732894223646042e+01
-2.348977246102452909e+01
-2.399989951847187086e+01
-2.327382288702388990e+01
-2.300597462168540730e+01
-2.258869030534201983e+01
-2.285892750787586181e+01
-2.293805382838309725e+01
-2.330483951717896218e+01
-2.339988648330236387e+01
-2.260999967546074529e+01
-2.375216572266079496e+01
-2.394968145750393518e+01
-2.579571559303736095e+01
-2.273712108430044765e+01
-2.330364663229776312e+01
-2.451348643336864086e+01
-2.378436680900306399e+01
-2.484847002389415138e+01
-2.397359280419294691e+01
-2.412359366604117383e+01
-2.397649128183530820e+01
-2.321381544489441140e+01
-2.275414078220181580e+01
-2.286042931424867319e+01
-2.325045661320540447e+01
-2.271686396715968215e+01
-2.119972567444678191e+01
-2.275455121604057851e+01
-2.356071662415957491e+01
-2.294664746205467054e+01
-2.301793782210309303e+01
