-7.444336124776076979e-02
-2.670606460914555502e-02
-6.003512203514453915e-01
-5.986250658305898309e-01
-9.680293803159599753e-01
-7.897651201123440101e-01
-1.058657093253649428e+00
-1.531238147326761334e+00
-1.736104437249465171e+00
-1.693190635237930008e+00
-1.628526045163074976e+00
-1.738582333687983761e+00
-1.771073207495961199e+00
-1.766261369934932324e+00
-1.810459118688801050e+00
-2.415134486897835497e+00
-2.215159454996698418e+00
-2.231950107130745042e+00
-2.762006781789628995e+00
-3.245396937301361362e+00
-3.679575757043105355e+00
-4.044739537063959389e+00
-3.996660689319663895e+00
-3.261464075593204281e+00
-3.432045392472799605e+00
-3.396708528984603070e+00
-4.028064982801099703e+00
-4.154353752416047207e+00
-4.280138705230716489e+00
-4.155419815797480432e+00
-4.603203463318150668e+00
-5.272620975652143827e+00
-4.827547498760156763e+00
-5.027152237323785577e+00
-4.713567804127077210e+00
-4.998288750044356021e+00
-4.926918199744088511e+00
-4.879681931320446253e+00
-4.950931256058897389e+00
-5.201127698161092106e+00
-5.322305709808609286e+00
-5.198332515274293186e+00
-5.351096315235222001e+00
-5.417931715725453401e+00
-5.690247303290339786e+00
-5.927459545307117494e+00
-5.950417020164144866e+00
-6.237348612009616211e+00
-6.605649675319524405e+00
-6.411479174773838885e+00
-6.666206621708820279e+00
-6.506221980144927031e+00
-6.396625148475898470e+00
-6.066543926954149235e+00
-6.193264526389202551e+00
-6.607396911791676430e+00
-6.722094690279317497e+00
-6.959619768420877151e+00
-7.525186197785227904e+00
-7.944024378989844593e+00
-7.703301449205588902e+00
-7.460183691202279199e+00
-7.468018784412937094e+00
-6.785391464680849971e+00
-6.991212408795719924e+00
-6.882899577071969865e+00
-6.820759234696532225e+00
-6.965934908124686409e+00
-6.576410240412632113e+00
-6.597008431113561500e+00
-7.204987359743928010e+00
-6.586333681135019269e+00
-6.812531302237200492e+00
-7.162022132538455210e+00
-6.857836268583034744e+00
-7.450906573537480426e+00
-8.133530801443672686e+00
-7.930732690647764649e+00
-8.520142568609882616e+00
-8.279030529738726329e+00
-8.763490381354918313e+00
-8.487054191066773612e+00
-8.906393942811329012e+00
-9.485366732519660005e+00
-9.186345622696499902e+00
-9.455416451914288700e+00
-8.914513586156662228e+00
-8.688251750055600908e+00
-8.850648052096826035e+00
-8.571840075001043502e+00
-8.783635368316065950e+00
-8.362123973701535817e+00
-8.352887866506991443e+00
-7.960728821345772310e+00
-8.164256568504859146e+00
-8.542554759557761557e+00
-8.561936509243922799e+00
-9.051324819724214876e+00
-9.018405187785806021e+00
-8.628224796998200219e+00
-8.381169204259590444e+00
-8.584160437142065447e+00
-8.437697303446173080e+00
-8.605619751249570015e+00
-8.201003861602698564e+00
-7.812024549976429810e+00
-7.675383486550066081e+00
-6.985573314187044858e+00
-7.744166213776780161e+00
-7.461249466539524811e+00
-7.467772308215006483e+00
-7.240201579285100664e+00
-7.686372063830364532e+00
-7.723606452795046984e+00
-8.352494021780287881e+00
-8.606956034002157807e+00
-8.336661526119849341e+00
-8.510554199222895022e+00
-8.760515741522590716e+00
-8.795257285971683103e+00
-8.898658225654626719e+00
-9.241562885315488529e+00
-9.792288520552768105e+00
-9.531639181280677775e+00
-9.770219310089247600e+00
-9.652333602798249146e+00
-9.799560396129979978e+00
-1.020457243360523414e+01
-1.039017348397074336e+01
-1.039602192305480877e+01
-1.077561625773367204e+01
-1.100105692807245106e+01
-1.122628833632303369e+01
-1.173394758747148536e+01
-1.254665940476013297e+01
-1.263943731724424069e+01
-1.260001057509876432e+01
-1.239739551569587839e+01
-1.243798100905424953e+01
-1.271942480401254372e+01
-1.279548371220959346e+01
-1.253048964634940710e+01
-1.206713091252791159e+01
-1.142412348190545224e+01
-1.111200324704650910e+01
-1.032397888399202657e+01
-1.039998037876342529e+01
-1.024588170372215146e+01
-1.010240040565543040e+01
-1.001034024485345952e+01
-1.003643959632094074e+01
-1.025456430682541331e+01
-1.052328345160205636e+01
-1.016520158721596800e+01
-1.016898832832621125e+01
-1.048019752308749553e+01
-1.015309508135018035e+01
-1.017502469311670232e+01
-1.030122088933936553e+01
-1.065020433298533398e+01
-1.097674931051055935e+01
-1.148676788114819480e+01
-1.165817024419357750e+01
-1.104754747490314415e+01
-1.115462291102396364e+01
-1.142356081467555207e+01
-1.145150290934721049e+01
-1.146701689427119142e+01
-1.161561444064687443e+01
-1.175256225000265253e+01
-1.204161644446469737e+01
-1.218126532327727851e+01
-1.282868396886387252e+01
-1.306325336991877428e+01
-1.348469072154613890e+01
-1.339173409659414915e+01
-1.323691975569502510e+01
-1.324339054807332516e+01
-1.333665297261206106e+01
-1.355702368312162598e+01
-1.351432490915320628e+01
-1.330152983534533284e+01
-1.315127449609907195e+01
-1.277879107456351093e+01
-1.307965107604787569e+01
-1.276235527036122974e+01
-1.284634015951320052e+01
-1.337421654919171488e+01
-1.379311831607862082e+01
-1.429940447181403584e+01
-1.397611843257172737e+01
-1.378150344233384494e+01
-1.375175726810849497e+01
-1.376714042005798966e+01
-1.379604747901321637e+01
-1.367417701590878742e+01
-1.338978695310193423e+01
-1.291092050706894589e+01
-1.340577322645374103e+01
-1.332293234338396282e+01
-1.317208892510258345e+01
-1.339147008025981833e+01
-1.381159843313110613e+01
-1.396235429965046571e+01
-1.345385069762702379e+01
-1.362998192256779895e+01
-1.360481669334820154e+01
-1.352120985603214898e+01
-1.392066984611564173e+01
-1.427717950578057682e+01
-1.430654529722020740e+01
-1.455081122028764717e+01
-1.477865592181316678e+01
-1.522855070270872879e+01
-1.549407313513331275e+01
-1.610763569618161029e+01
-1.643284190543707268e+01
-1.667846733871035880e+01
-1.734115991402395451e+01
-1.755781321224286629e+01
-1.811984421960706015e+01
-1.827770933457343361e+01
-1.844746211491124299e+01
-1.869834280035791707e+01
-1.879958481576084850e+01
-1.943133926531143274e+01
-1.912278602711062803e+01
-1.916313397505124527e+01
-1.884553575446292939e+01
-1.872580431141931712e+01
-1.872914774347458433e+01
-1.833064923256767287e+01
-1.846472326830820876e+01
-1.808178391904232640e+01
-1.805965607433777720e+01
-1.788201088888302337e+01
-1.788694799802444635e+01
-1.837711331098034506e+01
-1.813460179305361208e+01
-1.786535487512489695e+01
-1.735708030315524297e+01
-1.794599298581115931e+01
-1.805527132535294754e+01
-1.822049476300213655e+01
-1.776827268846678365e+01
-1.752861327988022566e+01
-1.697017628283331803e+01
-1.655825736310011820e+01
-1.695123707676967229e+01
-1.703391522714237283e+01
-1.713152700943476603e+01
-1.763117621268412094e+01
-1.746659138552353951e+01
-1.752292897310729103e+01
-1.738465935033139331e+01
-1.705554099272741553e+01
-1.687738832847832171e+01
-1.668472361245020963e+01
-1.670116337835927567e+01
-1.696308863705418801e+01
-1.703296341251572699e+01
-1.642581856301361398e+01
-1.656873101260740100e+01
-1.655970814692744497e+01
-1.694578837023104612e+01
-1.687523380937437167e+01
-1.675489152039753549e+01
-1.724989687396571014e+01
-1.682602847191420281e+01
-1.684133883829117195e+01
-1.707610315881134966e+01
-1.669476049651682104e+01
-1.653549737279761445e+01
-1.608026609060129175e+01
-1.643449157306001851e+01
-1.655675260183542008e+01
-1.644043304863212995e+01
-1.687737293356768831e+01
-1.752087650025413268e+01
-1.722983099829939491e+01
-1.722969915808464236e+01
-1.684685644009103456e+01
-1.642868241426031162e+01
-1.674803601455967694e+01
-1.666909053262471119e+01
-1.701410662660225270e+01
-1.693922408591274831e+01
-1.709831292937816372e+01
-1.701770047050432666e+01
-1.732739728246220423e+01
-1.740113615845981343e+01
-1.730062549224794211e+01
-1.732348781120773040e+01
-1.752489790507561196e+01
-1.744975684208240807e+01
-1.671602573842418948e+01
-1.706358337454593510e+01
-1.642607083926045064e+01
-1.622439535321724335e+01
-1.630386339069613655e+01
-1.623374508976260344e+01
-1.629712361169424284e+01
-1.664747120350893894e+01
-1.600780735221423967e+01
-1.562810298439553058e+01
-1.572489292750839063e+01
-1.587426230329461951e+01
-1.581313574264606814e+01
-1.602939472291268430e+01
-1.584855003520780592e+01
-1.562872932747372801e+01
-1.540318607324157441e+01
-1.534200569621811638e+01
-1.511229230292973114e+01
-1.524037013521562223e+01
-1.522527078620271723e+01
-1.561881831923058073e+01
-1.556027962089972583e+01
-1.632521603634706864e+01
-1.581990804198061973e+01
-1.555309280049805842e+01
-1.538841479564340631e+01
-1.524088002900676564e+01
-1.533002047303910587e+01
-1.534061097566406850e+01
-1.548092607824824540e+01
-1.561226792930267493e+01
-1.540148999975749078e+01
-1.537990021255951234e+01
-1.527650388004999726e+01
-1.558705044106617343e+01
-1.559345668245563665e+01
-1.572982168026032923e+01
-1.577431996492676447e+01
-1.610186375104566281e+01
-1.633752978295754588e+01
-1.601962851396947229e+01
-1.598730936782633449e+01
-1.598877047033862198e+01
-1.577189969368166977e+01
-1.592307284738410367e+01
-1.605066187982591686e+01
-1.592223722063353186e+01
-1.549123096691538315e+01
-1.583459685338290868e+01
-1.616325300110725394e+01
-1.640748619987706292e+01
-1.640575048396859259e+01
-1.678755216816555773e+01
-1.688167846778732439e+01
-1.694339174738476572e+01
-1.725495504795620860e+01
-1.710680349871422834e+01
-1.726341018204756494e+01
-1.664441444281258597e+01
-1.638084152137644622e+01
-1.586767126163385200e+01
-1.628137613416189922e+01
-1.628944676958916915e+01
-1.601806083934376446e+01
-1.588057145186065000e+01
-1.582025334108569403e+01
-1.631992260932296190e+01
-1.584202925333131518e+01
-1.595982355492561133e+01
-1.620333076459290922e+01
-1.582270941785475138e+01
-1.530273195107733564e+01
-1.537177980142297251e+01
-1.533958536603267575e+01
-1.583152328979622681e+01
-1.605350919903215967e+01
-1.608285531701737625e+01
-1.572659047498718898e+01
-1.590610545803022902e+01
-1.585366492206668276e+01
-1.550529174380488406e+01
-1.503951126426902718e+01
-1.518287666485723619e+01
-1.508240703019922258e+01
-1.527257055876486547e+01
-1.478906400871476201e+01
-1.458526191966434027e+01
-1.418732435628853850e+01
-1.404668972075196720e+01
-1.404817050323177519e+01
-1.341765087613333840e+01
-1.278144011176200401e+01
-1.249789422176309373e+01
-1.248131848635551933e+01
-1.257235141485011987e+01
-1.262221272515415826e+01
-1.225205899839568069e+01
-1.247543505107227624e+01
-1.259988156052021147e+01
-1.239038694486663239e+01
-1.260281986505422935e+01
-1.272083058898216734e+01
-1.264543597303498146e+01
-1.281760732096685729e+01
-1.238706350692330993e+01
-1.278665910583327481e+01
-1.302532426697545809e+01
-1.278435522554494597e+01
-1.325719576573935399e+01
-1.330047900397522653e+01
-1.273210446840210430e+01
-1.195406988210620547e+01
-1.190874298811892729e+01
-1.174411658967432892e+01
-1.154688175813152817e+01
-1.135229526677989931e+01
-1.215380438185995260e+01
-1.190807917158658213e+01
-1.171144897250808192e+01
-1.175077328755477524e+01
-1.186053491310034325e+01
-1.154852764996577008e+01
-1.171950244223908477e+01
-1.190025199113387089e+01
-1.209527595939902866e+01
-1.192171382987608830e+01
-1.193307495154724407e+01
-1.162428407307446676e+01
-1.146514101750774017e+01
-1.141832016522194415e+01
-1.150162005371964646e+01
-1.119883357498223830e+01
-1.132851858151448710e+01
-1.122494655158027754e+01
-1.112793040710283243e+01
-1.086876871067912020e+01
-1.148872266498331030e+01
-1.119453436493686205e+01
-1.119537477880859733e+01
-1.125731226833762122e+01
-1.101636762081081500e+01
-1.123025386212968790e+01
-1.139747205033550337e+01
-1.191777873634926799e+01
-1.228376070968871581e+01
-1.213575512731108574e+01
-1.203860767564061618e+01
-1.231771935727692480e+01
-1.196928821691458822e+01
-1.197143137394705192e+01
-1.211128762548934645e+01
-1.232472602743782097e+01
-1.204185767016357644e+01
-1.245052914367297703e+01
-1.221619265281338684e+01
-1.194697389607670246e+01
-1.239334357515603635e+01
-1.211643680984619564e+01
-1.176653515674205863e+01
-1.165017448008510392e+01
-1.196782148923171896e+01
-1.224001042051828669e+01
-1.277391489543176029e+01
-1.265164405431876737e+01
-1.269675741939214753e+01
-1.294975391627756345e+01
-1.327097596825855952e+01
-1.344924997913829046e+01
-1.397947421190592721e+01
-1.430930541705462566e+01
-1.425919880216169666e+01
-1.436155886811607729e+01
-1.476617298750609031e+01
-1.424575003936204709e+01
-1.403865575851758329e+01
-1.405337884343648724e+01
-1.424196196370098555e+01
-1.447913517328312594e+01
-1.453667294850545311e+01
-1.435655715211868255e+01
-1.424984892970521244e+01
-1.411466318174106149e+01
-1.406110990753943213e+01
-1.447600708968043115e+01
-1.381338697448183694e+01
-1.341179897026869838e+01
-1.383047623579613017e+01
-1.416985154860257090e+01
-1.367384776562597004e+01
-1.339993081665311792e+01
-1.351024912739098305e+01
-1.339684073099696526e+01
-1.239374307611975112e+01
-1.243267569655038329e+01
-1.189584817246909587e+01
-1.232254658184362128e+01
-1.246429336414189493e+01
-1.290340254201264081e+01
-1.313279474260070856e+01
-1.353046031556705842e+01
-1.345539328065301987e+01
-1.366177114009830262e+01
-1.397891372523842968e+01
-1.437456887189509303e+01
-1.467265532253706972e+01
-1.497601995581452705e+01
-1.521225811399278527e+01
-1.537594570970539110e+01
-1.507601745982429620e+01
-1.535866494825579132e+01
-1.548636065731211531e+01
-1.543941710169400849e+01
-1.573937227450445597e+01
-1.542518091352862264e+01
-1.579285118387805298e+01
-1.596440842131062787e+01
-1.626834652849834129e+01
-1.630407396899674310e+01
-1.626712460454542963e+01
-1.636803845942179336e+01
-1.601517730745390367e+01
-1.606729927570799177e+01
-1.624371736494294183e+01
-1.651993029786010325e+01
-1.638400745860236896e+01
-1.617180078741763083e+01
-1.580866813263760307e+01
-1.606049158937651811e+01
-1.536772856964844713e+01
-1.550579819628363509e+01
-1.553857263095693320e+01
-1.484061944243735276e+01
-1.499485998663456066e+01
-1.429592587371134726e+01
-1.413064673032807939e+01
-1.399788552377070339e+01
-1.355325835211333896e+01
-1.396315696382415261e+01
-1.390948966712926982e+01
-1.415818836532671732e+01
-1.428381618191997049e+01
-1.414866410611932679e+01
-1.394190934049703934e+01
-1.387179280900098455e+01
-1.366173753664242874e+01
-1.379087029283766341e+01
-1.350195912349603056e+01
-1.368810814031711942e+01
-1.363272176189658325e+01
-1.362726831031641339e+01
-1.362167259644894912e+01
-1.367788323392442607e+01
-1.309314979018999381e+01
-1.270914578762210745e+01
-1.252806683919319397e+01
-1.234439140767259069e+01
-1.267869044006711299e+01
-1.225309504763929880e+01
-1.203083771583989936e+01
-1.155372672160082992e+01
-1.148958928962861314e+01
-1.126895030106955531e+01
-1.092106405706536165e+01
-1.102959945991268143e+01
-1.140409796580472346e+01
-1.136347749735857526e+01
-1.140593896095613680e+01
-1.078506012029019168e+01
-1.070838081731683644e+01
-1.076780333448427562e+01
-1.108112458711473458e+01
-1.095635596541070811e+01
-1.041916536020087669e+01
-9.672255140210545221e+00
-9.379473047419420340e+00
-9.673515997540929945e+00
-9.829496074511782311e+00
-9.988848180429132029e+00
-1.017250097195599423e+01
-9.762811598225658472e+00
-9.963182542929420293e+00
-1.031352108987071858e+01
-1.033158373618971027e+01
-1.089859533225052246e+01
-1.138341816280329510e+01
-1.148934065097827784e+01
-1.158883582360620146e+01
-1.198864185468095478e+01
-1.186406697245570285e+01
-1.210657320663423597e+01
-1.249547441098633804e+01
-1.191905799917880593e+01
-1.190801070521148652e+01
-1.208612372096022014e+01
-1.239418232708634449e+01
-1.199192474198151181e+01
-1.173069885119660860e+01
-1.219260715403377304e+01
-1.227191623082252647e+01
-1.268904516272772831e+01
-1.237320234771158844e+01
-1.259961961075061865e+01
-1.306172143959450871e+01
-1.305093328910760775e+01
-1.303939160772599060e+01
-1.252482045395615984e+01
-1.254411774444619354e+01
-1.239831880717463086e+01
-1.265098098224413192e+01
-1.270839602651443023e+01
-1.259549104762162841e+01
-1.238533605051524944e+01
-1.193798909576003986e+01
-1.183685964271264268e+01
-1.208877418080419375e+01
-1.318454947173922953e+01
-1.292388640517268605e+01
-1.267539503348836760e+01
-1.245765878850617270e+01
-1.268140612585947480e+01
-1.273356327769128526e+01
-1.243208050758390648e+01
-1.220753583063744507e+01
-1.223692052618026338e+01
-1.220427999434824429e+01
-1.234882809884718391e+01
-1.290204252554359599e+01
-1.310388223203079683e+01
-1.291105026283186419e+01
-1.301223901100202518e+01
-1.298530051443096234e+01
-1.326764268893125376e+01
-1.340736397062321217e+01
-1.325678478756297629e+01
-1.308202046473435587e+01
-1.306550368683529761e+01
-1.255629751101554703e+01
-1.271855969808897591e+01
-1.214359753322844604e+01
-1.212967472648235656e+01
-1.229239545627593877e+01
-1.236815551548742675e+01
-1.223019058295545314e+01
-1.248798902912834485e+01
-1.238760900851752034e+01
-1.228948517737873480e+01
-1.223983027969769033e+01
-1.208676922092701034e+01
-1.206306527279327234e+01
-1.229257873897472209e+01
-1.245149969018992131e+01
-1.271650034924772932e+01
-1.260689680433621085e+01
-1.272163566295189341e+01
-1.257162481768630435e+01
-1.225506134413358161e+01
-1.192976976114678500e+01
-1.215416836337959694e+01
-1.199541745736800458e+01
-1.187870039309888170e+01
-1.170555895680555025e+01
-1.149675216515867682e+01
-1.168783773077188748e+01
-1.182056235993312576e+01
-1.168792884044738223e+01
-1.196030752275184383e+01
-1.240208191244847491e+01
-1.144995954022705931e+01
-1.160809089634051716e+01
-1.156074063386287598e+01
-1.141647331151354727e+01
-1.154375086520502869e+01
-1.132287756663216349e+01
-1.152316587598324915e+01
-1.158011498285279295e+01
-1.150852166054941605e+01
-1.146085262675345184e+01
-1.092508456050333976e+01
-1.133907354254855804e+01
-1.120084773565062619e+01
-1.154341011250036786e+01
-1.193684934430209843e+01
-1.215774249018684294e+01
-1.241073086433709882e+01
-1.279056277053234503e+01
-1.266034061635018659e+01
-1.222650683001216976e+01
-1.242112070108976063e+01
-1.165735863225417646e+01
-1.188122173605193055e+01
-1.191130741009291683e+01
-1.201843469605046621e+01
-1.230500287704648699e+01
-1.211651128948148504e+01
-1.182840850431481883e+01
-1.139652428140518126e+01
-1.115699469616737183e+01
-1.103115020176576522e+01
-1.121057213602641411e+01
-1.068562345998734919e+01
-1.082146308914660615e+01
-1.034475563734267922e+01
-1.073635220042971561e+01
-1.084356858208773922e+01
-1.045655505325892598e+01
-1.061821115114166503e+01
-1.112813061474960463e+01
-1.079043902616454353e+01
-1.027072609872569231e+01
-1.046959218870626351e+01
-1.062145693208082520e+01
-9.975664597032753989e+00
-9.912758123998347770e+00
-1.007423157312090467e+01
-9.795275825256053892e+00
-9.823196854917702225e+00
-9.827549635760165714e+00
-9.932033806440253798e+00
-9.625372071567065646e+00
-1.005426466338998459e+01
-9.982914591684421524e+00
-9.553578628455866806e+00
-9.235407356945556145e+00
-9.642702612688092145e+00
-9.696230986762778059e+00
-9.796481455844622488e+00
-9.380714391517546602e+00
-8.882274960771004757e+00
-9.316929402843202368e+00
-9.528716526958147526e+00
-9.294852054570815980e+00
-9.305311833674270616e+00
-9.471600832811837734e+00
-9.399070937113160440e+00
-8.996730961516426817e+00
-8.428465039756080301e+00
-8.302248787940323282e+00
-7.964306603384780914e+00
-8.033017093924732066e+00
-8.519317049581491830e+00
-8.799965702061800954e+00
-8.716420902069371479e+00
-9.329735230912298505e+00
-9.487685409529785119e+00
-9.565773251867616622e+00
-9.362618003575382986e+00
-9.852932667054117744e+00
-9.897262499013754322e+00
-1.032348764224088455e+01
-1.025754624594534192e+01
-1.017551250197875845e+01
-9.919443377319648647e+00
-1.033096482965776630e+01
-1.064948157916703053e+01
-1.060705573010955582e+01
-1.089810671828958455e+01
-1.085611664915724006e+01
-1.113270559998369968e+01
-1.148568084346964291e+01
-1.175604735836144776e+01
-1.185068743693155291e+01
-1.233585907976339868e+01
-1.242986051972651751e+01
-1.241176118127472350e+01
-1.224297639418001893e+01
-1.279298334581656960e+01
-1.294478988647758122e+01
-1.295059761016190159e+01
-1.312969556213086619e+01
-1.282944254772495007e+01
-1.300286926511294894e+01
-1.352383139284640912e+01
-1.447314086174293735e+01
-1.408830881426758097e+01
-1.449958530642938648e+01
-1.476606084653839979e+01
-1.505640532979231061e+01
-1.474443493231384927e+01
-1.462035753829100138e+01
-1.527033632081415426e+01
-1.525530061873733523e+01
-1.556709378649193631e+01
-1.575787214299050909e+01
-1.613244069244708001e+01
-1.567917376047015487e+01
-1.560726968614755883e+01
-1.574796413965149178e+01
-1.554411727123444997e+01
-1.546767608562322849e+01
-1.579238169490522559e+01
-1.553367274182286906e+01
-1.620752381293827327e+01
-1.562097477963459013e+01
-1.561392376631979673e+01
-1.516706480805666146e+01
-1.504244297135967656e+01
-1.496147160230756690e+01
-1.487683905988194510e+01
-1.456714510352085767e+01
-1.519448477033067313e+01
-1.488041766946265021e+01
-1.458681346429636072e+01
-1.473214396550839389e+01
-1.455385622401462520e+01
-1.456655573411183902e+01
-1.418696426107156405e+01
-1.425851020920794632e+01
-1.387412776614900700e+01
-1.426691741517259793e+01
-1.391392906342424318e+01
-1.424103707937580765e+01
-1.379722797452456184e+01
-1.406584630881994791e+01
-1.331963880558186197e+01
-1.293459613086989712e+01
-1.335899445724254342e+01
-1.381821492353294367e+01
-1.394159275700103073e+01
-1.380928152396375452e+01
-1.401216616446366992e+01
-1.399064496874099817e+01
-1.374790373476264627e+01
-1.448036763286541984e+01
-1.428049293610584236e+01
-1.420509165766820026e+01
-1.423750148287150274e+01
-1.462140273374957111e+01
-1.517186285347211161e+01
-1.525038946317576993e+01
-1.518635052625774051e+01
-1.489004933196655323e+01
-1.459408687043634600e+01
-1.512431282538587496e+01
-1.453631599494879723e+01
-1.483851673532517879e+01
-1.516276795671505795e+01
-1.546827684986799767e+01
-1.565497560648069530e+01
-1.585168276192949932e+01
-1.600610781001834582e+01
-1.569200869272520471e+01
-1.528327712800956917e+01
-1.544908220489377548e+01
-1.540668617481899538e+01
-1.596724647362129090e+01
-1.607343321850829909e+01
-1.654261132829588377e+01
-1.660691615297082180e+01
-1.623363742099475360e+01
-1.636943528325540598e+01
-1.649446101211663773e+01
-1.690120799362524195e+01
-1.730368413903264724e+01
-1.714804441232545074e+01
-1.729980516838176641e+01
-1.772110129985284033e+01
-1.764454942169854945e+01
-1.796242634220577372e+01
-1.750194393605142551e+01
-1.740167896309853646e+01
-1.751867221071455560e+01
-1.724501534372314282e+01
-1.731712338172944143e+01
-1.713045595059711346e+01
-1.744135904952144145e+01
-1.800358477389640655e+01
-1.825979409065298853e+01
-1.817642799160079647e+01
-1.828424126948658568e+01
-1.815912625547395365e+01
-1.786096731899135293e+01
-1.749857701500254947e+01
-1.747174638545732961e+01
-1.768933795499625461e+01
-1.773318019849845939e+01
-1.792764643855340978e+01
-1.835928296603974985e+01
-1.817637671040563419e+01
-1.856558198695946515e+01
-1.848494016245908256e+01
-1.833029690299697023e+01
-1.860190450504432391e+01
-1.793374318149788849e+01
-1.766910894730672155e+01
-1.789207310655550387e+01
-1.836430863736718422e+01
-1.826731785483433512e+01
-1.815702323619153447e+01
-1.863882227179061957e+01
-1.877619776682268693e+01
-1.898155456981022127e+01
-1.931519811301707179e+01
-1.907051911173915570e+01
-1.955892498470637975e+01
-1.943896264951608188e+01
-1.968944960572228453e+01
-1.920855632482903275e+01
-1.939135317313279572e+01
-1.940598172082766126e+01
-1.951990153031512776e+01
-1.939171376355602661e+01
-1.944768202898368159e+01
-1.977207633469553727e+01
-1.948270058713431396e+01
-1.946375485329123123e+01
-1.921156578768631462e+01
-1.939092268401639529e+01
-1.922585832331776245e+01
-1.929309567730630803e+01
-1.900436986574438336e+01
-1.855312802764083813e+01
-1.881208937205925125e+01
-1.846038244605659884e+01
-1.845197846572585121e+01
-1.839196878942058433e+01
-1.786184677280216349e+01
-1.769285964431981029e+01
-1.802177544087124872e+01
-1.814386846253357177e+01
-1.858066722153655803e+01
-1.876100826220770657e+01
-1.889513762161752553e+01
-1.834588218322247855e+01
-1.830326647573104992e+01
-1.851872238662951631e+01
-1.781483296839379449e+01
-1.814502306821878364e+01
-1.719477002835623836e+01
-1.742404635204836794e+01
-1.783457085203930603e+01
-1.725315753423788578e+01
-1.706761171154019507e+01
-1.702201296602762426e+01
-1.698967084494586643e+01
-1.681711570035031755e+01
-1.682678072987842910e+01
-1.702930537220647622e+01
-1.705617318850570285e+01
-1.674265600486639016e+01
-1.700617756619935506e+01
-1.725582254543074612e+01
-1.769267020581771632e+01
-1.769202975829582769e+01
-1.805882406950234298e+01
-1.812275320150988733e+01
-1.803440913406069512e+01
-1.784584936452808179e+01
-1.816065654935812290e+01
-1.831870648541829638e+01
-1.846707739868169185e+01
-1.871356078774313758e+01
-1.843708501231759200e+01
-1.861965739350495141e+01
-1.862549358162357649e+01
-1.966497171632821406e+01
-1.930184013523929565e+01
-1.941471570560942439e+01
-1.911617188326881589e+01
-1.908641274108334329e+01
-1.924310796254814093e+01
-1.933497607729781009e+01
-1.879795882511361427e+01
-1.851845238821709572e+01
-1.811270842078042520e+01
-1.838507037154363744e+01
-1.844977319026480700e+01
-1.807524243139684472e+01
-1.799694976998081941e+01
-1.795662517038225658e+01
-1.771472142516291370e+01
-1.718858572661000750e+01
-1.662945786199433940e+01
-1.652617506407388603e+01
-1.662700519929896714e+01
-1.649194688494665328e+01
-1.739360956845980510e+01
-1.772034128320857960e+01
-1.738851776582040287e+01
-1.773068694868496564e+01
-1.813991601127451148e+01
-1.815948770048654382e+01
-1.852218746636989266e+01
-1.884221356332813713e+01
-1.879032104768184297e+01
-1.835464528697756847e+01
-1.858028726538903186e+01
-1.896889022335000874e+01
-1.854786694871680197e+01
-1.828762195464193141e+01
-1.825217652949159231e+01
-1.890600304415308841e+01
-1.897822908495848537e+01
-1.881773611804377566e+01
-1.889571666874024203e+01
-1.933163819292487773e+01
-1.927708696732363336e+01
-1.927840599363238994e+01
-1.935583862898439023e+01
-1.992481390827949994e+01
-1.967052480248236535e+01
-2.022665042566260141e+01
-1.991568568068758438e+01
-1.976514657259519936e+01
-1.932375678371030503e+01
-1.924889629100493593e+01
-1.904419480527472786e+01
-1.924900414567188633e+01
-1.854170814478365159e+01
-1.814029140682040975e+01
-1.815941954140352621e+01
-1.760182740405514679e+01
-1.764296024008215369e+01
-1.830188079409037982e+01
-1.836475627857858939e+01
-1.842357214381390662e+01
-1.855467926725871308e+01
-1.858707707582480495e+01
-1.868309899697152687e+01
-1.867965173077778118e+01
-1.886275500781382419e+01
-1.886856877504223817e+01
-1.857968602077956533e+01
-1.830928630618127073e+01
-1.788140905087624688e+01
-1.756341529151470482e+01
-1.754519708724385296e+01
-1.758208600852194436e+01
-1.766290353801111834e+01
-1.821068923721708188e+01
-1.788448683756064739e+01
-1.757521619759762288e+01
-1.782515360861209786e+01
-1.779546999237524929e+01
-1.768972241193777251e+01
-1.839662886119874941e+01
-1.825475790729277747e+01
-1.838374038911908315e+01
-1.815223651637589697e+01
-1.861796465427416436e+01
-1.868289347018393443e+01
-1.952774937696689861e+01
-1.929261865220472316e+01
-1.893880396086300522e+01
-1.928801743760189424e+01
-1.932431647990596701e+01
-1.926323701609503658e+01
-1.882912517734502700e+01
-1.870122952915479786e+01
-1.856984648278749006e+01
-1.855927845048950431e+01
-1.793249019976310876e+01
-1.782952576872063233e+01
-1.788988886125131472e+01
-1.752869178221183688e+01
-1.763014473099392276e+01
-1.724582512283222258e+01
-1.699626145935185662e+01
-1.716247815018504852e+01
-1.680554771721479312e+01
-1.705692416128552580e+01
-1.737271133284522051e+01
-1.732666977137805375e+01
-1.698044263193615677e+01
-1.753120286272705286e+01
-1.764983583357588159e+01
-1.761121645371756372e+01
-1.746202934209531321e+01
-1.767818317243098392e+01
-1.735174020171914577e+01
-1.795295046664069361e+01
-1.799658097579095895e+01
-1.782099371820806155e+01
-1.823580521790727005e+01
-1.781554422943390037e+01
-1.796736379551720475e+01
-1.732027662012967184e+01
-1.738500787938261638e+01
-1.715270774047559854e+01
-1.733797821687901575e+01
-1.737837817883828961e+01
-1.723063949156919250e+01
-1.712242498669407453e+01
-1.693316246114623880e+01
-1.741625832415152431e+01
-1.724219111499417778e+01
-1.678995442962009932e+01
-1.622197939376968279e+01
-1.603916899455652256e+01
-1.627935188061960403e+01
-1.676291192175339972e+01
-1.697543762011819268e+01
-1.723058750660641891e+01
-1.763742840101252085e+01
-1.756381870490313801e+01
-1.803525641686797698e+01
-1.834995750873076759e+01
-1.864550300551863415e+01
-1.854151094920246834e+01
-1.849184829369842120e+01
-1.872403691260744196e+01
-1.862091439761391598e+01
-1.857910346887214814e+01
-1.850745016069003412e+01
-1.858978626514647914e+01
-1.834727046632789538e+01
-1.842785602669104605e+01
-1.847340043880488025e+01
-1.854910690111782046e+01
-1.807575850147547669e+01
-1.875757204985236015e+01
-1.816109662052632245e+01
-1.837096982535395995e+01
-1.887450417459853114e+01
-1.870229462698447165e+01
-1.827243762856084075e+01
-1.836237185239367165e+01
-1.827432305518248867e+01
-1.783440732715668275e+01
-1.800001621203976399e+01
-1.850122464737101780e+01
-1.825253024509968114e+01
-1.774799200542726396e+01
-1.743346368026105253e+01
-1.732054246363928485e+01
-1.761069267972951735e+01
-1.808871077946101025e+01
-1.859298750433003988e+01
-1.819254353755579601e+01
-1.737806600041233906e+01
-1.738464517249992980e+01
-1.732977678476024508e+01
-1.724360378263654070e+01
-1.730422096208267035e+01
-1.768938464659997223e+01
-1.813752679758127684e+01
-1.820273871546774203e+01
-1.773551092652920502e+01
-1.790230471809064028e+01
-1.770539488083588608e+01
-1.752962520686828896e+01
-1.811184266764876227e+01
-1.834522582189446993e+01
-1.858193224645598463e+01
-1.874896976691084305e+01
-1.872881424505505876e+01
-1.917732232494057243e+01
-1.918829194860185794e+01
-1.900360543412099190e+01
-1.899749387220792940e+01
-1.919729935928179287e+01
-1.937408066672191964e+01
-1.940783949810605336e+01
-1.911551511473007636e+01
-1.946769809373211046e+01
-2.008381069303932520e+01
-2.022046860913129862e+01
-2.031026476063524200e+01
-2.033145812808484365e+01
-1.983465818188454577e+01
-2.007264675191271053e+01
-2.027391890252621565e+01
-2.049408327830219534e+01
-2.060954916468515918e+01
-2.072368664025842833e+01
-2.124296725232778726e+01
-2.182700620386890478e+01
-2.151534827837314623e+01
-2.198505196893422919e+01
-2.228821818699469404e+01
-2.265833844594337165e+01
-2.269063829839807411e+01
-2.205382256610649705e+01
-2.179441256467393373e+01
-2.156530618530877419e+01
-2.153925766401421171e+01
-2.138473879823627044e+01
-2.097606255461334612e+01
-2.049548402640298050e+01
-2.021572431419485838e+01
-2.010580017512529949e+01
-2.035836856325988364e+01
-2.023717945642784244e+01
-2.032398844668735904e+01
-2.019221623809312405e+01
-2.042141448167716078e+01
-2.050056085079699386e+01
-2.085947728138178192e+01
-2.027264468632445116e+01
-1.969977734995740093e+01
-1.911759640102865276e+01
-1.901701627578366072e+01
-1.921656742453804512e+01
-1.910743507378994721e+01
-1.939428270317799274e+01
-1.991855616345483426e+01
-1.983092060578194094e+01
-2.045811492053593028e+01
-2.018586154604683713e+01
-1.981426314123227428e+01
-1.996277292945321946e+01
-2.042967635820562222e+01
-2.065731015426814210e+01
-2.070151062006083365e+01
-2.053620111055996489e+01
-2.036987228590957244e+01
-2.037671584735174335e+01
-2.022815976052238796e+01
-2.067508222285096409e+01
-2.080114364871353416e+01
-2.042872904087154851e+01
-2.017895954611991627e+01
-2.015981292005869463e+01
-2.049601286834482039e+01
-2.044103349082015697e+01
-2.030465817558793873e+01
-2.014087138177492520e+01
-2.020376829452996148e+01
-2.070089864008853198e+01
-2.037240365205748205e+01
-2.047548967096741990e+01
-2.064158002249558521e+01
-2.097797868496322593e+01
-2.065142641446862015e+01
-2.045006668229570579e+01
-1.952888228443518415e+01
-1.975738750260260090e+01
-2.034671116730231333e+01
-2.007711031605342811e+01
-2.020830195373852689e+01
-2.025067824451355492e+01
-2.060453553661154658e+01
-2.101244712840924223e+01
-2.102381814907582580e+01
-2.073537277975583137e+01
-2.030677012364695244e+01
-2.030286555518067004e+01
-1.991354758577718087e+01
-1.986335875710132370e+01
-1.957246462053937108e+01
-1.972747452413749514e+01
-1.977007748713878144e+01
-1.950541496979694145e+01
-1.959807128297352463e+01
-1.950890061487180205e+01
-1.991530494299113130e+01
-1.971605527713336059e+01
-1.979707477176671659e+01
-1.978888934078938533e+01
-2.004727139371206590e+01
-2.030747218468364679e+01
-2.043407369950309160e+01
-2.025845886754493463e+01
-2.046453895862704542e+01
-2.022926415087739827e+01
-2.013701878486701702e+01
-2.014802119447903905e+01
-2.004315843156187071e+01
-1.967495867347601646e+01
-1.935539124238971453e+01
-1.997933098416590525e+01
-2.035215211389078149e+01
-1.992915733604893447e+01
-2.002873217725785437e+01
-2.009645561102630396e+01
-1.998425133891306160e+01
-1.921393136785852107e+01
-1.942522667367563471e+01
-1.960831924106629742e+01
-2.031518441983233814e+01
-2.038576717373252833e+01
-2.073285539870190419e+01
-2.038528680060959886e+01
-2.087479607956180772e+01
-2.054393354233160451e+01
-2.107347607514838472e+01
-2.103636353611171828e+01
-2.073160746432064272e+01
-2.123075974533261956e+01
-2.175215412352545741e+01
-2.147088365188228920e+01
-2.105217812000836375e+01
-2.157630352636345705e+01
-2.129943730202781182e+01
-2.166000347115488012e+01
-2.199251878151790152e+01
-2.191734884066307387e+01
-2.228364447140026172e+01
-2.247161494151395900e+01
-2.233580893979799598e+01
-2.239426512433861660e+01
-2.259743029328818409e+01
-2.250798107815738192e+01
-2.269064710951029795e+01
-2.272579977853479249e+01
-2.266213936715512389e+01
-2.254093138669269081e+01
-2.158374189835065593e+01
-2.138788821243989346e+01
-2.145378917271052188e+01
-2.170962053588255714e+01
-2.146306124727665576e+01
-2.121892027726457286e+01
-2.130551633295476677e+01
-2.125882205677435266e+01
-2.169465480151438541e+01
-2.227485899263614044e+01
-2.198505775897257664e+01
-2.198717807357825649e+01
-2.251917605268489453e+01
-2.224515570345144155e+01
-2.247927769383138141e+01
-2.251834311045259440e+01
-2.218764320926444711e+01
-2.265816411300734856e+01
-2.279236032553827229e+01
-2.302074645298197098e+01
-2.306695405945350075e+01
-2.313996846068365443e+01
-2.305923288826595652e+01
-2.310633560670899911e+01
-2.275799746394509526e+01
-2.235840200380082976e+01
-2.304403412244132454e+01
-2.331503898623001803e+01
-2.357276513427334308e+01
-2.416143022858496536e+01
-2.427089538067511043e+01
-2.434713161849549223e+01
-2.494001841693859234e+01
-2.456370559538542153e+01
-2.448647159047055410e+01
-2.448334554662646667e+01
-2.479651126439891584e+01
-2.462555673807721490e+01
-2.443928628329496888e+01
-2.467441703227300920e+01
-2.454673762298194362e+01
-2.454743849990113702e+01
-2.498947731638295267e+01
-2.518060085886051525e+01
-2.519285282600451836e+01
-2.504988939806966997e+01
-2.502552229697683472e+01
-2.507443952485734329e+01
-2.487381776639073649e+01
-2.473541194197753157e+01
-2.463808993835776917e+01
-2.451877087380749032e+01
-2.398088240335805921e+01
-2.406618684791020257e+01
-2.422579750076931759e+01
-2.439620569513776971e+01
-2.437659667808340203e+01
-2.424531833989255247e+01
-2.362634387577414330e+01
-2.369934295536441482e+01
-2.388880349747108411e+01
-2.378123310771775323e+01
-2.378136852921515754e+01
-2.395683474276301794e+01
-2.440629696154752182e+01
-2.413321215072117454e+01
-2.405594161336766845e+01
-2.376797663467077371e+01
-2.367499135155591006e+01
-2.389429062198666287e+01
-2.397163228331541873e+01
-2.402130846842502976e+01
-2.426756387453097119e+01
-2.427590376748509371e+01
-2.426318244057474516e+01
-2.447120842385492523e+01
-2.441006811909597829e+01
-2.451446775877573003e+01
-2.441722494751133965e+01
-2.464012585778457876e+01
-2.470921015854592540e+01
-2.473431811971719796e+01
-2.500429843938709951e+01
-2.538846148211315423e+01
-2.481348788905468794e+01
-2.476414064092157474e+01
-2.525421028895785369e+01
-2.542913147343702818e+01
-2.551506783885257335e+01
-2.556239625238827173e+01
-2.562492927157849465e+01
-2.550267728714641180e+01
-2.584093966992503866e+01
-2.611546797332611547e+01
-2.563636812786369390e+01
-2.545334071002575627e+01
-2.595828295165502908e+01
-2.587913698891807357e+01
-2.600043144886513602e+01
-2.602524508275736181e+01
-2.548091797819490623e+01
-2.547441778130498591e+01
-2.575183584257715808e+01
-2.531864718213121179e+01
-2.507453256967050947e+01
-2.478172965697140739e+01
-2.443686806924650412e+01
-2.437734323083668997e+01
-2.475970040569482222e+01
-2.468693018746245116e+01
-2.545094764779618757e+01
-2.539564083778361336e+01
-2.634742796651375940e+01
-2.713861268638742175e+01
-2.709576362079403822e+01
-2.714819953985805867e+01
-2.710888594862867862e+01
-2.738354790387309023e+01
-2.763949028500745442e+01
-2.795462622038013123e+01
-2.771816663908122180e+01
-2.813494190141289053e+01
-2.780506868867467318e+01
-2.794182145027823694e+01
-2.804796661243977240e+01
-2.809678275440523265e+01
-2.817985160581807591e+01
-2.795334528409867758e+01
-2.816859937455028984e+01
-2.836698722264404537e+01
-2.790212632408836058e+01
-2.752791285007815603e+01
-2.791521679828467484e+01
-2.802078336587598884e+01
-2.866222753313097371e+01
-2.877511919530337181e+01
-2.929452892807755759e+01
-2.930858712026016022e+01
-2.924733536134659317e+01
-2.916667912185026879e+01
-2.930272132060720125e+01
-2.946560355278181476e+01
-2.999009864321786978e+01
-2.985391037906310174e+01
-2.979141354025297161e+01
-2.933299531361916834e+01
-2.958393083320524752e+01
-2.947593748951406667e+01
-3.011347774055271387e+01
-2.991358746684732139e+01
-2.957810878609752692e+01
-2.965374533358962239e+01
-2.967621916016695494e+01
-2.974073084783463372e+01
-2.991992475790094019e+01
-3.030382240762030932e+01
-3.005203902956794693e+01
-3.033975009661775601e+01
-3.032694496641274284e+01
-3.039237909241745683e+01
-3.018634681375982964e+01
-3.006084514591317358e+01
-3.042409432444312500e+01
-3.026504751371174962e+01
-3.002245866656343054e+01
-2.958414243512853048e+01
-2.954484434505382140e+01
-2.986105931910697819e+01
-2.986069761230051256e+01
-2.970254627392142410e+01
-2.977261976022651524e+01
-3.043075683803367681e+01
-2.996754848342199651e+01
-3.013692793049616014e+01
-3.002753305627558689e+01
-3.070498071398189310e+01
-3.064901595655422639e+01
-3.104457231651860027e+01
-3.062747732029519554e+01
-3.059053215980825158e+01
-3.026397215121603068e+01
-3.065442439856322920e+01
-3.077190800559685968e+01
-3.134390741948592307e+01
-3.134020336675450125e+01
-3.107258017143434969e+01
-3.161736102135118998e+01
-3.146622672066297355e+01
-3.188240310119912735e+01
-3.180739032767041152e+01
-3.211187080041687381e+01
-3.270450375221852823e+01
-3.166763212785438952e+01
-3.188718576774489932e+01
-3.205527689022984816e+01
-3.267136252904022342e+01
-3.290713011680942657e+01
-3.332708216858748784e+01
-3.326364935936140199e+01
-3.362094497997188114e+01
-3.329473268742577119e+01
-3.346435753363951449e+01
-3.351938999839056521e+01
-3.374363279230882995e+01
-3.324106893438450072e+01
-3.323970280050043868e+01
-3.360104347243690626e+01
-3.370996118686597498e+01
-3.348523530492249733e+01
-3.394499790408845996e+01
-3.381485893533681519e+01
-3.342121466315484213e+01
-3.348547139410221263e+01
-3.307754884877597590e+01
-3.330081859729769889e+01
-3.333860393636159358e+01
-3.327874307149642163e+01
-3.340091438826690506e+01
-3.329421913243006514e+01
-3.333942976139478986e+01
-3.345608321864145296e+01
-3.350751942309025111e+01
-3.309727941826108122e+01
-3.240503808740191261e+01
-3.296383147458227825e+01
-3.293383727805314010e+01
-3.274654735285412954e+01
-3.239968549622273031e+01
-3.233651997275740086e+01
-3.220020998120069322e+01
-3.218035310312512820e+01
-3.226346732947951779e+01
-3.203325280615935355e+01
-3.199535481435907158e+01
-3.238374990180452073e+01
-3.291400850620309626e+01
-3.324993172346731285e+01
-3.315868574693886472e+01
-3.335004452873238279e+01
-3.354161967168452918e+01
-3.370940333647085652e+01
-3.416609564147958622e+01
-3.406245919218854823e+01
-3.442260305790195218e+01
-3.444100640239951616e+01
-3.421702778300387138e+01
-3.489435055125105123e+01
-3.466583463481151028e+01
-3.414150085545078639e+01
-3.424270222127827878e+01
-3.375458737449606161e+01
-3.401750950783253558e+01
-3.418677674299554781e+01
-3.384601814737209935e+01
-3.401609454907322316e+01
-3.357097893141934719e+01
-3.353336664131028044e+01
-3.421525798313169986e+01
-3.426417231878931347e+01
-3.421867245138246005e+01
-3.452495713047039061e+01
-3.490818328048899133e+01
-3.486249101773258730e+01
-3.479885227010172599e+01
-3.496929456815350079e+01
-3.510561086311938794e+01
-3.552296722795008321e+01
-3.574841387626106126e+01
-3.565199746250893043e+01
-3.522266477642765636e+01
-3.544882454842763053e+01
-3.511148126128387048e+01
-3.554185717789138721e+01
-3.563187835921545599e+01
-3.512789239187510049e+01
-3.535352881633666300e+01
-3.564158471762360136e+01
-3.571863606850524775e+01
-3.546743102503450018e+01
-3.502273308142748931e+01
-3.485791844303267339e+01
-3.431105793634319667e+01
-3.439420856879661414e+01
-3.407471183072523502e+01
-3.387333551301615842e+01
-3.335035952596554409e+01
-3.282811286651318028e+01
-3.254511696402830978e+01
-3.252940460109702059e+01
-3.317609355380132996e+01
-3.327927580136558561e+01
-3.250975381682081178e+01
-3.259901277727254154e+01
-3.293953333562043895e+01
-3.353151632746333632e+01
-3.313744284107750104e+01
-3.345554184820120014e+01
-3.374041436039610886e+01
-3.355296732671659754e+01
-3.418113432436838650e+01
-3.448161487312574991e+01
-3.464747196889040737e+01
-3.420764550206036603e+01
-3.404374990992263861e+01
-3.417704258798885064e+01
-3.430207211866012074e+01
-3.406168183494607860e+01
-3.385858297127372651e+01
-3.380151468544208626e+01
-3.426782245504512048e+01
-3.452215949446620868e+01
-3.424231608868620214e+01
-3.438399898026188595e+01
-3.427056975294577512e+01
-3.462402100174935526e+01
-3.446662543514792532e+01
-3.456824928493217897e+01
-3.455275931030607239e+01
-3.450280855088885090e+01
-3.428750104227163575e+01
-3.402485723249182570e+01
-3.318006929529772009e+01
-3.301539517113622679e+01
-3.259611158808787934e+01
-3.264664844206381389e+01
-3.295190299545435408e+01
-3.241460514399815196e+01
-3.245951334142390721e+01
-3.300965037075803110e+01
-3.327379221622152272e+01
-3.311153542745476130e+01
-3.323604567597175929e+01
-3.345335721956882225e+01
-3.334664517109318638e+01
-3.265049665185738093e+01
-3.240767524384743581e+01
-3.186027340318072376e+01
-3.194184390971130938e+01
-3.179074798270990243e+01
-3.249649243969796686e+01
-3.263210799364427572e+01
-3.270403633616934513e+01
-3.299741232043601968e+01
-3.230311691252278905e+01
-3.285245068210381447e+01
-3.306587695443436559e+01
-3.298551382453508296e+01
-3.327937535805131120e+01
-3.346867731722950623e+01
-3.316041275687606316e+01
-3.297986312581801371e+01
-3.228934663005378525e+01
-3.215347384856193713e+01
-3.284677950882019104e+01
-3.300557087697127656e+01
-3.307989086776417764e+01
-3.374812080642568191e+01
-3.385066890858135480e+01
-3.427267915245280250e+01
-3.452792771839936847e+01
-3.388681651154529106e+01
-3.405217085099151575e+01
-3.459348092782301620e+01
-3.473376152541844419e+01
-3.456988039777451860e+01
-3.504785558827937564e+01
-3.523775509791268234e+01
-3.549143068446220184e+01
-3.564153925687354985e+01
-3.577135383082158882e+01
-3.504364812210445024e+01
-3.467868775510952872e+01
-3.446877118547520524e+01
-3.474832626297841642e+01
-3.406046390978573868e+01
-3.466833698383624807e+01
-3.456945236854641479e+01
-3.417218056065843967e+01
-3.439703348931230664e+01
-3.439629494539136800e+01
-3.456742233240632345e+01
-3.418820930910069933e+01
-3.445883333402753834e+01
-3.447078302176220177e+01
-3.484007829035314785e+01
-3.513604335191724459e+01
-3.513846338042315409e+01
-3.501562285017620724e+01
-3.584294707703945448e+01
-3.533462168946180526e+01
-3.538972372741680061e+01
-3.544593317161620405e+01
-3.526685264729914593e+01
-3.478176250755706889e+01
-3.447825610127953411e+01
-3.425526792851487556e+01
-3.387118694849705491e+01
-3.369542746488632901e+01
-3.363657582318686678e+01
-3.433356254387812356e+01
-3.386842889141195201e+01
-3.374687658714032068e+01
-3.379445357983740195e+01
-3.416526285206094116e+01
-3.405361163524067081e+01
-3.365641312586854639e+01
-3.364020951380689439e+01
-3.377455634654813821e+01
-3.431790943683445505e+01
-3.421837312581648405e+01
-3.404143140991118344e+01
-3.407316210874184748e+01
-3.364603048226578608e+01
-3.288812356710976559e+01
-3.306770956129549432e+01
-3.293776335086185725e+01
-3.313414877742205533e+01
-3.278079239888310070e+01
-3.342075852357837817e+01
-3.355731909662975454e+01
-3.376037698266749487e+01
-3.410244488992849909e+01
-3.433645294795077518e+01
-3.446135247845997895e+01
-3.462826086329921793e+01
-3.495523459841223257e+01
-3.517371863883193583e+01
-3.539471146259877798e+01
-3.517376691326829530e+01
-3.540072321055254889e+01
-3.531341379593684593e+01
-3.526070514859077321e+01
-3.506547636396480527e+01
-3.484712996184743616e+01
-3.477686216442047140e+01
-3.444260029046795779e+01
-3.435100241815283795e+01
-3.435218209757650953e+01
-3.492790950838156050e+01
-3.518141063610924135e+01
-3.502623458257553324e+01
-3.487935872281205008e+01
-3.437682899982245743e+01
-3.446461350490450570e+01
-3.474749732359489940e+01
-3.488597547640206642e+01
-3.458778801519782320e+01
-3.429168333606251906e+01
-3.427064946768559395e+01
-3.420707863910000412e+01
-3.407861350054810856e+01
-3.418336276339617541e+01
-3.450679047814598732e+01
-3.455103018812667415e+01
-3.442050091562953185e+01
-3.432778683954352061e+01
-3.447674571272128219e+01
-3.463873833580664297e+01
-3.488100237572825080e+01
-3.477026216585451124e+01
-3.474175014782519355e+01
-3.473965818125253691e+01
-3.447763169359133428e+01
-3.439973667633670829e+01
-3.423400582551553128e+01
-3.408493171453109483e+01
-3.349565260254455268e+01
-3.302293325643642419e+01
-3.291638063952112958e+01
-3.253329758316822762e+01
-3.266045251605571309e+01
-3.247294964244890281e+01
-3.252322294015458226e+01
-3.238785377564673240e+01
-3.247796438538392749e+01
-3.289317753572151304e+01
-3.295999545050072044e+01
-3.312758513039175057e+01
-3.283235663109137903e+01
-3.274685468864366555e+01
-3.292016512744365997e+01
-3.276988899155968937e+01
-3.276242746971787767e+01
-3.281449421885939444e+01
-3.273822334231301312e+01
-3.303962271607957035e+01
-3.290521166254233520e+01
-3.241593856651212491e+01
-3.296133563106539555e+01
-3.286532788966246699e+01
-3.280024289585494301e+01
-3.300456914306169409e+01
-3.261183747149485157e+01
-3.186361981183106096e+01
-3.210770217435259610e+01
-3.207721420666017309e+01
-3.225387745905259607e+01
-3.269888977541050679e+01
-3.235067565581547910e+01
-3.180899388021823171e+01
-3.196618177959240725e+01
-3.182499528257574539e+01
-3.251173164802239057e+01
-3.287628599628659742e+01
-3.286566732587848350e+01
-3.264563166491312529e+01
-3.229082935673752530e+01
-3.193211349667973309e+01
-3.214487467711659008e+01
-3.196007425302517646e+01
-3.191155859778040593e+01
-3.219873664723427709e+01
-3.204413161930953891e+01
-3.181994247766403205e+01
-3.175240989017702375e+01
-3.201347774044007366e+01
-3.200040998513889434e+01
-3.160360884627851519e+01
-3.168437145455188286e+01
-3.164985044993095542e+01
-3.101294509013504808e+01
-3.078127618369169838e+01
-3.074635565254927272e+01
-3.055113424115915777e+01
-3.042663668290162704e+01
-3.059647768582663474e+01
-3.079421997122601695e+01
-3.052732195837142370e+01
-3.054652596817904708e+01
-3.028226690392392939e+01
-3.054915243987041151e+01
-3.057484613098193194e+01
-3.071844765911450281e+01
-3.008029891051045368e+01
-2.992257016470904674e+01
-3.048162234720695452e+01
-3.080769253463950719e+01
-3.095020739755495143e+01
-3.140579894559288121e+01
-3.118008556956663924e+01
-3.107330343109590487e+01
-3.074753639621031098e+01
-3.031395532537500159e+01
-3.005649421413760436e+01
-3.020517937801335151e+01
-2.989946189802044429e+01
-2.978955962744730712e+01
-2.926114796447727073e+01
-2.920454527849171456e+01
-2.897101376277491980e+01
-2.886717685517587739e+01
-2.831755852122325123e+01
-2.797350795148847169e+01
-2.763770402729965880e+01
-2.746765147224902393e+01
-2.729354823651900830e+01
-2.728705641279592697e+01
-2.737959152069480240e+01
-2.757641636569273302e+01
-2.765255124478238002e+01
-2.778818696903315910e+01
-2.759569122333044078e+01
-2.795328413204840601e+01
-2.786221875903703449e+01
-2.739945228074720518e+01
-2.756613632142192216e+01
-2.773288167817781158e+01
-2.751194690146022026e+01
-2.818217447200949977e+01
-2.801991069151173619e+01
-2.835014635043289388e+01
-2.823213655819819934e+01
-2.855214855122841655e+01
-2.891694419163050256e+01
-2.969104995253260881e+01
-2.953535313663293493e+01
-2.986688912978914345e+01
-2.954031600118451806e+01
-2.985208371857527965e+01
-3.020137341586895374e+01
-2.981996062243241852e+01
-2.978591775527605634e+01
-3.004963231525805156e+01
-3.002220920929122983e+01
-3.033507774523346612e+01
-3.017480596044329388e+01
-3.003702976943135639e+01
-2.998737451413322930e+01
-3.015950318466523683e+01
-3.006809759926600378e+01
-3.006007005358205575e+01
-3.006678085730365169e+01
-2.990376130942104282e+01
-3.005781709361683340e+01
-3.034107385208782048e+01
-3.010897351495435004e+01
-3.043923533269833825e+01
-3.042406044132148679e+01
-3.071172095157182369e+01
-3.053496030658311966e+01
-3.072026429620783361e+01
-3.026684528482858383e+01
-2.995460017547663156e+01
-2.963408729266643249e+01
-2.985491049039235634e+01
-3.002841758476492373e+01
-3.002984878115517731e+01
-3.034068092733346589e+01
-2.995283320168246632e+01
-2.999284535291929643e+01
-2.954682202762390730e+01
-2.982522200892771735e+01
-3.001071493189122918e+01
-3.007142595743529512e+01
-2.962226522070048418e+01
-3.007177537484875529e+01
-3.010004379686727916e+01
-2.996310851661213093e+01
-2.993963294637060812e+01
-2.979657073371806320e+01
-3.009995269142353536e+01
-3.046568370330847131e+01
-3.055441273156220205e+01
-3.076060980100084663e+01
-3.124481341682807667e+01
-3.114597841889787233e+01
-3.159224691510629413e+01
-3.191077732219915930e+01
-3.224860554972709537e+01
-3.182429250341704474e+01
-3.133345240099779971e+01
-3.119790083603513509e+01
-3.162669892150432105e+01
-3.138881711118311912e+01
-3.141840111519849899e+01
-3.141765754042504710e+01
-3.131548914254274152e+01
-3.156336098342272933e+01
-3.160031050398785979e+01
-3.195287974923712326e+01
-3.214812111734623556e+01
-3.223636733633946960e+01
-3.213887777603957829e+01
-3.236745534294554005e+01
-3.225478837917611230e+01
-3.247882393992423999e+01
-3.248641025046047304e+01
-3.278180853065412492e+01
-3.274269415892106139e+01
-3.322376839809763283e+01
-3.325759143777432314e+01
-3.388700323576384221e+01
-3.377874942627706645e+01
-3.357797800665275645e+01
-3.375257092832642059e+01
-3.388462680876686051e+01
-3.435493080325476711e+01
-3.384102974896072880e+01
-3.316300041523209075e+01
-3.335405722690654073e+01
-3.289580540357088267e+01
-3.266203006687039334e+01
-3.229139661336145650e+01
-3.167637054147503051e+01
-3.175291383224110575e+01
-3.178448067661899401e+01
-3.186297480501860946e+01
-3.139234394760967461e+01
-3.172777789647187774e+01
-3.136069889076841122e+01
-3.102394883955220095e+01
-3.102052775259020478e+01
-3.064097889375921824e+01
-3.082112476810747737e+01
-3.075071407530898782e+01
-3.014404570746316026e+01
-2.935078601590169356e+01
-2.875790577154080552e+01
-2.861749015116507522e+01
-2.903943231650660550e+01
-2.868515151200614710e+01
-2.855691475017248493e+01
-2.800740193748175955e+01
-2.837110534572437359e+01
-2.841103841335129943e+01
-2.833281205097654265e+01
-2.843952995096973169e+01
-2.848472698621580079e+01
-2.860198428198569331e+01
-2.897728670194684497e+01
-2.897188140962267155e+01
-2.848457756593134604e+01
-2.860511857494998367e+01
-2.900323019365871247e+01
-2.920980201267133936e+01
-2.918004132623039837e+01
-2.883684375354255280e+01
-2.877914503756895925e+01
-2.913685794637584792e+01
-2.885644905640164737e+01
-2.863028435443156994e+01
-2.820967925549241428e+01
-2.790781076550120332e+01
-2.740192771926080084e+01
-2.725072658979442863e+01
-2.723781083825266336e+01
-2.741240135632196484e+01
-2.766178033578963280e+01
-2.754202475642211567e+01
