-5.845634242190823393e+00
-5.042636739159505055e+00
-6.015027354137455262e+00
-3.513221190744439060e+00
-2.690321579417783937e+00
-2.805116275717523422e+00
-2.513382809368752469e+00
-3.020019709575986866e+00
-2.883139269748725475e+00
-3.132007501980658137e+00
-2.395149472509617627e+00
-2.622958402069873518e+00
-2.022719062357038133e+00
-3.065859109424307949e+00
-1.952189552440480202e+00
-2.780420118726738554e+00
-3.505097472118352098e+00
-3.300525317997705432e+00
-2.288721664815930978e+00
-1.516220442388345857e+00
-2.535355544265669003e+00
-2.349714889349103331e+00
-1.964372515294745991e+00
-2.222625426589480035e+00
-2.798543818548306028e+00
-3.068281072885433947e+00
-3.221420219010674657e+00
-1.648356585984819045e+00
-2.056987747495005348e+00
-3.234479237637002846e+00
-3.295624854045766661e+00
-1.793949452034788949e+00
-2.400196029083046412e+00
-2.941881494491091154e+00
-2.290806749821742372e+00
-2.981332348197150317e+00
-1.435777066660099521e+00
-3.195428895514937917e+00
-2.946715197497062455e+00
-1.717485548980095977e+00
-2.584485979219127039e+00
-3.281813460779643421e+00
-2.858410981449481802e+00
-2.751402283934529791e+00
-1.813839979984964934e+00
-2.918572809458380490e+00
-3.107174041326807412e+00
-2.368273812970624448e+00
-3.555325096887282044e+00
-3.747645720533555824e+00
-4.652068516056155900e+00
-3.894092510324006717e+00
-4.041588803231454641e+00
-3.545001092593959680e+00
-4.226255587919760082e+00
-4.987581931857047124e+00
-5.220122373319001419e+00
-4.655551602191343008e+00
-4.799246806764102757e+00
-4.285428511197575396e+00
-3.884969516319768612e+00
-3.666883886605826870e+00
-4.143140094862414635e+00
-4.908999743770880109e+00
-5.167268128836987273e+00
-3.684194597149649475e+00
-4.180562107600598765e+00
-3.582943211872378519e+00
-4.667210758642987400e+00
-3.558111588304939232e+00
-3.431982253978628439e+00
-3.014906288924479760e+00
-2.627791223638372031e+00
-2.958712822994170821e+00
-3.840320709984105463e+00
-2.081832611055420834e+00
-2.724097623325698603e+00
-2.789020349527616460e+00
-3.287403453450620461e+00
-2.152801157336643900e+00
-2.616853304494640930e+00
-3.498917536968718878e+00
-3.330377727798549348e+00
-3.462675619653750037e+00
-2.722316971452850787e+00
-2.808507412441015205e+00
-2.307351456851944427e+00
-1.887349744452103906e+00
-3.983653234668082632e+00
-1.253935629397030294e+00
-2.312077123571626203e+00
-3.374790158658488526e+00
-2.365013925241671089e+00
-3.677529173189697076e+00
-2.137538009398829431e+00
-2.358943734964809025e+00
-1.857471353307587725e+00
-3.419789044883776885e+00
-1.864667544727459436e+00
-3.827894257740967809e+00
-3.660788222388156044e+00
-2.025273694288864945e+00
-3.715201218541105188e+00
-3.516022670534545203e+00
-2.886819440759786026e+00
-2.838121746087027830e+00
-2.953495708532194008e+00
-3.261377060070578704e+00
-3.943241303393635988e+00
-3.461320111280162592e+00
-2.837750603282134687e+00
-2.419338452711087495e+00
-4.607226463632310143e+00
-5.092312861838480309e+00
-4.861182125178117097e+00
-4.175302524740401644e+00
-5.007647053738171650e+00
-4.343908574435442205e+00
-4.036508430471876352e+00
-3.562385560238670479e+00
-3.484338027849249286e+00
-3.171968139118494179e+00
-3.458861368742425668e+00
-2.811984853390024242e+00
-3.571793784084765555e+00
-2.749940551656385956e+00
-2.590869289144458687e+00
-2.685348997656294312e+00
-3.081991630706389707e+00
-2.447112946062719008e+00
-2.550085940158595577e+00
-2.344855009145951019e+00
-2.495064474220602513e+00
-2.866926004736165545e+00
-2.471906869347963998e+00
-2.144114200802516912e+00
-6.858972185387401943e-01
-1.568832363645196182e+00
-1.671164511219734417e+00
-1.158978522275389667e+00
-2.182001720959335422e+00
-6.581730899665072521e-01
-1.633429281270603717e+00
-4.965125887582026998e-01
-1.686656726297574682e+00
-1.586267420981153586e+00
-1.684194127082623282e+00
-1.571205428576334828e+00
-9.142868798664275376e-01
-6.759961871330031347e-01
-1.318039834422196632e+00
-1.942719303806264897e+00
-1.234673393564525767e+00
-1.574958934364238061e+00
-3.575429896874942060e-01
-1.721930939183805576e+00
-3.525582162571072598e-01
-1.163983892394572006e+00
-9.115667171853929496e-01
-6.733877088195474592e-01
-5.788937211135967154e-01
-1.899197806193277716e+00
5.172085036191943486e-01
-2.481733824119444209e-01
-9.497310577129893794e-01
-9.644703404775623046e-01
-6.270067577710241036e-01
5.752327036565840768e-01
-1.170519081851339127e+00
4.512293447864635931e-01
-1.232610721858640401e+00
-8.936928512890677245e-01
-7.809569597512209249e-01
-1.667948505980080043e+00
-2.327645861334592059e+00
-1.779124971552004553e+00
-1.732558029715383530e+00
-1.169386541371547628e+00
-4.095657727885267940e-01
-1.475399507368051921e+00
-7.842401612251521659e-01
-4.908442775451327122e-03
4.774369364560617779e-01
-1.807594927399782669e-01
2.380062550199297799e-01
3.497391570466963362e-01
3.572730053689900931e-01
1.066880661922945173e+00
9.510081629705893214e-01
6.474262320718973118e-01
-4.000063106984921291e-01
-3.330819909301385717e-01
1.860677714345571054e-02
3.671213777674141587e-01
-3.239563409211356770e-01
8.333239768743605502e-02
2.009475520209460520e-01
2.359992825230647906e-01
-4.577880425108118434e-01
4.785408080871412784e-01
8.747330084752398260e-01
