-2.655542900520855079e-02
-3.393663855176834443e-02
-1.102964775766754335e-02
9.623546172943896471e-01
1.711714700799442213e+00
1.645406141191204208e+00
1.917831090933983740e+00
2.276136201511394397e+00
2.722246774225563826e+00
2.338197545460039439e+00
2.087646747636125344e+00
2.441748290609758509e+00
2.255733052798135851e+00
1.745779923228546249e+00
2.327207042273471860e+00
2.231162337440607768e+00
1.585236046377791030e+00
1.516976154135658117e+00
1.825508143090112334e+00
1.677583506770620625e+00
1.912724389783394763e+00
1.944734051870278257e+00
1.801913704335274424e+00
2.060803801494719423e+00
2.225285938412552511e+00
1.832560150335933447e+00
1.684309243236907783e+00
2.052269149413283866e+00
2.096367626636963966e+00
1.832656495556022724e+00
1.377244779909842842e+00
1.655781743293792241e+00
1.443036693959681482e+00
1.366127901648695575e+00
1.834681365987120394e+00
1.717131574888091095e+00
2.271125398821329355e+00
1.891996287642068619e+00
1.762592237244790860e+00
2.174798797105377268e+00
1.570847293608496065e+00
1.330771038254889183e+00
1.449832767858474147e+00
1.698095231034129293e+00
1.434083612064763535e+00
1.374730844315927181e+00
8.031803875997950426e-01
9.556771240854347038e-01
4.491499749027851873e-01
1.896169306316149994e-01
-2.912640008684395099e-01
-5.919822400384766592e-02
-1.287919833490706045e-01
-6.450614664709738433e-01
-1.172759981001410656e+00
-1.211784403564267976e+00
-1.459706993872516234e+00
-1.062736627934989908e+00
-1.037801773202207567e+00
-7.712400994479277072e-01
-3.407363578795544745e-01
-2.797094363085195212e-02
-4.163448055142573434e-01
-6.320382217377046308e-01
-1.085237511997700466e+00
-2.009368688889355825e-01
-1.245847110991845919e-01
-1.154419822402858037e-01
-4.131980613335662356e-01
-5.203632443781507355e-01
-9.203807698303090312e-03
2.331787289539037633e-02
7.976925020676278733e-01
6.400507388028452427e-01
7.503082755306771379e-01
1.042720365711385044e+00
9.901898952341254834e-01
1.170820193417384081e+00
5.669514283165922874e-01
7.290802186484395264e-01
-6.988135969397357705e-02
7.577299949876445395e-02
3.032941455142248999e-01
5.152158135722934018e-01
4.377829537573089125e-01
8.831893021355414763e-01
6.070626216212489101e-01
7.774277410599063076e-01
6.549120735692426365e-01
9.468740746789269247e-01
1.059653988337871056e+00
8.313173420947825853e-01
7.390175845315819503e-01
7.336122025299209870e-01
1.360107931960580885e+00
1.297238287417367353e+00
6.574096565138953796e-01
2.260726262235556727e-01
3.356139905802689727e-01
-2.500964576504949299e-02
-4.005707152934602777e-01
-4.656332779055721294e-01
-4.359845166459844212e-01
-4.804671086223386012e-01
-4.656513838271653105e-01
-4.268780883563528805e-01
-3.739059319126056824e-01
-5.418915083274605804e-01
-5.932701446714483406e-01
-5.643104506839373702e-01
-4.020116989202291435e-01
-9.130048452614712984e-01
-1.354455137581858981e+00
-1.512480451540923587e+00
-1.142248997340961969e+00
-9.611575285016489278e-01
-1.490619997772693495e+00
-1.206673920325049165e+00
-1.229144034169221245e+00
-8.155417719441646618e-01
-5.028669620973378329e-01
-1.079848235773691156e+00
-1.022509435621628660e+00
-9.147762894630651065e-01
-3.592295980134305733e-01
-5.531548674238209173e-01
-8.742560728474085829e-01
-1.152663387218039404e+00
-8.868577691217163217e-01
-2.548779986063903769e-01
6.086321053100557377e-02
4.715514466357045298e-01
-7.832777207195823488e-02
1.771850568110657220e-01
3.080100897065535803e-01
9.655119408869143882e-01
6.337865486885405630e-01
7.612063743095857093e-01
6.020309756304220716e-01
1.037850915632799742e+00
1.000347338730262159e+00
1.123725843858083051e+00
1.334022844123279317e+00
9.203930118817305051e-01
7.094950763429213048e-01
7.407803942483102144e-01
8.249066172904222505e-01
6.682445136437743516e-01
4.448061739936536307e-01
3.541014447569012513e-01
5.962786645234152694e-02
9.023309491512190861e-02
5.777493586920009472e-01
7.782791250521720050e-01
1.037843450140682355e+00
8.845754642838532522e-01
1.313861412598575695e+00
8.260157125706721892e-01
1.224443268058204026e+00
6.173688527140832605e-01
6.530564287354172492e-01
4.010646297197080212e-01
7.433112009171364276e-01
8.355479375353181970e-01
6.264927234300772252e-01
9.138175565407740120e-01
1.206049751334121289e+00
1.443677790875965705e+00
7.240474552814811782e-01
5.675027616815723208e-01
6.217660983707973266e-01
6.886482939513315360e-01
2.924206813996281240e-01
-2.767227883900313934e-02
2.024005665996247288e-02
1.613463573166670495e-01
-1.401365360376608804e-01
1.039429318485095011e-01
2.342990176054022822e-01
4.837156193647945690e-01
4.959440587853334304e-01
1.039447762787166774e+00
1.084294683707140550e+00
7.812867158846812377e-01
1.135083351818984010e+00
1.809769159236500391e+00
1.859489461107204145e+00
1.697011492909487274e+00
1.488756545093256500e+00
1.558794481472813409e+00
1.231991633803774189e+00
1.092517362348369714e+00
9.298250116643697050e-01
9.662797613376356010e-01
1.008220324623308350e+00
1.323276560519185185e+00
1.531573332523429087e+00
1.358541858181570250e+00
1.263317634711105919e+00
1.209269082790074501e+00
1.800504697547686828e+00
