5.000000000000000000e+00
5.009999999999999787e+00
5.019999999999999574e+00
5.029999999999999361e+00
5.039999999999999147e+00
5.049999999999998934e+00
5.059999999999998721e+00
5.069999999999998508e+00
5.079999999999998295e+00
5.089999999999998082e+00
5.099999999999997868e+00
5.109999999999997655e+00
5.119999999999997442e+00
5.129999999999997229e+00
5.139999999999997016e+00
5.149999999999996803e+00
5.159999999999996589e+00
5.169999999999996376e+00
5.179999999999996163e+00
5.189999999999995950e+00
5.199999999999995737e+00
5.209999999999995524e+00
5.219999999999995310e+00
5.229999999999995097e+00
5.239999999999994884e+00
5.249999999999994671e+00
5.259999999999994458e+00
5.269999999999994245e+00
5.279999999999994031e+00
5.289999999999993818e+00
5.299999999999993605e+00
5.309999999999993392e+00
5.319999999999993179e+00
5.329999999999992966e+00
5.339999999999992752e+00
5.349999999999992539e+00
5.359999999999992326e+00
5.369999999999992113e+00
5.379999999999991900e+00
5.389999999999991687e+00
5.399999999999991473e+00
5.409999999999991260e+00
5.419999999999991047e+00
5.429999999999990834e+00
5.439999999999990621e+00
5.449999999999990408e+00
5.459999999999990195e+00
5.469999999999989981e+00
5.479999999999989768e+00
5.489999999999989555e+00
5.499999999999989342e+00
5.509999999999989129e+00
5.519999999999988916e+00
5.529999999999988702e+00
5.539999999999988489e+00
5.549999999999988276e+00
5.559999999999988063e+00
5.569999999999987850e+00
5.579999999999987637e+00
5.589999999999987423e+00
5.599999999999987210e+00
5.609999999999986997e+00
5.619999999999986784e+00
5.629999999999986571e+00
5.639999999999986358e+00
5.649999999999986144e+00
5.659999999999985931e+00
5.669999999999985718e+00
5.679999999999985505e+00
5.689999999999985292e+00
5.699999999999985079e+00
5.709999999999984865e+00
5.719999999999984652e+00
5.729999999999984439e+00
5.739999999999984226e+00
5.749999999999984013e+00
5.759999999999983800e+00
5.769999999999983586e+00
5.779999999999983373e+00
5.789999999999983160e+00
5.799999999999982947e+00
5.809999999999982734e+00
5.819999999999982521e+00
5.829999999999982307e+00
5.839999999999982094e+00
5.849999999999981881e+00
5.859999999999981668e+00
5.869999999999981455e+00
5.879999999999981242e+00
5.889999999999981029e+00
5.899999999999980815e+00
5.909999999999980602e+00
5.919999999999980389e+00
5.929999999999980176e+00
5.939999999999979963e+00
5.949999999999979750e+00
5.959999999999979536e+00
5.969999999999979323e+00
5.979999999999979110e+00
5.989999999999978897e+00
5.999999999999978684e+00
6.009999999999978471e+00
6.019999999999978257e+00
6.029999999999978044e+00
6.039999999999977831e+00
6.049999999999977618e+00
6.059999999999977405e+00
6.069999999999977192e+00
6.079999999999976978e+00
6.089999999999976765e+00
6.099999999999976552e+00
6.109999999999976339e+00
6.119999999999976126e+00
6.129999999999975913e+00
6.139999999999975699e+00
6.149999999999975486e+00
6.159999999999975273e+00
6.169999999999975060e+00
6.179999999999974847e+00
6.189999999999974634e+00
6.199999999999974420e+00
6.209999999999974207e+00
6.219999999999973994e+00
6.229999999999973781e+00
6.239999999999973568e+00
6.249999999999973355e+00
6.259999999999973141e+00
6.269999999999972928e+00
6.279999999999972715e+00
6.289999999999972502e+00
6.299999999999972289e+00
6.309999999999972076e+00
6.319999999999971863e+00
6.329999999999971649e+00
6.339999999999971436e+00
6.349999999999971223e+00
6.359999999999971010e+00
6.369999999999970797e+00
6.379999999999970584e+00
6.389999999999970370e+00
6.399999999999970157e+00
6.409999999999969944e+00
6.419999999999969731e+00
6.429999999999969518e+00
6.439999999999969305e+00
6.449999999999969091e+00
6.459999999999968878e+00
6.469999999999968665e+00
6.479999999999968452e+00
6.489999999999968239e+00
6.499999999999968026e+00
6.509999999999967812e+00
6.519999999999967599e+00
6.529999999999967386e+00
6.539999999999967173e+00
6.549999999999966960e+00
6.559999999999966747e+00
6.569999999999966533e+00
6.579999999999966320e+00
6.589999999999966107e+00
6.599999999999965894e+00
6.609999999999965681e+00
6.619999999999965468e+00
6.629999999999965254e+00
6.639999999999965041e+00
6.649999999999964828e+00
6.659999999999964615e+00
6.669999999999964402e+00
6.679999999999964189e+00
6.689999999999963975e+00
6.699999999999963762e+00
6.709999999999963549e+00
6.719999999999963336e+00
6.729999999999963123e+00
6.739999999999962910e+00
6.749999999999962697e+00
6.759999999999962483e+00
6.769999999999962270e+00
6.779999999999962057e+00
6.789999999999961844e+00
6.799999999999961631e+00
6.809999999999961418e+00
6.819999999999961204e+00
6.829999999999960991e+00
6.839999999999960778e+00
6.849999999999960565e+00
6.859999999999960352e+00
6.869999999999960139e+00
6.879999999999959925e+00
6.889999999999959712e+00
6.899999999999959499e+00
6.909999999999959286e+00
6.919999999999959073e+00
6.929999999999958860e+00
6.939999999999958646e+00
6.949999999999958433e+00
6.959999999999958220e+00
6.969999999999958007e+00
6.979999999999957794e+00
6.989999999999957581e+00
6.999999999999957367e+00
