4.154365757809176607e+00
4.947363260840495158e+00
3.964972645862545164e+00
6.456778809255561136e+00
7.269678420582216916e+00
7.144883724282477644e+00
7.426617190631248810e+00
6.909980290424014626e+00
7.036860730251276230e+00
6.777992498019344225e+00
7.504850527490384948e+00
7.267041597930129271e+00
7.857280937642964425e+00
6.804140890575695266e+00
7.907810447559523226e+00
7.069579881273265087e+00
6.334902527881650869e+00
6.529474682002298636e+00
7.531278335184072859e+00
8.293779557611658859e+00
7.264644455734335260e+00
7.440285110650901146e+00
7.815627484705259143e+00
7.547374573410524867e+00
6.961456181451699088e+00
6.681718927114571827e+00
6.518579780989330885e+00
8.081643414015186266e+00
7.663012252505000177e+00
6.475520762363003335e+00
6.404375145954239734e+00
7.896050547965217881e+00
7.279803970916960409e+00
6.728118505508915881e+00
7.369193250178264876e+00
6.668667651802857144e+00
8.204222933339908153e+00
6.434571104485069526e+00
6.673284802502945645e+00
7.892514451019912336e+00
7.015514020780881488e+00
6.308186539220365319e+00
6.721589018550527150e+00
6.818597716065479375e+00
7.746160020015044445e+00
6.631427190541629102e+00
6.432825958673202393e+00
7.161726187029385571e+00
5.964674903112728188e+00
5.762354279466455509e+00
4.847931483943854758e+00
5.595907489676004154e+00
5.438411196768555556e+00
5.924998907406050286e+00
5.233744412080249653e+00
4.462418068142961936e+00
4.219877626681006966e+00
4.774448397808665590e+00
4.620753193235906053e+00
5.124571488802432739e+00
5.515030483680240181e+00
5.723116113394182136e+00
5.236859905137593252e+00
4.461000256229127992e+00
4.192731871163020152e+00
5.665805402850357275e+00
5.159437892399408199e+00
5.747056788127627769e+00
4.652789241357019101e+00
5.751888411695066594e+00
5.868017746021378045e+00
6.275093711075526492e+00
6.652208776361633547e+00
6.311287177005834081e+00
5.419679290015899653e+00
7.168167388944583607e+00
6.515902376674306495e+00
6.440979650472387519e+00
5.932596546549383731e+00
7.057198842663360061e+00
6.583146695505361912e+00
5.691082463031285066e+00
5.849622272201453477e+00
5.707324380346253001e+00
6.437683028547152020e+00
6.341492587558987815e+00
6.832648543148057918e+00
7.242650255547897764e+00
5.136346765331920139e+00
7.856064370602972247e+00
6.787922876428375218e+00
5.715209841341511776e+00
6.714986074758329870e+00
5.392470826810303208e+00
6.922461990601171067e+00
6.691056265035190798e+00
7.182528646692412089e+00
5.610210955116223808e+00
7.155332455272540138e+00
5.182105742259031089e+00
5.339211777611843068e+00
6.964726305711134380e+00
5.264798781458893906e+00
5.453977329465453217e+00
6.073180559240212162e+00
6.111878253912970571e+00
5.986504291467803718e+00
5.668622939929418791e+00
4.976758696606361276e+00
5.448679888719833997e+00
6.062249396717862560e+00
6.470661547288909077e+00
4.272773536367685310e+00
3.777687138161515357e+00
3.998817874821878782e+00
4.674697475259594448e+00
3.832352946261823767e+00
4.486091425564553425e+00
4.783491569528118603e+00
5.247614439761324689e+00
5.315661972150745207e+00
5.618031860881499640e+00
5.321138631257567475e+00
5.958015146609970003e+00
5.188206215915228015e+00
6.000059448343606938e+00
6.149130710855533977e+00
6.044651002343698565e+00
5.638008369293602939e+00
6.262887053937273407e+00
6.149914059841396607e+00
6.345144990854040046e+00
6.184935525779389209e+00
5.803073995263826390e+00
6.188093130652027263e+00
6.505885799197473673e+00
7.954102781461250160e+00
7.061167636354794830e+00
6.948835488780256142e+00
7.451021477724600217e+00
6.417998279040654452e+00
7.931826910033482392e+00
6.946570718729384808e+00
8.073487411241787370e+00
6.873343273702413825e+00
6.963732579018834912e+00
6.855805872917365207e+00
6.958794571423653430e+00
7.605713120133560601e+00
7.834003812866984440e+00
7.181960165577790711e+00
6.547280696193721994e+00
7.245326606435461336e+00
6.895041065635748367e+00
8.102457010312491548e+00
6.728069060816180169e+00
8.087441783742878698e+00
7.266016107605413055e+00
7.508433282814593213e+00
7.736612291180438028e+00
7.821106278886388097e+00
6.490802193806707088e+00
8.897208503619177478e+00
8.121826617588039809e+00
7.410268942286995397e+00
7.385529659522421575e+00
7.712993242228959545e+00
8.905232703656567494e+00
7.149480918148644726e+00
8.761229344786446660e+00
7.067389278141343212e+00
7.396307148710914880e+00
7.499043040248761116e+00
6.602051494019901767e+00
5.932354138665389520e+00
6.470875028447976796e+00
6.507441970284598476e+00
7.060613458628433925e+00
7.810434227211454861e+00
6.734600492631928503e+00
7.415759838774828694e+00
8.185091557224527747e+00
8.657436936456042176e+00
7.989240507260001678e+00
8.398006255019909716e+00
8.499739157046676041e+00
8.497273005368969123e+00
9.196880661922923750e+00
9.071008162970567668e+00
8.757426232071875205e+00
7.699993689301486199e+00
7.756918009069839748e+00
8.098606777143434243e+00
8.437121377767391905e+00
7.736043659078841728e+00
8.133332397687413007e+00
8.240947552020923439e+00
8.265999282523042169e+00
7.562211957489164860e+00
8.488540808087117640e+00
8.874733008475216067e+00
