4.385691865550823465e+00
5.281435045018177732e+00
5.157033197422952853e+00
5.881155404373396678e+00
6.061701138537545219e+00
6.388223309524422078e+00
4.516692079145359529e+00
5.432886004940992386e+00
4.587613061362586286e+00
4.646314480615973075e+00
5.457160757040405485e+00
5.021405233343405605e+00
4.928467182262238566e+00
3.997280259699433458e+00
1.341297408544323666e+00
4.409992554924297536e+00
3.012751639374945611e+00
3.780370644145533365e+00
3.942389442959339352e+00
4.909233178642226747e+00
3.988368614691300884e+00
3.403564000124946975e+00
3.541658336338047164e+00
3.736625616873211708e+00
3.938020978842610376e+00
3.398033660674574463e+00
3.820062649426675616e+00
3.229999706232297818e+00
3.834584407575656773e+00
4.596526794426610607e+00
4.775083326848257315e+00
4.538574588950360145e+00
4.902331807883287595e+00
6.958675393854218960e+00
6.052433019908330714e+00
6.273313874367180354e+00
6.958167480482369882e+00
6.119068416564729773e+00
6.326603936549670237e+00
8.015462369226330708e+00
6.227280904607905399e+00
7.504561847760452764e+00
7.619658459572383080e+00
6.551991398119055177e+00
7.823498970427645638e+00
7.113244866304076375e+00
6.847070850784684026e+00
6.431400747521896832e+00
7.751339522135078042e+00
6.857979980365294992e+00
7.896077587883859827e+00
7.275400345298936422e+00
7.726664616295561672e+00
9.577073871836503827e+00
8.030880644131308088e+00
8.846688867087465269e+00
5.481620051343493394e+00
7.414515344978366507e+00
7.933422306902967236e+00
8.264961062077249565e+00
7.933110647318827091e+00
5.592028314172786452e+00
7.017898229470038274e+00
7.296528017041090663e+00
8.960911410772109065e+00
9.292573234142244232e+00
7.625494446636329471e+00
8.510784969565630576e+00
7.911572523629738285e+00
9.507224417681612749e+00
8.361358716498546784e+00
7.709238349775147547e+00
6.371061718323254297e+00
7.734212347570919022e+00
7.125671765499195232e+00
6.684648770335673618e+00
6.518323116689826335e+00
6.294965186477893937e+00
5.138778671694476330e+00
5.611758155588566055e+00
6.426803995739784447e+00
4.541987692353644412e+00
6.129402630297049903e+00
6.634246673602335775e+00
6.206313447827087160e+00
7.002619990356164337e+00
5.558489700774019937e+00
6.838609116171197044e+00
5.512162117426322894e+00
6.579481630353271271e+00
5.127423656917534878e+00
5.562371051296302937e+00
5.435090345580380067e+00
6.855532026623881059e+00
5.917328188761809216e+00
5.132797050561599406e+00
5.778713290814071257e+00
5.720832628312266799e+00
5.957376150115906377e+00
6.984192158795915262e+00
5.772086294490321734e+00
6.071973607709583831e+00
5.300324039937557075e+00
5.327298932841423529e+00
7.220336625649963480e+00
7.201857865970771044e+00
6.434509230625507392e+00
8.031228639492859145e+00
6.725544941040798363e+00
6.265425055328639026e+00
5.369543387812158564e+00
7.587542027595707950e+00
6.346367340210538721e+00
6.333089999519952329e+00
5.419131480492463737e+00
6.856415914174835535e+00
6.274285910235176900e+00
6.948028861273106926e+00
6.763346662402879517e+00
6.621983225039132392e+00
7.043865188693534840e+00
7.207000251235795574e+00
5.935418248420071485e+00
5.897713532571559725e+00
6.142695591088645379e+00
5.362828788713372319e+00
5.146554669439110441e+00
5.365569605273416087e+00
6.114686378844451653e+00
4.786822159790625086e+00
3.943384933218199606e+00
4.382467976490258543e+00
4.370460626845996899e+00
5.221208526047196763e+00
5.868672917386340337e+00
6.835626526205641262e+00
5.847355598753845030e+00
6.107648853060712923e+00
5.179549879766476295e+00
5.950803890063468771e+00
5.181817162509008590e+00
5.830794490306047351e+00
5.847108327853965726e+00
5.971009897490627161e+00
3.405768770359412390e+00
3.894987721026376359e+00
5.397050939719471252e+00
3.290568366627927510e+00
5.107606294223058896e+00
5.768689105117439375e+00
4.926487485833371593e+00
6.424712369131400536e+00
6.840439918446183043e+00
7.090573045457714940e+00
5.564395729293900139e+00
8.313467557613700265e+00
6.774588631426247787e+00
7.552210795129893128e+00
8.129008802175130555e+00
7.220584651326470649e+00
8.409223522386188421e+00
7.934778455744103454e+00
7.998547516874073615e+00
8.230356716965918196e+00
8.773636197860994912e+00
7.439555250029787459e+00
7.931378097902596735e+00
7.741555193019382664e+00
7.212699632173420028e+00
8.401992392332694237e+00
8.395579100319618959e+00
8.093967785378872293e+00
7.313421927873950956e+00
8.157974811843644147e+00
8.823037308019099356e+00
9.132072907411812324e+00
7.722376288873530115e+00
8.403555183884957813e+00
6.782447999761940238e+00
7.690034304635140927e+00
6.788939560285258246e+00
6.878323579197810567e+00
6.692380866776385773e+00
6.246603018127904861e+00
6.453676400947410130e+00
7.485171119579860033e+00
6.279019521353731648e+00
7.150537469156999393e+00
6.106401816550651063e+00
7.699494287173124007e+00
9.760473223630588890e+00
7.778618749116149367e+00
9.222669440195101487e+00
8.354653221921147122e+00
7.158751024448037015e+00
9.820102473766777251e+00
7.798451648493478494e+00
7.119513128897484222e+00
7.452824738460284593e+00
6.680862057498403672e+00
7.144022689249569069e+00
6.416474284309603426e+00
7.008301005971373066e+00
7.460820966152407863e+00
5.994651692563754963e+00
5.250011579309198595e+00
5.415884069884641328e+00
4.326979884428475032e+00
6.341860580668942760e+00
4.837707304300232991e+00
5.958128008386379015e+00
5.469652834514826090e+00
4.286238291800692934e+00
3.604552180522762939e+00
3.269537077978347472e+00
3.426281064058252834e+00
3.705880053532127683e+00
3.677789688256777545e+00
3.067572785210787689e+00
4.578206794447889472e+00
3.689140206825004320e+00
5.097446041271433081e+00
4.465458020469097455e+00
3.811340718684296469e+00
4.423382685190124342e+00
4.570880866763261885e+00
5.184856235527339763e+00
3.773780138302704756e+00
6.156377142240584632e+00
6.110235742302012163e+00
5.147333811645905755e+00
6.200940188648853102e+00
5.445764156763436503e+00
5.250453033203285713e+00
4.610588065528339108e+00
4.238125988491280083e+00
4.821267053377804146e+00
5.662679632296856447e+00
3.534778745174438797e+00
5.030412695085919594e+00
5.131833005384295099e+00
4.380824591323890793e+00
6.196979048932787393e+00
5.744211472819597653e+00
5.359297761341435873e+00
5.856807247464120181e+00
5.281779804970800463e+00
5.074580838769792379e+00
4.901831075695880280e+00
5.145686618929294021e+00
7.036276935951859102e+00
7.244808549074130966e+00
-3.117790938446489690e+00
-3.856963639557536627e+00
-4.394957501752051243e+00
-4.318235335389905671e+00
-5.178518500187620610e+00
-5.322707875273137823e+00
-4.522181382752573420e+00
-5.122761735539133277e+00
-4.522271640338891174e+00
-4.752634143804812084e+00
-5.504393416164846897e+00
-6.054129512908090760e+00
-5.593831527263164460e+00
-5.354375838956324074e+00
-6.502812652043465036e+00
-5.852435301305456861e+00
-5.390430869071493269e+00
-4.871535909536323317e+00
-5.971934186133841749e+00
-5.619764873150637996e+00
-4.528890491067234514e+00
-3.437152479113879888e+00
-5.102890639989531074e+00
-7.245358413755098148e+00
-5.819100617536848041e+00
-4.616881167277878006e+00
-6.011462114050411643e+00
-5.775062901629636869e+00
-6.653259932806143695e+00
-6.194336855446839429e+00
-5.386134479420624288e+00
-5.294171166351516966e+00
-3.779742937721981555e+00
-3.953971121568236935e+00
-4.131470086637667904e+00
-3.629364986329818965e+00
-3.358590612887900839e+00
-5.391755458038922200e+00
-4.259100525150254057e+00
-3.967353514765457501e+00
-5.804430212794799537e+00
-5.021441696678830446e+00
-5.608951767467244665e+00
-5.872155245979592486e+00
-4.982136496561505368e+00
-3.978276293247487327e+00
-5.954494172619917869e+00
-3.686072795987134221e+00
-5.243166951854008495e+00
-4.801396430145439709e+00
-5.248305676299303890e+00
-4.615051935812537920e+00
-5.126667783251166455e+00
-4.847309940645816440e+00
-4.617069935944573267e+00
-4.464369777845673681e+00
-3.918072152449490364e+00
-6.577713388016144691e+00
-4.360376096479230412e+00
-4.879488997900613967e+00
-5.236059946134761667e+00
-4.705065367407684995e+00
-4.966839745677523510e+00
-3.175165420630988944e+00
-4.026916270085029836e+00
-5.668678004059210629e+00
-5.904059366080143256e+00
-5.162159352681237934e+00
-5.711840530395637217e+00
-5.598157457605816845e+00
-4.615908428178816081e+00
-6.522424433612425076e+00
-5.698270916111833451e+00
-6.530662972338762806e+00
-6.095079377154041467e+00
-6.140159742180206770e+00
-5.482105082981348687e+00
-5.787695530767519969e+00
-6.034260633224724835e+00
-6.110617326931119919e+00
-6.120196726405976229e+00
-4.978654881336539439e+00
-4.198741942926741189e+00
-2.796459347882889190e+00
-5.538150403928201015e+00
-5.492733657677781878e+00
-6.631716459779908313e+00
-5.675767551228556584e+00
-5.727848219229349169e+00
-6.311790671362198069e+00
-6.502545937697484568e+00
-5.970269633138601151e+00
-5.678558970023341423e+00
-6.040599527553054848e+00
-5.580830036256795523e+00
-5.694806004235427821e+00
-6.721155302136000209e+00
-5.154241544883188197e+00
-7.075940021337181918e+00
-7.586407131920213764e+00
-5.421928889591143275e+00
-6.308293276139298023e+00
-4.316028971765048183e+00
-4.814034836803117834e+00
-5.202124351429989524e+00
-4.929549045345690494e+00
-4.159481288866876625e+00
-4.641916986302962123e+00
-5.589839931296548770e+00
-4.839661819481024807e+00
-4.300671447811703629e+00
-4.168226689486418834e+00
-6.046631117714249548e+00
-5.418172101724264778e+00
-4.801857077754243974e+00
-5.553427909268707552e+00
-5.798110971859970597e+00
-4.580056679603943692e+00
-4.846242648195645764e+00
-4.617888761385524177e+00
-3.691595359737600557e+00
-3.183617717209211495e+00
-5.077330137551867573e+00
-4.440931555958331778e+00
-3.733821649980494595e+00
-5.209006920777736305e+00
-5.036033492245810095e+00
-4.294195761435833703e+00
-3.879315229037241686e+00
-4.630515487111066975e+00
-4.943580970292749122e+00
-5.789654941999097915e+00
-5.444100796884307591e+00
-4.265021617922720942e+00
-3.724941039556011191e+00
-4.906643646718310769e+00
-4.971294209266224229e+00
-5.099517092860898160e+00
-5.424370240468332049e+00
-4.484674320427242122e+00
-4.616984509042441509e+00
-5.243349077332410957e+00
-4.341089246547017666e+00
-4.426597956896438646e+00
-4.902456822750865584e+00
-5.121082475193775352e+00
-3.576495414659944139e+00
-5.774119008433737932e+00
-5.056005247357083121e+00
-7.141246808942204538e+00
-7.136287072634369899e+00
-5.293360684561907448e+00
-6.804851995326424152e+00
-7.492419154906832190e+00
-5.442784834955466167e+00
-4.695250944629585810e+00
-6.892056527331528848e+00
-5.192252007082458043e+00
-6.573211481802117007e+00
-6.689032525939383689e+00
-6.639144756950416948e+00
-6.305768566007674991e+00
-6.423301301625494730e+00
-6.440500656200762286e+00
-6.026176726485630297e+00
-5.897214230975444949e+00
-5.718452401177276379e+00
-6.446255854539526098e+00
-6.736943948111821179e+00
-6.753090007253526927e+00
-8.159847615609315596e+00
-7.229001430224974101e+00
-8.056931010453492803e+00
-7.173074682448844719e+00
-5.955078407678270125e+00
-8.236627134230998237e+00
-9.291353074080067387e+00
-7.648819059075894877e+00
-7.712605094618249169e+00
-8.355529837677311278e+00
-7.928458707226845092e+00
-6.353899964860764804e+00
-6.816976906276323689e+00
-6.973116910958255588e+00
-6.991995957627677782e+00
-7.493734086107245673e+00
-7.295810416034798074e+00
-7.617210849455421595e+00
-7.838614288479194947e+00
-8.070114953614648812e+00
-7.973926859538131851e+00
-8.162277495542969774e+00
-8.430817617621084281e+00
-7.517128264777775293e+00
-8.757556692622973316e+00
-7.564177735892182675e+00
-8.481258054674595925e+00
-7.069136178905572443e+00
-8.130786012847078581e+00
-8.556101222550729801e+00
-8.819279883222330696e+00
-8.100839211737625334e+00
-7.998009663306998362e+00
-7.623034673887775448e+00
-8.131230140330627520e+00
-7.121699406840454216e+00
-7.629520894436865319e+00
-7.369352313895888074e+00
-8.365480774504016281e+00
-8.166708853404983870e+00
-7.734777410760178107e+00
-6.980270367570916790e+00
-9.244224329102978643e+00
-8.388927881907134676e+00
-7.273809663211094900e+00
-6.375550299471429483e+00
-6.649408697430303050e+00
-7.141740398430797221e+00
-6.291820833750046305e+00
-5.684008120938864650e+00
-6.047967247092390863e+00
-4.908746161699104604e+00
-6.043850596711872747e+00
-5.222808422857394994e+00
-5.995308617428133147e+00
-6.158775841975850263e+00
-6.146679955611291213e+00
-5.598260524810370065e+00
-6.262293468507126093e+00
-5.808672625316413374e+00
-5.086266666570286255e+00
-5.345773579589322644e+00
-5.994302180939211411e+00
-6.363581234353708815e+00
-5.888419927869422033e+00
-6.117326864417023558e+00
-5.121602023341950805e+00
-4.382075034606923047e+00
-5.876208888570095823e+00
-4.973860273972649182e+00
-5.186517695841189379e+00
-4.327625169623340540e+00
-4.815120695018579866e+00
-4.919159909737624403e+00
-3.360499044623500797e+00
-3.844134599810661967e+00
-4.969030297721339196e+00
-4.957422027715552737e+00
-5.032651920242403598e+00
