-2.725761862668541272e-02
2.819949174097990952e-01
2.022550024386463030e-01
3.415386033952358957e-01
4.044627565429242955e-02
1.154493081404849436e-01
-4.133496321248222860e-03
-1.731076747441929742e-01
-6.479244260230981878e-01
-8.188883115126284196e-01
-6.080706819328374202e-01
-6.039413487586157148e-01
-9.035614540721743637e-01
-1.135662624442342450e+00
-1.687081587383183034e+00
-1.910154684576284678e+00
-1.984001316617166610e+00
-1.749088881768540826e+00
-9.191428218959133423e-01
-8.986195711876743264e-01
-1.066747790430358167e+00
-1.290530077656649066e+00
-8.114562512302965214e-01
-9.566455461748613054e-01
-8.108818399032313717e-01
-7.490149524402999193e-01
-9.122876989219226296e-01
-7.050148455776314993e-01
-5.612491234226273384e-01
-9.331867805472759958e-01
-8.695576436013645605e-01
-5.914068986032632314e-01
-1.846933928599485686e-01
3.710341268773219570e-01
5.731924910753225522e-01
1.038829385091362134e+00
1.266645909064686881e+00
1.587681222388573232e+00
1.604922169883895577e+00
1.876260522026873545e+00
1.802937694135173130e+00
1.589319299734474278e+00
2.080667971910027170e+00
1.547349221367200212e+00
2.158226061139143503e+00
1.965381714974094196e+00
1.825555238313029793e+00
2.110352584570169387e+00
2.257986958690997525e+00
2.113488951683224482e+00
1.970385135930791565e+00
2.309064888921886549e+00
2.320130814110894057e+00
2.554397989066337527e+00
2.432116121636589856e+00
2.665782666544619151e+00
2.352700744742575623e+00
2.031694696002619871e+00
2.580373141325924990e+00
2.453792347303240362e+00
2.600922976234667061e+00
2.535935009902889004e+00
2.938478780985842143e+00
3.363240965315716924e+00
3.312766736759682917e+00
3.457340141611433548e+00
3.099664676485156534e+00
2.911634246155094363e+00
3.256305504863082234e+00
3.213891075362301120e+00
2.577567321129172306e+00
2.274564053133919295e+00
2.000408848646710869e+00
2.441263474548778678e+00
2.728819964014485677e+00
2.467466918799968933e+00
2.363805987510203988e+00
1.812084412626102647e+00
1.014036375881710139e+00
7.216740824569203294e-01
5.768453059127933713e-01
1.296636386930603568e-01
3.274987734144287899e-01
1.163702124540711536e+00
1.363064150472504510e+00
1.378077639649376573e+00
1.130484089375627610e+00
6.305921852138336448e-01
5.863032267070947823e-01
7.365213733097680793e-01
6.842618330319162334e-01
9.310080097161508306e-01
6.579445015673200947e-01
6.454865809898219231e-01
1.069347010543280962e+00
1.249572861298596127e+00
1.546358902738873109e+00
1.865575293545967739e+00
1.474683640107173233e+00
1.471809342850592284e+00
1.294505999453888778e+00
1.461630908073412671e+00
1.000027140376355206e+00
1.087015372741532149e+00
1.019670865939779514e+00
1.397385682726071998e+00
2.083454973177889080e+00
1.519253128913495843e+00
1.506412751317686816e+00
1.464926832680615076e+00
1.186770679737174428e+00
1.771767767669226279e+00
1.769584507195686163e+00
1.896525768077443663e+00
1.859771610763801153e+00
1.642887304535146864e+00
1.264992085212711892e+00
1.208212538695798699e+00
1.507944850302431750e+00
1.320946564099803044e+00
1.232404987065239821e+00
1.860301695373154374e+00
1.787578063005992091e+00
1.642302830977114159e+00
1.638608669648930816e+00
1.379171901175706427e+00
1.022136253134748651e+00
7.612532017621443936e-01
6.153256492278410539e-01
2.813817582232182590e-01
-5.677502155491953584e-02
1.247082426093094887e-01
2.135758767983255701e-01
2.303205837396679889e-01
1.112996303296930473e-01
7.544775519591313540e-01
7.930046986482695015e-01
1.280602860398285525e+00
1.236748834651060003e+00
9.024784685314178878e-01
5.149814877722651563e-01
9.168785871078860561e-01
3.652709127890512164e-01
-5.421662913380392856e-02
-2.687489510526720471e-01
-4.325825579009471289e-01
-7.059654674313957656e-01
-6.757137006444091654e-01
-3.397283252845237356e-01
5.088323441800393088e-01
6.214250737865970597e-01
1.093993864857112808e+00
8.464206541680036056e-01
1.331380016120432330e+00
1.699070340342822005e+00
2.197849038179455317e+00
2.009628055321440510e+00
2.258266218780346168e+00
2.600035806749660949e+00
3.071682301663865911e+00
2.823214985253537979e+00
2.921957154730920880e+00
2.789489510156814234e+00
2.862953785626360492e+00
2.676786207095942949e+00
2.579376927648687534e+00
2.583109469048418649e+00
2.523098716083482351e+00
2.585919643468110873e+00
2.974418025201029270e+00
3.280567390223342095e+00
3.017036826841895447e+00
3.058741477977982903e+00
2.911897259452217668e+00
3.328605971304593236e+00
2.966409582999460781e+00
3.020438716989713779e+00
3.082863252743084814e+00
2.557587889885633459e+00
2.233982183439044977e+00
1.813217032026633868e+00
1.663648743505559580e+00
1.925957667370322035e+00
1.896972598367638874e+00
1.485622859616164693e+00
1.814252813476328718e+00
2.008120678274103454e+00
2.413950344780494195e+00
2.321557399754454742e+00
2.414526962279265554e+00
2.901658996179969474e+00
2.739384939924809359e+00
3.370403991541352173e+00
3.074127854456626618e+00
2.966415546825467153e+00
3.297600961092160610e+00
2.757698399785783572e+00
2.507743892897144722e+00
2.389202427268413143e+00
2.338122222184823684e+00
2.009478245991818568e+00
1.811293541919323680e+00
1.740664415328538217e+00
1.478558602421663259e+00
1.226937312189087637e+00
5.895714246266943181e-01
3.619652182034112653e-01
3.415322251538166487e-02
4.299313115551311459e-01
4.971537398851885170e-01
1.526239553089603351e-01
-3.207640392453149913e-01
-7.406597649300363795e-01
-6.672967009537656979e-01
-9.200787653190860560e-01
-9.003775615241509378e-01
-1.207159531843784217e+00
-1.331165466052360413e+00
-1.233131685240656861e+00
-8.430765424333814817e-01
-6.444511673238366711e-01
-8.382753396611797303e-02
-1.849516328978926816e-01
1.587777058076361714e-03
-9.740601022623777971e-02
-5.870912428887354872e-01
1.082675249277283980e-01
9.803619433881902157e-03
1.173855392776484152e-01
3.062943632200225696e-01
9.182576021570545977e-02
1.943001600204053991e-01
-1.215143261289470811e-01
-1.774117083444144705e-02
2.533475144721516470e-01
-4.016708959478126895e-02
7.093299311341267899e-01
1.671339785819477841e-01
4.361231313646316554e-01
6.984595813045104684e-01
2.734058769321340288e-01
4.723221849803178607e-01
5.511025021605274743e-01
4.003161355914202080e-01
7.324278743149019721e-01
1.398870871339896738e-02
3.030190621470708612e-01
7.694640255296790743e-01
7.327160709969785524e-01
6.829529504452933608e-01
1.117653215117535570e+00
1.081073781559375169e+00
9.668122333094126830e-01
1.537013144339946624e+00
1.540487085376463394e+00
1.757959974437510287e+00
6.281694502885077913e-01
6.449697735515380614e-01
7.435788491835489955e-01
6.044553168778136198e-01
3.453639725437947505e-01
-3.537662690199303017e-01
-9.516545585644664573e-01
-1.021243278248674891e+00
-1.031980513050230419e+00
-6.918234834364944685e-01
-8.350324730097291592e-01
-5.181693084409975114e-01
-3.844244609531681234e-01
-2.403284055996836865e-01
-3.461159279546881518e-01
-1.812209206247461790e-01
8.911897719203357160e-02
1.525650955568143563e-01
-3.931289214738418747e-01
-4.032739191364050901e-01
-5.111588554375906535e-01
-1.090494370061921292e-01
-8.301863335244727971e-01
-8.994396972603969642e-01
-6.441448059424721428e-01
-6.954546860555020915e-01
-6.679993277816744790e-01
-2.113365859824156701e-01
2.686035910247250302e-01
8.318542735348555262e-01
5.321835277068359682e-01
7.695494306735261025e-01
1.165486784045416613e+00
5.392410246711135668e-01
3.084914288252282866e-01
9.362439828139973441e-02
-1.185647643660266148e-01
3.204961427065154966e-01
6.628322148243215306e-02
-1.717397190908562243e-02
2.351279503395737047e-01
2.584472552848890436e-01
-1.577666634054077921e-01
-4.266965105723881102e-01
-4.275828861503072620e-02
2.386359964963379043e-02
2.518256602252595400e-01
2.102064840910894961e-01
4.026543823847075210e-01
1.200824425531066275e-01
4.747085165309155030e-01
3.764737395848478108e-01
6.539593719852976328e-01
5.037387510138137126e-01
5.666267007578212889e-01
7.721554866993376454e-01
4.920789070416975997e-01
2.414613573712816597e-01
2.831322900909328810e-01
3.711381538409708747e-01
-1.379307540405611543e-01
-4.422319808309004285e-01
-8.484449483846761009e-01
-4.281223371027431668e-01
-5.749474605506530445e-01
-2.641695223372437784e-01
3.943221035337035607e-02
-4.519869140884248959e-01
-4.572749121054366928e-01
-6.773860844493148070e-01
-5.962012676382759668e-01
-6.756775153231918685e-01
-6.925083461694465647e-01
-8.069530207091505369e-01
-1.191334829279102836e+00
-8.551375430194050331e-01
-9.460457367181472899e-01
-7.390676125828331555e-01
-2.662260694210216161e-01
-2.685579370605092331e-01
1.896529426442311594e-02
-2.218775314780291330e-01
-4.729072457795716056e-01
-1.082491356076430433e+00
-7.418881691735266237e-01
-5.620683643918860106e-01
-6.992178081603575013e-01
-4.469737408811557122e-01
-9.420581068423865556e-01
-1.114456915586216956e+00
-5.978021935081974103e-01
-6.269456866882183732e-01
-8.673589571395258213e-01
-6.537862124821628429e-01
-7.282397298512892636e-01
-7.227344109328327493e-01
-8.760306178028349766e-01
-5.829429743002659814e-01
-5.319333891500774847e-01
-5.845221684640955484e-02
-7.985771410428675610e-02
1.251177367616976288e-01
3.422257806875083075e-01
-1.892475395268411464e-02
5.588967996261389182e-01
4.191801723157857484e-01
3.572375725986720596e-01
1.611114617396170734e-01
7.881356826256596948e-03
-1.711176467653842403e-02
1.921423030541433707e-01
-6.366791931444687469e-02
2.591201862505899678e-01
8.723513836929885912e-01
5.352353284780262399e-01
8.660626174957233303e-01
1.172211428868988659e+00
1.190487448740184195e+00
3.897834788450564858e-01
2.358725960794849363e-01
1.238842380048254532e-01
-2.737858051855140418e-01
-1.656490282881750709e-01
4.715631301605746062e-01
2.786934316443235859e-01
7.965831716409854657e-03
2.559679180455208813e-01
6.508370916399608408e-01
2.480513113414971604e-01
3.350526824780203361e-01
1.136946660852798108e-01
1.863072912295511974e-01
2.574549036795502066e-01
-4.803437017442713231e-02
-3.941669025403132104e-02
1.816939643923976277e-01
5.476803127079585276e-02
1.659063607497927584e-01
9.960398815337426215e-02
3.229176003978596055e-01
4.126950041119750168e-01
2.946559197596516633e-01
1.671839280221728563e-01
-7.293476435732684227e-01
-8.294624914781162373e-01
-1.060826519807836155e+00
-1.317581924541251892e+00
-1.481543919412478427e+00
-1.202590546565326157e+00
-1.437842908006325526e+00
-1.030229858779653673e+00
-6.892040573195361564e-01
-1.120485218239618774e+00
-1.140700889207041380e+00
-8.319730016034396769e-01
-8.969766277390922582e-01
-1.457070368390099624e+00
-1.549524642286890685e+00
-1.295938361993540955e+00
-1.316016725828750067e+00
-7.053495349736818021e-01
-8.259536453003343270e-01
-9.393941606870239713e-01
-1.566527007356232293e+00
-1.928499322343915745e+00
-2.484799753608188055e+00
-2.280619216411782002e+00
-2.034190152426434306e+00
-2.299640894842739591e+00
-2.072530804622316758e+00
-2.185972372512492878e+00
-2.897795363093852661e+00
-2.916135250881570773e+00
-2.655791625793961330e+00
-2.677775366884530328e+00
-2.995891961870946307e+00
-2.587537937241218167e+00
-2.026135254822829523e+00
-2.202839604226712655e+00
-2.254014151250483877e+00
-2.386628381529527054e+00
-2.568699048105798077e+00
-1.803190562179628254e+00
-2.273530745896156002e+00
-2.747342183942736327e+00
-2.292137261034154161e+00
-2.258984242985488500e+00
-2.876550324997735331e+00
-3.026847876526009617e+00
-3.121230385881863967e+00
-3.735152044870992505e+00
-2.760129791185364390e+00
-2.754046694625600367e+00
-2.293755744729678803e+00
-2.579543377296397821e+00
-2.832807180405100489e+00
-2.809856509787084455e+00
-2.432062699341685175e+00
-2.560702678284164424e+00
-2.774910254803894638e+00
-3.042695069737007874e+00
-2.341810420199472720e+00
-2.481664494926671072e+00
-2.746580819572883581e+00
-3.262505847834279216e+00
-2.789998266368770796e+00
-2.854526058395744137e+00
-2.444598605626891352e+00
-2.590466296753040965e+00
-2.254246022228763913e+00
-2.199853555456228626e+00
-2.139574669024717490e+00
-2.291905761890671300e+00
-1.869351639934207832e+00
-1.655573983979443220e+00
-1.593736468032887155e+00
-1.028062039777024594e+00
-7.159962440072313861e-01
-9.268587973611059905e-01
-8.279069979566476833e-01
-8.209424302309210608e-01
-9.712902111046283204e-01
-9.937571711043641232e-01
-1.233250867441447518e+00
-8.271562746079449413e-01
-5.035586513175677181e-01
-4.556127794310416701e-01
-4.426634190176968464e-01
-9.101759949382608461e-01
-1.347213571456383763e+00
-8.537762787191286451e-01
-6.019138191902835278e-01
-2.489385488185603679e-01
-2.808618276953721571e-01
1.153016708679879265e-01
3.917967181244448871e-01
4.603806131146944702e-01
-3.248907979912396549e-02
5.367502527515874977e-01
6.897793006506138802e-01
1.214842888807791343e+00
5.332600600227425103e-01
3.239716447017975121e-01
5.879663737002331914e-01
2.238083485212903345e-01
