-2.911536487109264715e-01
2.962964961343860781e-01
2.765664855458436211e-01
3.998544988918589782e-02
-2.537554775403043361e-02
-5.939442959453411497e-02
-1.653217285623121702e-01
-8.127712233697553801e-01
-6.198783398691685154e-01
-8.623680028998913505e-01
-6.519826203431777767e-01
-7.031486459772102737e-01
-1.021593767164285627e+00
-1.007665836053508901e+00
-6.245004943371232908e-01
-6.976992256279286320e-01
-1.065543209477266551e+00
-1.595892718455521608e+00
-1.855061908175645202e+00
-2.121215314280552544e+00
-2.438885818261940841e+00
-2.458665322891101734e+00
-2.378596339704324159e+00
-2.688328686971404924e+00
-2.831817934580718177e+00
-2.651635955605947892e+00
-2.322757825423304556e+00
-2.278721748272507064e+00
-2.531062647065481563e+00
-2.175140827866663962e+00
-2.541370783000427291e+00
-2.957215886384000569e+00
-2.456073609368628397e+00
-2.281404180282753824e+00
-2.541293311526943377e+00
-2.923300278729664914e+00
-3.633714397044161437e+00
-3.699572015090760502e+00
-3.721091989495592944e+00
-3.446572868327982153e+00
-3.818307761488104912e+00
-3.695849342110159252e+00
-3.547266519185268585e+00
-3.230955538831206120e+00
-2.970588358434766540e+00
-3.112304720467742758e+00
-2.919667436181507814e+00
-3.092547420366219324e+00
-2.878264870408132392e+00
-3.098127833884933402e+00
-3.141651695982235815e+00
-2.691697145823518156e+00
-2.447170197733973929e+00
-2.504716962665536339e+00
-2.369483954597662478e+00
-2.355073187099590459e+00
-2.153815932930681853e+00
-2.598907786747138626e+00
-3.016119415317602748e+00
-2.944673901365541635e+00
-2.515247103551059737e+00
-2.823082142185950882e+00
-2.862138124964500818e+00
-2.857876591505159602e+00
-2.955200242635571239e+00
-3.168998106276358584e+00
-3.360080786566183253e+00
-3.315336948493575520e+00
-3.279970977628220208e+00
-3.145272475666659240e+00
-3.877935080680578572e+00
-4.762674515631884375e+00
-4.804607877361600998e+00
-4.327314402364009105e+00
-4.620903034267702658e+00
-4.702308285299469759e+00
-5.073603016229101037e+00
-5.407914961914493723e+00
-5.987244017406493590e+00
-6.024265177875156141e+00
-6.151071585034975975e+00
-5.778420439659905483e+00
-5.964915795782293806e+00
-6.230855243830889734e+00
-6.507565439794655404e+00
-6.635224001273105188e+00
-6.323500977694204828e+00
-6.070407449532801536e+00
-6.302824325105876646e+00
-6.754847594422438206e+00
-7.042307248028940592e+00
-7.275778303669683034e+00
-7.243546942978319692e+00
-7.365395895791444048e+00
-7.852846370998915582e+00
-7.568368893838279376e+00
-7.515369279730967911e+00
-7.047942910020555729e+00
-6.990729889712199885e+00
-7.174468470903573980e+00
-7.330525744122924792e+00
-7.671399212482487684e+00
-8.163522337524289796e+00
-8.390472335686226302e+00
-8.516488636975093840e+00
-8.981233499231713324e+00
-9.171405396956419764e+00
-9.098466501799251205e+00
-9.316669123881052172e+00
-8.712977635009602650e+00
-8.966041893225378701e+00
-8.702502357470486061e+00
-8.708759165384257983e+00
-7.944881666379570717e+00
-8.162726709865356867e+00
-8.057200598792512380e+00
-7.788058642632401884e+00
-7.818596007431330541e+00
-8.025920473870778338e+00
-7.639461223998303296e+00
-7.432796834893045990e+00
-7.212899716593779154e+00
-7.070755469971463647e+00
-6.752849102985698515e+00
-6.834921481863413639e+00
-6.661598510992302380e+00
-6.426667524611324289e+00
-6.207874319279067521e+00
-6.347059225892770939e+00
-6.549490742528974785e+00
-6.611027452263591897e+00
-6.769106514048573331e+00
-6.581841697152511550e+00
-6.593513195044524267e+00
-6.576659251034834952e+00
-7.019060236768114081e+00
-6.902568809515004844e+00
-7.106440367092510257e+00
-7.516942795068084493e+00
-7.512138634327445885e+00
-7.406971923597891916e+00
-7.870752324347273898e+00
-7.963509013279527871e+00
-8.551158831617090783e+00
-8.687408609442121232e+00
-8.984611021644887785e+00
-8.985982285308720563e+00
-9.234134279404290879e+00
-9.521278873907323970e+00
-9.965748025988130365e+00
-9.967680523617371335e+00
-9.993109266975540805e+00
-1.042288021568134226e+01
-1.067160568381323316e+01
-1.104856623176365993e+01
-1.200694331916845137e+01
-1.205460912284323349e+01
-1.150915433317777037e+01
-1.109648627312290259e+01
-1.113831321490407156e+01
-1.108387011887322871e+01
-1.134402207354855641e+01
-1.155463813652592897e+01
-1.142590684122357558e+01
-1.102856280900119756e+01
-1.048561195413330438e+01
-1.089414225074059672e+01
-1.076464586500610565e+01
-1.083895528075630565e+01
-1.128954069541487470e+01
-1.133632620913712152e+01
-1.132007151120784272e+01
-1.071485888098363048e+01
-1.119986231068487115e+01
-1.196743626701034025e+01
-1.194891157176437524e+01
-1.145048131964139948e+01
-1.157198686585898706e+01
-1.111585562264601990e+01
-1.105597201384404649e+01
-1.118931179745461080e+01
-1.078364727760216724e+01
-1.062021290476550739e+01
-1.061457400831470999e+01
-1.080878886416259732e+01
-1.077321664217063635e+01
-1.097525519951696005e+01
-1.130762117151887303e+01
-1.168774480687659612e+01
-1.185936164635394974e+01
-1.147595655462416531e+01
-1.163732879235740647e+01
-1.161506292394976647e+01
-1.146836827352604615e+01
-1.128883798414461914e+01
-1.146770528449320459e+01
-1.146034922790155264e+01
-1.156870528032994727e+01
-1.202732131414709826e+01
-1.267825229693444555e+01
-1.312505477647669494e+01
