5.952119438099224169e+00
4.468145510333118686e+00
5.325316886876993117e+00
5.415280797468157381e+00
5.963678976294261247e+00
5.708655249701312329e+00
7.269759927673549171e+00
6.818188973647667517e+00
5.942465644858449636e+00
6.374429526106240473e+00
6.738509742086927545e+00
5.191790217175952904e+00
6.414431412091064821e+00
5.787515306120514680e+00
6.053914388169626903e+00
5.480615761916287632e+00
5.898549201794878627e+00
5.345375008452442067e+00
5.697595149142478554e+00
4.050608069464282757e+00
5.915358226538550923e+00
6.694086154686536005e+00
6.474418350728193161e+00
6.265147608830375248e+00
5.506438899952621924e+00
7.706003915826765471e+00
7.146420717477271367e+00
7.246419255638060442e+00
7.215373492065646488e+00
9.120409491246341815e+00
8.503224319058059422e+00
7.745044730966977653e+00
5.996970747977955263e+00
5.378306846233833483e+00
6.701106570054520262e+00
6.279247999269593095e+00
6.593250042821068746e+00
5.788385553234758341e+00
6.934989870848900395e+00
5.368123036105783896e+00
7.884693408102437573e+00
6.594891669682412250e+00
6.676597044826038108e+00
6.719620938933170251e+00
6.923417507336076859e+00
6.133705923634022561e+00
7.619844586686496335e+00
6.255786864018435089e+00
6.978452870829727317e+00
6.589495593854715949e+00
7.224998720954445730e+00
8.505657603941532585e+00
8.068398787283207696e+00
6.815168343991619082e+00
8.384081925144492686e+00
8.214866542242504011e+00
7.077383605858898363e+00
7.925111172821293515e+00
8.391140323481755203e+00
8.350369220756668653e+00
9.056701938457017320e+00
7.885793746678579907e+00
8.268646601728203649e+00
8.919175352093207110e+00
9.263624172012548286e+00
7.701954836620159561e+00
8.391768730221235373e+00
7.208199711661155362e+00
8.079266364467651229e+00
7.628193424068172135e+00
7.931669611941122966e+00
1.013278532063651305e+01
8.022052923901000554e+00
7.818791651296598033e+00
8.272275177070770980e+00
8.192756544977802591e+00
8.836851866500117225e+00
6.999397621880289577e+00
8.218609004249266548e+00
8.681669131728590116e+00
8.571832723251764818e+00
8.421079565892220842e+00
7.810418991849147119e+00
9.779720876968049481e+00
7.663230936018917028e+00
8.429049856086848536e+00
8.885918544608376379e+00
9.182345210808591673e+00
8.898010145243045343e+00
8.033136812956506390e+00
1.011216269168601656e+01
9.767169222849247490e+00
8.476547570333256232e+00
9.303540386030821452e+00
8.696056147106006051e+00
9.388686734861055427e+00
8.738973874292721433e+00
8.893076576842279479e+00
9.283110702058291253e+00
7.944891422383475010e+00
9.345783738449144451e+00
9.293420887143808429e+00
9.604495909373339302e+00
8.168647793007606239e+00
1.096849883465892006e+01
1.116466533936081618e+01
1.052645247854631450e+01
8.047553925268282171e+00
9.200953829238782689e+00
1.092050338365474538e+01
1.035597634458799376e+01
9.930073893547366026e+00
1.018646584239513331e+01
9.886263204872751231e+00
9.776621116239184062e+00
1.118709994411684860e+01
1.144222178326259254e+01
9.558981365970284472e+00
1.234348787718134588e+01
1.078887473094777327e+01
1.075259671702798414e+01
1.136151521421192001e+01
1.031761359358175945e+01
1.024708594443508858e+01
1.077959079454106117e+01
8.988873968912603374e+00
8.039923644439168626e+00
1.086942277804384283e+01
1.078294045113791100e+01
1.041207209042998194e+01
9.897372064245011813e+00
9.542732698038815187e+00
9.713765233256459908e+00
9.195876769278804375e+00
8.985026880011835360e+00
1.024719395643587028e+01
8.083086346895559160e+00
9.011624623305749537e+00
9.289278678216195573e+00
9.682218478083278512e+00
7.222535372516320606e+00
9.136088634426053900e+00
8.785975167829109367e+00
8.353286939818882928e+00
9.256338380143711575e+00
9.238985353017090674e+00
1.050635741075787166e+01
9.944060981658783049e+00
1.035535162048730307e+01
9.426040920329249673e+00
9.838922407229887312e+00
9.534826050838017153e+00
9.682356109279005807e+00
9.329986234812107426e+00
8.861362429273487606e+00
9.655422923951293868e+00
1.075749989072687995e+01
9.869226371880724713e+00
1.047623166472807554e+01
1.010049204394143274e+01
1.074523667365207658e+01
9.031807931497954911e+00
9.377310484019417913e+00
9.821296738333902709e+00
9.805002041293569448e+00
1.042000158798224874e+01
9.928059356992822160e+00
9.424744097593448444e+00
9.456886277399240370e+00
1.053106040986342506e+01
1.229263636494123446e+01
1.161567890303711437e+01
1.304173060951909946e+01
1.202757987035665366e+01
1.147681120270897459e+01
1.149462800360164394e+01
1.200972052666633516e+01
1.340795075994304675e+01
1.196063808799755535e+01
1.222023090499642350e+01
1.186114691242646657e+01
9.848537936751514010e+00
1.234696827879457715e+01
1.096483469660653043e+01
1.047738523142886713e+01
1.028737429423489402e+01
1.098740915979391630e+01
1.075320612815223953e+01
1.050306086253239002e+01
9.905942961657677515e+00
9.904543008273952509e+00
1.017697088162875119e+01
1.000363585281329293e+01
9.826077713323222440e+00
1.092154994804044499e+01
1.024656061000317919e+01
9.411210759297674144e+00
8.656567554701011247e+00
1.002846234752768595e+01
9.779816933675197888e+00
1.196861350524256906e+01
1.072240081082448881e+01
1.017160010930570024e+01
1.000432058964624815e+01
8.327136083094483610e+00
1.066915375073164896e+01
9.290789589165822093e+00
1.123348516038019085e+01
1.050264463791326364e+01
1.011063741088963752e+01
1.024876260237359915e+01
1.085675651782776718e+01
9.898119075861917082e+00
9.989021274394222161e+00
1.044999815423119927e+01
9.643493822460818876e+00
8.984756222369842504e+00
8.774387090807413969e+00
9.615723569192020648e+00
9.228452008470501511e+00
8.444540479846045500e+00
8.250460620348862406e+00
7.981610106955433714e+00
6.858524117355585759e+00
6.680380116472943719e+00
6.941179146878230455e+00
6.671173212993408264e+00
6.891761073842826768e+00
6.925602966388334281e+00
7.168972507950176265e+00
8.280705348259623122e+00
7.455699659005130542e+00
6.703271122963434969e+00
7.391231177877940262e+00
6.775294071374278637e+00
7.553486836469518906e+00
6.306399056607633113e+00
8.163152499581819654e+00
7.095949835441355269e+00
6.089009545352926267e+00
5.657863342965926634e+00
6.281380860987831660e+00
6.868804179727488801e+00
6.524503967739640586e+00
6.337483582088282219e+00
6.311492708316773559e+00
6.043977454864117860e+00
7.470614944024700499e+00
7.341617880501884130e+00
6.401791174552158736e+00
7.075605749152702018e+00
7.687817617000215265e+00
-1.752551742867171303e+00
-3.023159915056014224e+00
-2.255775706786309787e+00
-2.039009988010763053e+00
-3.139317768878269632e+00
-1.017975567048529761e+00
-1.674236210220438004e+00
-2.324431509067509172e+00
-1.295224984283499303e+00
-2.851161568948313185e+00
-1.446895217048177251e+00
-2.144925245186959817e+00
-1.646083590471070668e+00
-2.628859399812181863e+00
-3.540688701758084811e+00
-3.690789461965062301e+00
-3.661255461771659725e+00
-3.159946766640574722e+00
-3.326339476183408195e+00
-4.755415304730504999e+00
-2.602608683091675701e+00
-4.699750322198389618e+00
-4.422579624643048213e+00
-3.209163303892554442e+00
-3.853300487722146173e+00
-5.085130059745791797e+00
-3.498282447522281569e+00
-3.923474587034502470e+00
-3.906929494764276534e+00
-3.312375080730656229e+00
-3.834513694160392117e+00
-2.682018735849521107e+00
-2.900882197307683708e+00
-2.984865498195667044e+00
-4.344280981360412852e+00
-3.280931623864169921e+00
-1.797699709252446487e+00
-1.274680706936415220e+00
-2.939838257800409860e+00
-1.526963676894043331e+00
-1.628753985329887577e+00
-3.498609542795810157e+00
-7.705698706649162233e-01
-3.196491217396332463e+00
-1.627641627340566277e+00
-1.782741349236890649e+00
-8.607418178414327770e-02
-2.069355995353867606e+00
3.709686601495869596e-01
-2.889317177609225240e-01
-1.177577270767897311e+00
-1.858073256657639671e+00
-1.845501363232555647e+00
-1.774435737971729043e+00
-1.578186868110234453e+00
-6.207283612290392938e-01
-1.693696968184991825e+00
-5.314086527945658389e-01
1.461130392457841154e-01
2.254716076306628736e-01
9.233118100048001153e-01
1.034386869763062933e+00
1.664395840674291804e+00
1.250965279355228610e+00
1.136735359937963707e+00
-3.802267073727065849e-01
3.129020317697071008e-01
5.772600878297673432e-02
1.478512112703763037e+00
8.097715314576809931e-01
1.686169900720623893e+00
-9.279956758672343042e-01
9.156999831060703698e-01
-8.453784639713841642e-01
7.861828208603602874e-01
-6.630190353665375014e-01
1.414291965503886139e+00
-5.598291254205385314e-01
2.166456763501516392e-01
-1.753068331403486724e-01
8.389054670574314088e-01
-4.207740595898048497e-01
8.982048629384964400e-01
-1.737382379008561628e+00
1.254056884212134015e+00
1.569573053875106261e+00
1.452173488229713705e+00
6.421018953734431989e-01
1.175938416518937935e+00
8.183884632223143996e-01
-1.091039151799746421e-01
8.753724623674052907e-01
-1.031236220925926261e-01
7.909706268100258342e-02
-5.584411722233637576e-01
1.240642438752098009e+00
1.032497504202426697e+00
2.521318086910140366e-01
1.305161061820170332e+00
3.188332398737800943e-01
-1.825408867866628704e+00
1.334916598849056335e+00
1.684921010195473912e+00
1.526914889943535414e+00
-5.978346802766676404e-02
2.071992597051008467e+00
5.913361419973908184e-01
-4.878424719076157601e-01
-6.634721739746813896e-01
-1.404123836754189725e-01
9.291062252993862458e-01
-9.627010870995871272e-01
1.875053110503399623e-01
1.127444023862089750e+00
1.031731893775876596e+00
4.519035287044159688e-01
1.819876803788371689e-01
1.978583414685147090e+00
1.428288031337466180e+00
1.069362916590297807e+00
6.858036365328299411e-01
4.102668545939804901e-01
-5.329627625504684829e-02
6.651928498511203713e-01
1.756847927998069103e+00
6.982688364998885788e-01
1.024420170353685933e+00
1.493073434093310503e+00
-8.114814233148059941e-02
2.411076828488578627e-01
1.176572834896454367e+00
1.744109600340071786e+00
1.346894291505292607e+00
3.401682217798634777e+00
1.664596242652397251e+00
5.938210372785688307e-01
1.460225834363578556e+00
1.551206995126880095e+00
2.185855375657425270e+00
2.467001621202583372e+00
2.306784794091013779e+00
2.972139127958485894e+00
1.915923274730263692e+00
2.951189267876511479e+00
2.220590172670072526e+00
3.510519893383112766e+00
3.783921493179097872e+00
3.283894205260098786e+00
3.775290483073415082e+00
1.909292299434274476e+00
2.310706470392347001e+00
3.430828935450976225e+00
2.260403468960819673e+00
2.632205984092524709e+00
4.627064423131936444e+00
3.083377614279306123e+00
2.990462152773170068e+00
2.224918898941347756e+00
3.408085959062583825e+00
2.781557842704201811e+00
3.926971857672433952e+00
2.832986765369510884e+00
5.224985692588155928e+00
2.901901242804616921e+00
2.996805566836464152e+00
4.116076419215485060e+00
3.112336126533599590e+00
3.926743058206605852e+00
3.858311631335949343e+00
2.113200794718919084e+00
5.417538761631356614e+00
5.249723274231122616e+00
5.352095622999732960e+00
6.727387022891902824e+00
6.088393269232786231e+00
6.638512540798496175e+00
7.272795328322687602e+00
5.592553953960359259e+00
5.775410646685640970e+00
5.647548743840737018e+00
5.066490511138936448e+00
4.803029805671702235e+00
7.217049606757590219e+00
6.891751075654500625e+00
5.917230272606786023e+00
4.890597256241058233e+00
7.200550383774974250e+00
5.728512642291114787e+00
6.809252096348938466e+00
6.748318684853988003e+00
6.452748525955540160e+00
6.714895237679637141e+00
6.387240290859006464e+00
5.427992047899632411e+00
6.326373068016466483e+00
6.136490729879332306e+00
6.605218824434420988e+00
6.358138253512063187e+00
6.365440269400012951e+00
6.016564887945775375e+00
5.656385843319441165e+00
6.999850085068939798e+00
7.183877190296952264e+00
6.174888325059129990e+00
7.094831537977059455e+00
7.094226942463111030e+00
7.436893119649518269e+00
5.540640156085610002e+00
7.218264495775314593e+00
6.150633620384190259e+00
6.890855422083316917e+00
7.370849916849658179e+00
6.937698007186780202e+00
6.573563334278194503e+00
7.196871388034120187e+00
7.599086873359817140e+00
6.330256834593992465e+00
6.904275375493228672e+00
4.117851185499685762e+00
5.594169701023271379e+00
6.066950759671311921e+00
4.942620144428880202e+00
4.736762568051043232e+00
3.438871642602626011e+00
6.277888375614161909e+00
4.581677984858614217e+00
5.996403308072650873e+00
5.780763463207575725e+00
3.850252403390078904e+00
4.000132225649806195e+00
3.874619615870850353e+00
4.150423793924626459e+00
1.798169931658230247e+00
3.967603596126465071e+00
4.815403530881371630e+00
4.166844315042098401e+00
5.362198485768177925e+00
4.226302257894847259e+00
4.910188259369884456e+00
4.684588510062228650e+00
4.520639546679673160e+00
4.968393361322236856e+00
3.959265278356032702e+00
3.469633181088222607e+00
5.012149958823560070e+00
5.111294349708103368e+00
4.566950304601208543e+00
3.463180763911122284e+00
4.347263975095207122e+00
