5.770399492845379452e-01
6.378945757630617441e-01
5.562653444791740842e-01
5.333641388613115097e-01
1.028322535415229666e+00
7.965926584357339024e-01
8.022785596081666304e-01
8.272668436402524916e-01
2.988411847536857069e-01
7.424345331697795869e-01
9.010115896223838128e-01
7.989741136043165826e-01
7.683347324116794885e-01
7.113128847121044096e-01
3.321229760590189706e-01
2.584125813117800208e-01
6.411951664793780203e-01
6.126456776393272019e-01
5.084849522403177557e-01
8.106999916391758321e-01
1.193846828281935002e+00
8.662766627112731266e-01
1.164511352012735701e+00
1.569530051719468577e+00
2.431257678900554886e+00
2.251213146970322931e+00
2.269515610774437864e+00
2.474980099602593242e+00
2.787549886573321700e+00
2.516520292733505748e+00
2.280245336579577842e+00
1.810325346744392494e+00
1.648081894230735145e+00
1.552688961096370335e+00
1.503566843548449494e+00
1.558687689506585317e+00
1.154350153699246651e+00
1.358011049131273795e+00
1.427358363455038193e+00
1.039160577718553080e+00
1.144183982145914324e+00
1.143544798046027156e+00
1.193663151254647836e+00
9.322945679926957219e-01
1.791998298848395343e+00
1.816558739187817961e+00
1.775652502776384978e+00
1.130439613515588526e+00
1.298524245531171406e+00
1.697276097821759588e+00
1.778202024905627621e+00
2.934466613987490646e+00
3.048047117650291682e+00
2.674232633988645969e+00
2.996647772930415510e+00
3.245269586891432745e+00
2.973171799963294504e+00
2.873000473583073422e+00
2.835861283515905829e+00
2.601488887028192032e+00
3.017835330533705118e+00
3.226802031603605680e+00
3.520326175197801888e+00
3.305292339288485426e+00
2.890623620502112523e+00
2.615182942541379951e+00
2.748860806386581146e+00
2.587474908477596980e+00
2.644612364265058968e+00
2.903183693378344810e+00
2.956802878445814020e+00
3.177333960802354529e+00
3.053065185488747169e+00
3.077397080259387074e+00
3.202190930813722858e+00
3.021799519731370953e+00
3.068091360096811826e+00
2.921463965886549108e+00
2.929073209284536627e+00
3.110866323989008642e+00
3.247931430824247734e+00
3.303102975813290154e+00
3.428566038478244593e+00
3.814278038470883203e+00
3.767845816215492860e+00
3.981922141099575541e+00
3.868027266985063051e+00
4.171373382263445784e+00
4.195735649960414371e+00
4.089443582031365487e+00
4.480515090200433370e+00
4.542766624856448665e+00
4.484009572945825362e+00
4.329236315843514760e+00
4.032141683857553005e+00
3.965243153135195264e+00
3.989750536348639187e+00
3.919887805393091451e+00
4.148917617563677496e+00
3.704600163217931730e+00
3.996804479672357413e+00
4.298232046883804891e+00
4.503480578128593592e+00
4.281047183998756722e+00
4.866800449773670323e+00
4.614343920944098620e+00
5.167759187837393853e+00
4.930150297641230139e+00
4.965372680786551030e+00
5.218715542096468596e+00
4.955486900637661840e+00
5.349369865230110932e+00
5.759513973480072657e+00
5.710648017746046357e+00
5.305435122091118672e+00
5.746141141815107822e+00
5.631734166910578487e+00
5.645433889901243951e+00
6.034036905254510863e+00
6.234104765660665848e+00
6.031395575723167646e+00
5.491937408842672674e+00
5.437964435662481222e+00
5.371211482335651155e+00
5.187184685383642524e+00
4.602800001187059564e+00
4.540816974028967223e+00
5.016859639843314511e+00
5.019993433086116674e+00
4.574612935933608071e+00
4.886072003075321746e+00
4.976114162671053442e+00
4.519134700985302899e+00
4.735584043067158966e+00
4.728053111997129854e+00
4.725941648596729827e+00
3.854213470002870956e+00
4.235180635881456546e+00
4.365364822718831306e+00
3.849332792199545050e+00
4.047597462668805157e+00
3.817643244928686119e+00
3.673124935207017216e+00
3.586296517910841697e+00
4.004436404948827466e+00
4.170512127709832484e+00
4.330594924439425064e+00
5.073069601266519513e+00
4.897263401818867656e+00
5.204661098040030964e+00
4.882186686664621966e+00
4.821214040723410754e+00
4.763148836426762678e+00
4.280489800090190755e+00
4.324405651600206291e+00
4.725250709198057564e+00
5.059984879873584696e+00
5.337237223575862721e+00
5.140586826870496395e+00
4.590522300030532854e+00
4.250585222370544258e+00
3.978813488088862371e+00
4.362056949581864629e+00
4.672010882804957355e+00
4.961757608304001366e+00
5.031595857396704119e+00
4.822145622266957865e+00
4.451213137978795586e+00
4.759469541342299159e+00
5.989542789967299719e+00
6.673309470450961456e+00
6.668313783920577720e+00
6.650086568636067064e+00
6.758544723817967892e+00
6.631624158035131167e+00
6.625029192381179932e+00
6.709444159235247618e+00
7.216633028048795140e+00
7.543807559758712422e+00
7.053495117787300650e+00
6.828533973284089065e+00
6.066358638665378500e+00
5.767773584774944950e+00
5.967012567428601422e+00
5.913848511674490993e+00
5.938592981171537666e+00
5.848447841071375386e+00
5.817045998924260886e+00
5.287185264937145135e+00
5.594321054437262575e+00
5.470512072283919558e+00
5.421404522372691659e+00
5.217792277830303860e+00
5.193618679406266203e+00
5.606420047716786037e+00
5.356224043649446820e+00
5.597384381035846346e+00
5.349218078868150705e+00
5.238007158510513683e+00
5.048674965749903265e+00
5.375374165332313048e+00
5.443375564926276056e+00
5.176609010451384663e+00
4.755568403276207334e+00
4.953197844816252804e+00
4.883640320016356284e+00
5.131571727367898461e+00
5.486697104014703896e+00
5.270267817818596434e+00
5.154149905964692024e+00
5.227620929246127091e+00
4.948235309539799509e+00
4.784512185063678480e+00
4.483131442610310380e+00
4.409047854848097359e+00
4.035103530543440620e+00
3.928937994066238559e+00
3.427586476751258271e+00
3.662150313251457234e+00
3.987693148111182140e+00
3.410285107895714152e+00
3.790987460982823798e+00
3.236097131535231597e+00
2.842803703381819869e+00
2.251032347020323954e+00
2.457876717365912178e+00
2.321536098297181105e+00
2.676490528358016263e+00
2.922965117549729985e+00
2.959700362750742553e+00
2.958175930016806010e+00
2.398914723494579793e+00
2.813165148631799006e+00
2.130973487530974708e+00
2.191720096808437823e+00
2.234136420750501006e+00
2.373014340911884901e+00
2.478050027178461789e+00
1.758426406984484380e+00
1.400120493792527787e+00
8.242972385869457019e-01
1.153454232214178532e+00
1.338812119971341419e+00
1.169384631162776467e+00
1.072888594832754006e+00
1.365855324671197080e+00
1.474493538271308468e+00
1.866943926845039847e+00
2.190716745665681753e+00
2.343039082625077096e+00
2.567778679018363430e+00
3.213948351688630467e+00
3.125576013771058204e+00
2.850990261767805567e+00
2.676263985059032624e+00
3.184160223302996862e+00
3.274982706840175339e+00
3.061634731892700856e+00
3.470937615169822799e+00
3.332920053430199037e+00
2.727326119177448938e+00
2.646167274406612702e+00
2.717221812686131166e+00
2.564383703832552097e+00
2.497413938928338961e+00
2.233974443864040538e+00
1.733033615730616539e+00
1.044743044549197641e+00
1.005783376537025431e+00
1.266399464807616226e+00
1.242989124531067580e+00
1.134482641816263682e+00
1.466967904796682376e+00
8.572967505956476941e-01
7.512955748659144728e-01
7.910537716617426218e-01
6.600796139544857777e-01
6.510339608484531082e-01
5.057854321311183732e-01
6.730986274672361436e-01
1.141634622157679857e+00
1.198130402549691942e+00
1.398697837355232121e+00
1.226390801176984180e+00
1.903845172066000568e+00
1.581463788225527578e+00
1.906087645581598711e+00
2.180188704005820988e+00
1.975816616887580368e+00
2.375502982719155831e+00
2.110395900391035529e+00
2.317151384407247772e+00
2.260301704262539957e+00
2.325186633046918416e+00
2.805470879950711982e+00
2.858439076904157883e+00
3.655225897831254844e+00
3.324530210364782690e+00
3.589027326388749550e+00
3.873690882296529914e+00
4.041772086093242677e+00
3.827543034362602903e+00
2.990529851411744211e+00
3.321253181477591188e+00
3.345676177561808906e+00
3.275136521639505194e+00
3.575773850381839036e+00
4.094140523943897492e+00
4.621841239355083175e+00
4.965827162142395501e+00
4.929294015350635938e+00
5.057590000786492013e+00
5.211901915632229709e+00
5.392865473283957378e+00
5.655023971687743511e+00
5.383789117027909299e+00
5.750174498415334234e+00
5.472073624627526556e+00
5.309640232494340140e+00
5.588337647467081837e+00
5.781461955810214270e+00
6.247744074474124609e+00
6.002135902624069708e+00
5.346867005680514318e+00
5.311576169516936119e+00
5.111436422421038017e+00
5.520602943937909401e+00
5.351597982078563298e+00
5.471095722112964133e+00
5.144915701961780385e+00
5.399347224411474855e+00
5.280604719690051851e+00
5.034573484599867754e+00
4.943448158773326995e+00
4.907037724309541993e+00
4.969182791635581076e+00
5.096577015277615530e+00
5.836729379175873866e+00
5.857724322497910308e+00
5.665330563520899254e+00
5.748613718756987900e+00
5.882560950896315255e+00
5.788058672716302588e+00
5.395139892238534074e+00
6.023980949273617824e+00
5.855546679317525260e+00
5.613866697766018987e+00
5.735467144274895901e+00
5.691960241437931778e+00
5.508450478663343475e+00
5.549525847806896728e+00
5.624212387731261309e+00
5.525159179629018702e+00
5.329287917590879609e+00
5.455571867464075630e+00
5.629139403432364297e+00
5.484557973245629547e+00
5.631447868943084245e+00
5.122889100579909538e+00
5.067685882865438529e+00
5.017573010784408538e+00
4.990324230894580992e+00
4.769717434608303996e+00
4.690059729145160006e+00
4.820809137898192098e+00
4.414443021130036726e+00
4.321437614142500827e+00
4.569003060391079174e+00
5.363236811278200733e+00
6.259589821327685044e+00
6.250861059299026579e+00
6.120196466130782831e+00
5.825600125951062580e+00
5.523430508561856911e+00
5.512304463913854313e+00
5.783949711189056764e+00
5.937768228285132288e+00
5.846082744314484714e+00
5.874938411550686190e+00
6.257126889546304582e+00
6.085511863626025253e+00
6.482214243764826023e+00
6.490508484694834657e+00
6.424070134980891744e+00
6.825523710817537726e+00
7.273761012124490222e+00
7.129454532100701236e+00
7.356530530202958218e+00
7.733096961212885923e+00
7.748512222344156264e+00
7.653369513447666250e+00
7.558647422847224462e+00
7.569031887046938856e+00
7.931728486895220698e+00
8.188096393650100779e+00
8.448039109307382333e+00
8.414778354629939727e+00
8.345547826658748392e+00
8.206084483993056011e+00
8.117635842555019465e+00
7.855975734685745060e+00
7.688392134722567661e+00
7.922937615432289249e+00
8.266078128190677887e+00
7.800886418172204628e+00
7.780523041411005813e+00
8.481051711196220921e+00
7.815287258178504004e+00
8.226179362155150443e+00
8.042970239388736786e+00
8.027030276890650740e+00
7.909196108176794304e+00
7.864529464182364649e+00
8.326790388615153304e+00
8.216137645475834361e+00
8.694554899776875345e+00
8.641838741649060296e+00
8.356180580905268940e+00
8.508125244520538644e+00
8.311852672856792523e+00
8.676798972933621457e+00
9.198262573867804548e+00
9.890508243592236681e+00
1.023502280170453105e+01
1.057641883686728512e+01
1.073745028408194813e+01
1.083689692959440265e+01
1.103866066207003627e+01
1.092178813935657367e+01
1.076178899203108408e+01
1.081250022465742511e+01
1.125463132581199766e+01
1.056156756611728831e+01
1.032844224293231683e+01
1.114438763725512516e+01
1.125436119972763471e+01
1.092481737719633195e+01
1.106892651842878905e+01
1.138860158304968628e+01
1.108957001053189551e+01
1.106196654497317589e+01
1.131163138931785461e+01
1.163742861475803281e+01
1.150134641849832384e+01
1.151392030793577170e+01
1.173773056555494776e+01
1.168645431395484557e+01
1.165141889396369024e+01
1.158989579007133841e+01
1.192079664900387748e+01
1.198557492788587631e+01
1.130778469768686101e+01
1.110343273106034268e+01
1.115565721418117739e+01
1.216779743868750963e+01
1.222323357334906824e+01
1.178782966498356188e+01
1.140690248216739455e+01
1.126234172160363478e+01
1.173494622252335517e+01
1.159430254607603139e+01
1.165346902572741783e+01
1.174487156718640257e+01
1.181253732587071070e+01
1.160016443425808319e+01
1.188859732852022510e+01
1.202880183596530905e+01
1.186687862789004022e+01
1.101170281737268830e+01
1.112433948539678497e+01
1.082691543649981369e+01
1.099421039490420782e+01
1.033729159898765282e+01
1.034070886859248795e+01
1.049542747415926947e+01
9.961165609441277269e+00
9.650670438230969594e+00
1.009162778782640935e+01
9.848511466156946170e+00
9.932211546466973573e+00
9.126388691224107674e+00
9.172488644124863200e+00
8.873129236411521958e+00
8.838062427120418008e+00
8.662239612565484137e+00
8.759674902886223080e+00
1.022500291004424433e+01
9.531332533631077908e+00
9.618060865905574630e+00
9.828508394545387716e+00
9.720026621492440455e+00
9.818571211098429785e+00
1.019908708715135504e+01
9.935529805825405347e+00
9.626648583542580795e+00
9.572640120058270696e+00
9.967047241971179972e+00
9.730465713700970909e+00
1.001537934555125808e+01
9.703513524527579648e+00
9.927046960517291296e+00
