3.276817742660540045e+00
4.171842046805164017e+00
5.223872603156141103e+00
4.437402942841599973e+00
5.232315971132012855e+00
4.273491762595174492e+00
5.529177123800633531e+00
5.827580881452138151e+00
4.047349945033047014e+00
4.824509418702427332e+00
5.608465904721905204e+00
4.594328867845526965e+00
5.585348966989536201e+00
4.739613460664089395e+00
4.983079971570155919e+00
3.778327830323620518e+00
3.656106078003501736e+00
5.103026813760727975e+00
4.723685481812546882e+00
6.783595246120828648e+00
5.573738600591192416e+00
5.691519655845356240e+00
6.564988915471552389e+00
5.264371037659517860e+00
4.945002276207075553e+00
5.945151919586090017e+00
5.939542391029616120e+00
4.782961602461237582e+00
6.270122966996838798e+00
4.400673429446824159e+00
5.188972868555412177e+00
6.443357346392878604e+00
6.033809800283834512e+00
7.126580147104369267e+00
5.428034907113587160e+00
6.381125371851950945e+00
6.068635424066252781e+00
7.056802596908099190e+00
6.375016707379243641e+00
7.487113666704899195e+00
5.375096104518169327e+00
4.771196488739562369e+00
4.609078691694186602e+00
5.271008452208072015e+00
6.425600359333045297e+00
5.623072974419589976e+00
6.331495179616603686e+00
3.691037369280496083e+00
5.310265486481728026e+00
5.185571299284285729e+00
4.846263561647277562e+00
4.360733057162537563e+00
3.879287520062869810e+00
3.063175138316722279e+00
3.329568205533712799e+00
4.047617451950920042e+00
2.476752396202174911e+00
3.968130814000900397e+00
3.562763483754963545e+00
2.525974405664188183e+00
3.523452437679889471e+00
2.705057579155844660e+00
3.051169019548146899e+00
2.196600108418363728e+00
1.746367786769653208e+00
1.916457809029860293e+00
3.257996855807069991e+00
1.193922845716927306e+00
1.606482217270711388e+00
1.020735141567612914e+00
3.698039594280822406e+00
2.722920114327600949e+00
2.405763743824217205e+00
2.500747637523528688e+00
1.156801011625912867e+00
3.291755112411653528e+00
2.399778001590691989e+00
2.846375654787776099e+00
1.261489320091769617e+00
3.302332415774460017e+00
1.401417577733881537e+00
1.490089742977988685e+00
3.054182734544160560e+00
2.193214915738938231e+00
1.322859842351202353e+00
2.222392067720116771e+00
2.674222078484490783e+00
1.465543216942299054e+00
2.255386931702934028e+00
1.843207716579306599e+00
2.266935542808941051e+00
3.015303977955900550e+00
1.236608629554829086e+00
2.849125341580542425e+00
1.762127825611072396e+00
1.280215799311834601e+00
1.036359905557053374e+00
2.421779070335437822e+00
2.094732827433466227e+00
3.366613614936794008e+00
3.544205847922632380e+00
3.637844301333180930e+00
1.950732069860837470e+00
1.492256372146354870e+00
2.459770478363374480e+00
5.269689011743724727e+00
4.305477148747107741e+00
3.596886829063629776e+00
3.116129509562880706e+00
3.147825636856549369e+00
4.069387227932312001e+00
3.878105590605565034e+00
3.881995097699098896e+00
4.176008905593457499e+00
3.817797542286513579e+00
4.387014501462045857e+00
4.375669266660169754e+00
5.837141314248402324e+00
5.608193346090661002e+00
6.275187099191462892e+00
4.284718817627036991e+00
5.832906802491729437e+00
4.645358429202500083e+00
5.318672935402897650e+00
4.110273181618646632e+00
4.936939450607971125e+00
4.487790544593462272e+00
5.337229042565899917e+00
4.564231349781869618e+00
4.366190847757726701e+00
4.697452554205801434e+00
4.349476501280198804e+00
4.415155089661435106e+00
6.141995698332804565e+00
3.804611682202601930e+00
5.673451192356524508e+00
5.305213132347529559e+00
6.138893532377953655e+00
7.113731928900006274e+00
6.051830501899280179e+00
5.499529279564248974e+00
6.242803326532298414e+00
6.510641786382011631e+00
7.890985062082958024e+00
6.589612146822259930e+00
5.975381099219035264e+00
6.066094394143463298e+00
5.489895739725804802e+00
6.282373716963825849e+00
5.703678000807956394e+00
6.096871710289454072e+00
4.186550553726322121e+00
5.881534724833863415e+00
5.352576582401610494e+00
6.227648778648249284e+00
6.412958055777398414e+00
5.548482144651030623e+00
7.891407220212277807e+00
6.918360824828415190e+00
7.022770473347749842e+00
6.601939505243247019e+00
5.447950473536783633e+00
5.626737327481578177e+00
6.043727806582665174e+00
6.388426405642374739e+00
5.915269665765070961e+00
7.610273501641318994e+00
7.839766534474553517e+00
6.648326337252984608e+00
7.777774328036063167e+00
6.395224133566956404e+00
7.541427833287478677e+00
7.615379026489358161e+00
8.834462266248525708e+00
6.432158931279912117e+00
6.963310270010190095e+00
7.712426133113503113e+00
8.393080620761114830e+00
9.354953288689625168e+00
8.303642486152748248e+00
8.748153089124732773e+00
8.462022492483225022e+00
8.207909021203530386e+00
8.880511832025950625e+00
8.593519361820492364e+00
9.275316082877710144e+00
8.331477884459243199e+00
1.037373298150943590e+01
9.494928558420706821e+00
8.578857962214049948e+00
8.576300960660752537e+00
9.540231077464445875e+00
9.904194346517725123e+00
7.699999749192902421e+00
9.707378542743535732e+00
1.039474400268404253e+01
9.893839640655212264e+00
9.251236197843937248e+00
9.836786339658351253e+00
9.100644682082966952e+00
1.012599689882975440e+01
1.023118435039672924e+01
1.103020757412025965e+01
9.747748764848331859e+00
1.046198199459002964e+01
1.073346304426578257e+01
9.192806727954080159e+00
1.014016441769125976e+01
1.147482146975379358e+01
1.066743426681712492e+01
9.792428710428881189e+00
8.700096657837999459e+00
1.054984539580306269e+01
9.418993916457264248e+00
9.063935632672448506e+00
8.988523462251157170e+00
9.356834480756280215e+00
1.066429876179664404e+01
9.634967108305183103e+00
8.789587622739732709e+00
8.826494800605798829e+00
8.194670992323871417e+00
8.271480828232729010e+00
8.492731679794960797e+00
6.672676144906015239e+00
8.413569076143904368e+00
7.926513857106484373e+00
9.011555342165145532e+00
7.913085379914817530e+00
7.867538868971413635e+00
8.543460530685518250e+00
7.949848061115402764e+00
7.170104628678482861e+00
7.753756324351337881e+00
8.376458620430037527e+00
8.483450366689840649e+00
8.569057241312805218e+00
8.432899558084010039e+00
8.707863984423710235e+00
8.595100099801529225e+00
8.393370789569686963e+00
8.751478398968119521e+00
7.193562134287087240e+00
8.398213247242264146e+00
7.739044938287914732e+00
6.864162278832313113e+00
6.938593819398917617e+00
6.447958737960559183e+00
7.201755173062188931e+00
5.738878468831513757e+00
6.704419182521438536e+00
7.728742208587700446e+00
6.993022242500702035e+00
6.713956294810966341e+00
6.894545321242800284e+00
6.198760803737759950e+00
7.316895194658844304e+00
6.990074520721727858e+00
7.365101191760137667e+00
9.315377074734573881e+00
6.782979882076803690e+00
8.775889212713842369e+00
7.702848752343143701e+00
8.785395116764389556e+00
7.420714544403638868e+00
7.974752076913569354e+00
7.099634160030788621e+00
8.977097868615492970e+00
7.913993749847572090e+00
8.421555884863504815e+00
7.837635877418933639e+00
9.234998525331331365e+00
1.004593828778674869e+01
9.235359282858201624e+00
1.015478432389893193e+01
9.249346536050067513e+00
8.535770754613846378e+00
9.239795019664432729e+00
9.688038473537613271e+00
1.021041218159370345e+01
9.157730752791731987e+00
8.992232047458440292e+00
8.827707645948336790e+00
9.292824521102563295e+00
8.833964293327770889e+00
9.844781709362454336e+00
9.917812672397602114e+00
1.202745537014163268e+01
1.181943271098987225e+01
1.210750937521715720e+01
1.035358531332226661e+01
1.237263854810286823e+01
9.870310410659440592e+00
1.154306256591552149e+01
1.077326408405334845e+01
1.041378830645522591e+01
9.406495862262651997e+00
1.161008333340360466e+01
1.127552060494072173e+01
1.130705328315100111e+01
1.324407338996948802e+01
1.114233137458473344e+01
1.189327958524638973e+01
1.190275945635618449e+01
1.101318632999392477e+01
1.343952982520159090e+01
1.273786715813223758e+01
1.278869932845940482e+01
1.239751399747543026e+01
1.193685016462984017e+01
1.184180405692472604e+01
1.246346035127063701e+01
1.272591956642420996e+01
1.253984552138144259e+01
1.262497811836728800e+01
9.667995576462216079e+00
1.089157265186209322e+01
1.088120984815652825e+01
1.157428976464828096e+01
1.138857066200989365e+01
1.117226473025294098e+01
1.143403947881076377e+01
1.079795122817688124e+01
1.113787421807544575e+01
1.176493787872940544e+01
1.165357102146698232e+01
1.334430256225438960e+01
1.350149789029326541e+01
1.236386573425937740e+01
1.440914188837197685e+01
1.372332551473228079e+01
1.264119912277310043e+01
1.405569154547988475e+01
1.720129040476031079e+01
1.534211734322573761e+01
1.445046717294125749e+01
1.558905714430171230e+01
1.605897669187193344e+01
1.428012030219104034e+01
1.583225680931981572e+01
1.654775350848768412e+01
1.588539568215966646e+01
1.558026000913017306e+01
1.565679993485746024e+01
1.532975556790454696e+01
1.513747915604783678e+01
1.615796237432793703e+01
1.472385021053987586e+01
1.609301138971484946e+01
1.560457823386439635e+01
1.379637787569714824e+01
1.511821280155082903e+01
1.669507535153745792e+01
1.475050128940665850e+01
1.506448669496804449e+01
1.506569562634239823e+01
1.395926377703602661e+01
1.527244772951894802e+01
1.565332469653286118e+01
1.564823505248599744e+01
1.372184418677860940e+01
1.482481660684405611e+01
1.599357687324223676e+01
1.492805114595958393e+01
1.542299084578395707e+01
1.534117190209936865e+01
1.494697700050463851e+01
1.518233972459786685e+01
1.455977253417077399e+01
1.566404843419201853e+01
1.640689258323148536e+01
1.527736294530551575e+01
1.573283646986446982e+01
1.751245685392639828e+01
1.610220374587104075e+01
1.462677097996907172e+01
1.571566685760019766e+01
1.411406720930270531e+01
1.419351821184730511e+01
1.682693328300102564e+01
1.675484121032784657e+01
1.601083195415915839e+01
1.646586523999059182e+01
1.672614567008456987e+01
1.606343186176757953e+01
1.631720207401822620e+01
1.620368882713809455e+01
1.615823099628011050e+01
1.555912559888800395e+01
1.573890836475725408e+01
1.667484035018216559e+01
1.779924123929914970e+01
1.831136838369945963e+01
1.733411014079669599e+01
1.803183245917446698e+01
1.895033518775788650e+01
1.786060171519742568e+01
1.809756496218933108e+01
1.879066037291704205e+01
1.812082042362129286e+01
1.874460701129624240e+01
1.885480931334306831e+01
1.931043848830678655e+01
2.044843965148714560e+01
1.920958503486540181e+01
1.877246393770109023e+01
2.060648388795914698e+01
1.852270954105067347e+01
1.991138209232988743e+01
1.872488536637358436e+01
1.860502198081018221e+01
1.870395127676376745e+01
1.919695793777597359e+01
1.856405729903627844e+01
1.840828888753834391e+01
1.911975757278666066e+01
1.897203479857419239e+01
1.883668624992324681e+01
1.905210975467858603e+01
2.007399561775725871e+01
1.920940423091829530e+01
1.878967631461073751e+01
1.988888665801557920e+01
2.008654725642169581e+01
1.832063392617749287e+01
1.930932396521919259e+01
1.816571236471671114e+01
1.897416469977734010e+01
1.829418663498163511e+01
1.757969749795425329e+01
1.739338435327839605e+01
1.767999472309692166e+01
1.802354464041084370e+01
1.780311563558344190e+01
1.856467509677698402e+01
1.975153697358010874e+01
1.829152393063768756e+01
1.846657562696741195e+01
1.895175439885823110e+01
1.831493531925952212e+01
1.776992413131577919e+01
1.726015190650943509e+01
1.684696973032357903e+01
1.764366276046649418e+01
1.828112012278922549e+01
1.756101156941477370e+01
1.924963005611278177e+01
1.853876336213409459e+01
1.824956765655134205e+01
1.801043667188076824e+01
1.746624261271695389e+01
1.899402176936683873e+01
1.789174449033895087e+01
1.713861574017890987e+01
1.778240469546627622e+01
1.872019578189438960e+01
2.001548917831431496e+01
1.845217182637376752e+01
1.874141785943199068e+01
1.749632953940754732e+01
1.817681921993164451e+01
1.951516650695615596e+01
1.927412474696072309e+01
1.997088181586356015e+01
1.926589697953400204e+01
1.984773571882670851e+01
1.727282256218813217e+01
1.794589844715698490e+01
1.916850980018321948e+01
1.965380235046500701e+01
1.994230820230404078e+01
1.947267523514983623e+01
1.898694868692827953e+01
1.919016930394035469e+01
1.890232713079166516e+01
1.840383931450754673e+01
1.760484880940413532e+01
1.928783493865811849e+01
1.939345360418404596e+01
1.808825639294807885e+01
1.931008277522935401e+01
1.998468003582267372e+01
2.083678677075310759e+01
1.922421079385722464e+01
1.971137010543805701e+01
1.886742924698513590e+01
2.000623214279703177e+01
2.062502051358229949e+01
1.953829663633559122e+01
1.948092760136898605e+01
1.797373342299519194e+01
1.952006848838177433e+01
1.973621333822835666e+01
1.929797748096892462e+01
1.944390497251050220e+01
1.939089321214792960e+01
2.022373957206789896e+01
2.126426660934117407e+01
2.206006437145325094e+01
2.027799408457647345e+01
2.113354228935682499e+01
