2.067313376018799498e-01
1.214012178027615435e-01
-7.813756141308271508e-02
-6.876974737196062115e-02
-1.705025959720824630e-02
2.349394841457407290e-01
3.033023084746011566e-01
5.753890676933767767e-02
8.772374485635740793e-02
3.231233731195986419e-02
-4.434951233771485674e-02
-1.941458107215520146e-01
1.204261207535054501e-01
-5.691104258016770334e-01
-7.859282522674998495e-01
-1.210322476235129452e+00
-1.749288772089160338e+00
-8.525936914288976265e-01
-2.323667599455451205e-01
-1.774234673686481134e-02
1.465373455573518169e-02
4.070808501196149232e-01
5.894336478010262503e-01
2.174043304580131064e-01
-3.456026276252206486e-01
-5.014048795926389079e-01
-2.652704210724670109e-01
-7.005538210268624777e-02
2.581586073699724260e-01
2.801653567203014061e-01
2.524764798795566256e-01
4.618242477036541005e-01
1.193319937733018921e-01
1.516801125878692591e-01
1.176935087624382537e-01
4.447283750853203710e-02
1.311076780124043051e-01
3.629007702354920817e-02
-4.246629694050027548e-02
8.185453764095088069e-02
-6.150056041514009308e-01
-4.977319646425087951e-01
-1.063523749681402730e+00
-1.014696937921720998e+00
-9.266136531442332736e-01
-7.784959750461181160e-01
-7.380300983852867702e-01
-1.325882946066502921e+00
-1.212080407211593380e+00
-1.735732201562802501e+00
-1.493699760266909538e+00
-1.633737772867098759e+00
-1.844313827484763690e+00
-2.751064521550662167e+00
-2.565695786223591845e+00
-2.247496837880523568e+00
-1.943309984027993043e+00
-2.141497693498536581e+00
-2.476537670661848267e+00
-2.589985532415729708e+00
-2.981109029166536750e+00
-3.078113256545709664e+00
-2.996658001098214008e+00
-3.208607991017322636e+00
-4.108362863469997350e+00
-4.285020072361904298e+00
-4.384244873277427068e+00
-5.181897778015231104e+00
-4.680419069607729909e+00
-4.120659558171976933e+00
-4.106609726257581805e+00
-3.781801571694117570e+00
-3.850547381640048616e+00
-4.281795130596041332e+00
-3.733000742332867272e+00
-3.713529293305032120e+00
-3.901134442920710210e+00
-4.297096623756405442e+00
-3.605506440126360790e+00
-4.270164417741911578e+00
-4.315766089879007339e+00
-4.145178307254970385e+00
-4.471763230728734939e+00
-4.608164173386482432e+00
-4.539125169484298006e+00
-4.033808458000290642e+00
-3.923095239738667583e+00
-4.231304774228426879e+00
-4.087332185819548158e+00
-4.123567891619249082e+00
-4.440053509032122925e+00
-4.548113054076455164e+00
-4.666695544854671418e+00
-4.583844795387053139e+00
-4.879844205922565514e+00
-4.852065369474315659e+00
-4.676497754409042251e+00
-4.459667568618776556e+00
-4.318925854910122375e+00
-3.960386226992970826e+00
-4.310247289907387369e+00
-4.181851137448797218e+00
-4.202232163427961353e+00
-4.828204065379822829e+00
-4.717181339583879307e+00
-3.873700086845947688e+00
-3.752323147874784048e+00
-3.946853726282023800e+00
-3.462420723083662999e+00
-3.262987434756922323e+00
-3.355987475609712778e+00
-3.302543219720035061e+00
-3.419659049637320702e+00
-3.387512021394064821e+00
-3.126588414845912656e+00
-2.833505374042065483e+00
-3.288734457084507401e+00
-3.123030501646791190e+00
-3.089513341457238660e+00
-3.131428542846422136e+00
-2.899393195303383131e+00
-2.883028254438618987e+00
-2.502141870330203410e+00
-2.658113367475928968e+00
-3.018582417696666464e+00
-2.763947033754383664e+00
-3.015488613915408234e+00
-2.476549579319896832e+00
-2.436440013071027089e+00
-2.341170850431041561e+00
-2.772289975986611754e+00
-2.658983804820492569e+00
-2.706326606239607635e+00
-2.307613839040561388e+00
-2.532078799087835730e+00
-2.056832012296019307e+00
-1.870257083171449786e+00
-1.796922065829247073e+00
-1.784927025807123924e+00
-1.504448824627390380e+00
-1.419336232908425366e+00
-1.588095392303108477e+00
-1.169844537880645685e+00
-1.022426539556196001e+00
-1.282429939651413608e+00
-1.717204906350220162e+00
-1.925518153375541663e+00
-2.149911352754637850e+00
-2.270361158399432533e+00
-2.483669872471227169e+00
-2.459649199455609558e+00
-3.117853402302126486e+00
-3.320980271895510150e+00
-3.103658421482207164e+00
-2.415156775618037877e+00
-2.260810359556333804e+00
-2.346387590203062867e+00
-2.209601671209002305e+00
-1.781080984645681653e+00
-1.529993089275180296e+00
-2.025957811039069689e+00
-2.326180028203623795e+00
-1.983072164610260923e+00
-1.989024193894423975e+00
-1.801740681422553392e+00
-1.872043923261376364e+00
-1.572863973024883011e+00
-7.727808082480427387e-01
-7.255363179314101574e-01
-1.460614334427470684e+00
-1.018500036151768207e+00
-1.233956083097118128e+00
-1.040668474500127560e+00
-9.112282043630808293e-01
-1.108000205436838526e+00
-1.673952508913274073e+00
-1.053800277074940173e+00
-3.692372570096847939e-01
-1.404787554654550741e-01
1.297582915596424691e-01
3.313680818863939392e-01
5.694696712662777882e-01
1.360433182221614246e-01
8.049160891684413455e-02
3.388430915768715912e-01
9.147358219247763156e-01
6.809175396043166684e-01
3.062574109688139257e-01
8.815524878994254188e-01
8.909509191672098094e-01
1.382930558661660259e-01
-1.390938795024342367e-01
2.874102611245432093e-01
-5.796144034272820988e-02
9.859939910657769535e-02
3.139561031725897067e-01
5.269488681843150779e-01
1.031967346462224766e-01
6.325904706590226301e-01
9.362408918277023151e-01
9.715819347398908512e-01
1.164080108492529408e+00
9.621867904871951316e-01
1.043276853998551523e+00
1.285846756570641736e+00
1.029359796886741396e+00
1.044102772366860110e+00
1.619154571514926477e+00
1.827541991469084248e+00
1.488480367904813750e+00
8.353720058515462510e-01
3.108461286351549280e-02
1.996266876823095393e-01
-3.920135703606502098e-01
-2.990921021325191886e-01
-2.130792503205964084e-01
-3.402180778280690099e-01
1.701050443507251542e-02
-1.297988691221081958e-01
-5.305546067447477476e-01
-1.121649523584469010e+00
-1.212992363964424669e+00
-1.418545403590408149e+00
-1.306247261203077548e+00
-1.412091273028636573e+00
-1.191771649855332127e+00
-1.223067592942609805e+00
-1.372132921726865185e+00
-1.267818207356714133e+00
-1.070061577837959410e+00
-1.288496176384892333e+00
-1.889124410839580603e+00
-1.546852667756959621e+00
-1.694603744124368205e+00
-1.090197768720239768e+00
-1.692987771836558686e+00
-1.917143099232800019e+00
-1.719047396580825726e+00
-1.921074703874608769e+00
-1.861038211556834909e+00
-1.534415418327441660e+00
-1.455451068749883392e+00
-1.680959770285553212e+00
-1.737185761060559885e+00
-1.999187667274437086e+00
-2.194382457913666151e+00
-2.476169650642459086e+00
-2.956086289675911694e+00
-3.562759015139016938e+00
-3.161844710553859628e+00
-3.143857044474731133e+00
-2.869852183395064316e+00
-3.222340082323329469e+00
-3.515938015692791296e+00
-3.794243528181281633e+00
-3.558728942500018810e+00
-3.396105962694143887e+00
-3.014716306068147667e+00
-2.974115728608006659e+00
-2.927582955100952677e+00
-2.761805630490147490e+00
-2.412790397863711966e+00
-2.042677184392927003e+00
-2.132499150794337606e+00
-2.532306575753521916e+00
-2.655228933376498457e+00
-2.651826854847979309e+00
-2.219316791094085417e+00
-2.048813048526195502e+00
-2.238886461744014955e+00
-1.913594475662802052e+00
-1.468023459330664471e+00
-1.073265939548780690e+00
-7.885588009037580726e-01
-1.488306486313005328e+00
-1.450870598213574780e+00
-1.758597304066673139e+00
-1.273832488873248625e+00
-1.262632890881623560e+00
-1.137486317852448359e+00
-1.689260823602247497e+00
-1.283122926343840842e+00
-8.479709030657975877e-01
-8.110284803334666393e-01
-2.797261678804897622e-01
-5.990915135759218302e-01
-1.935678950797758979e-02
-5.231169638144896050e-02
2.445074951291206222e-01
5.819805656684732265e-01
3.024028758110320347e-01
5.938527300592415514e-01
3.541256378989816600e-01
7.612482450721973493e-01
3.109811187159667867e-01
4.842898650389347859e-01
2.976483743641472057e-01
2.895475391967429202e-01
3.540370157682102836e-01
2.376887845448608649e-01
5.733241771777699558e-01
2.314159384430155009e-01
3.731547874755824501e-01
5.147551404785032370e-01
7.860591417426934235e-01
1.398373112050302236e+00
1.152872506499593275e+00
1.154176880199927480e+00
9.407925729523511915e-01
5.693882431456981363e-01
4.077061602156012432e-01
8.461972813191307452e-01
1.433926893966703808e+00
4.795051003294401593e-01
3.867521428341039735e-01
-9.094107253794470047e-02
-2.092790555446793765e-01
-3.788859559834601987e-01
-2.939353479234272370e-01
-3.691852772252351977e-02
-1.223790010873227058e-01
1.521385459181213984e-02
-2.224505031837332725e-01
3.269812916304343231e-02
3.941039365700830799e-01
8.420679694202125587e-01
1.068004959562785183e+00
1.240345888440004485e+00
1.369570017055120381e+00
1.838125701640785703e+00
2.260857978587511585e+00
2.390383147567981315e+00
2.577507213763712723e+00
3.255865856196743735e+00
3.251726762336381249e+00
2.970702186871468697e+00
3.360938865197627745e+00
3.617743217729689320e+00
3.523445981155046702e+00
3.803885358138276551e+00
4.361151963975422596e+00
4.366469825766539969e+00
3.959686736097421278e+00
3.891780169555396185e+00
3.736876356617993888e+00
3.849051040709531524e+00
3.585218304748670093e+00
3.500751076169426490e+00
3.388645228237954665e+00
3.568601075224615560e+00
3.153296121098140059e+00
2.940084172575180510e+00
2.839901724502274849e+00
2.686073392181326458e+00
2.503177990662624808e+00
2.145900322329522325e+00
2.184464137932438987e+00
2.393954543069044760e+00
2.822811263252175795e+00
2.832660274010987855e+00
2.710046985489468430e+00
3.031416884615598217e+00
3.347817972353530624e+00
3.083252671288915447e+00
2.997045691025367109e+00
2.694090705677864683e+00
2.683539660945478911e+00
2.296637925376410205e+00
2.519854182608158411e+00
2.524087747390054925e+00
2.880900755955442261e+00
3.022410453335552027e+00
3.240508236754174654e+00
3.068901395571992818e+00
2.940764847067465215e+00
2.668291708179927113e+00
2.726279153639953989e+00
2.642593002312380701e+00
2.928678875585663643e+00
3.433885631038117836e+00
3.417922089966681121e+00
3.925509817715893135e+00
3.607167754167399654e+00
3.612949849607590025e+00
3.805143194147525332e+00
3.524468895082254694e+00
3.483429430553692807e+00
3.730556519720812148e+00
3.450660923696546423e+00
3.089263684648241970e+00
3.725717957963437854e+00
4.173306864713642206e+00
4.433809003661213666e+00
4.519997193166577887e+00
5.139163933697939335e+00
5.402977118958960823e+00
5.472101712451665101e+00
5.631227879043747109e+00
5.798061544615381813e+00
5.875762323638773488e+00
6.449465445899313032e+00
6.323276201489684389e+00
6.305864367475007448e+00
6.716088189287233057e+00
6.446151122675834344e+00
6.050450290364731032e+00
6.046673091023516911e+00
5.837948220517192865e+00
5.556008025554703522e+00
5.089529923235224906e+00
5.059046969542577266e+00
4.999694931205697301e+00
5.565657247808014851e+00
5.712958331709998561e+00
5.517012913561951670e+00
5.470676334969598820e+00
5.474561054860789255e+00
5.489212806008249679e+00
6.134090963221073167e+00
6.074773662629437965e+00
6.293814789896117645e+00
5.767095712004605801e+00
5.747929352399653524e+00
6.066444530571704519e+00
6.158825605248609669e+00
5.753078101696614155e+00
4.995383865089505271e+00
4.679590864836009168e+00
5.137554077232329597e+00
4.681378523970390226e+00
4.323232812563712280e+00
3.982092009636877705e+00
4.350459144730752570e+00
4.743522600579994197e+00
4.972998384734453658e+00
4.566549257819557894e+00
4.616127518094032212e+00
4.526828629062663367e+00
4.781582527489912415e+00
4.565576771762495767e+00
4.417939540116232244e+00
4.196725402288515205e+00
4.056325808386850085e+00
3.926390213499076687e+00
4.056310575332824797e+00
4.189820856942462868e+00
4.518035075663567213e+00
4.234352703196352152e+00
4.117787083182310681e+00
4.204170486532664341e+00
4.714695620697079370e+00
4.604738613677847425e+00
4.369034143910558221e+00
4.089755228096432660e+00
4.446314600382354598e+00
4.530529808191175789e+00
4.386248943076504148e+00
3.786200018609261697e+00
4.390416771487426928e+00
4.282366487402175181e+00
4.444734068785320957e+00
4.849721308754648241e+00
4.484367241753449917e+00
4.701596472276055039e+00
4.973386074413213898e+00
4.819761761855871463e+00
4.333393275111798282e+00
4.134533181750789765e+00
4.527149848362879148e+00
5.072918610754225455e+00
5.140935907905905822e+00
4.947919570519184518e+00
4.621892748117262251e+00
4.358425436757388027e+00
4.294051390473852869e+00
4.322550761034511524e+00
4.112371182480521803e+00
3.979632767620481459e+00
4.081525300110864229e+00
3.852488902121875558e+00
4.370627565071723453e+00
4.499951324535625297e+00
5.030176401372918882e+00
4.451914009421926721e+00
4.684316688210842017e+00
4.679592275676813351e+00
4.730437174030980962e+00
4.753489561213318559e+00
4.793195709632454893e+00
4.201500033311160287e+00
4.567167355765310077e+00
4.807325551068281300e+00
4.642471267595554174e+00
4.802191773220580551e+00
5.301703766915877303e+00
5.213498547615406764e+00
5.581149616603959807e+00
5.695002551240302857e+00
6.076027906520895527e+00
5.852712876720901569e+00
6.055253493096186546e+00
