5.891068411052241771e+00
4.232705343038403178e+00
2.406432021115066711e+00
4.907431271870808409e+00
4.653579894398660599e+00
4.119740896409373576e+00
6.345242307783092173e+00
4.983971775756425693e+00
4.231641678482582769e+00
3.810405317996090169e+00
6.306659791591916253e+00
6.717881389300066175e+00
4.638722816790803449e+00
5.234881680789234437e+00
7.858601187768341489e+00
4.341229330914341489e+00
5.160719163742443882e+00
3.880043163167136377e+00
3.871062432999868186e+00
5.047747822488289238e+00
5.968990832104041466e+00
4.909584591438908241e+00
3.371155057807714961e+00
4.755844227725972928e+00
5.293079663278758673e+00
3.979506258996614587e+00
5.101782590197726286e+00
6.297777668093922365e+00
6.107139070033690054e+00
6.724433031311187747e+00
5.342534076101942198e+00
4.767135598626617288e+00
5.492780749030478304e+00
6.100392089471982970e+00
4.321668824727378677e+00
5.074343167053528170e+00
4.226529513816483785e+00
5.236182826795624301e+00
5.235060695287322652e+00
5.589120439604702284e+00
4.579245226900249932e+00
2.597398219090402804e+00
3.322152461727983841e+00
5.075214454382519946e+00
3.682816001577307485e+00
5.202718565854715926e+00
6.075104888300369765e+00
3.424715016831274994e+00
4.374379126458393330e+00
4.772570063766171877e+00
2.768328777621480441e+00
5.297696858767118044e+00
4.546664436949738430e+00
4.243917324551993886e+00
4.488711103113702805e+00
4.193305092637721110e+00
5.566039118317982926e+00
4.193157830760616989e+00
3.922358572058870951e+00
4.357271748467939965e+00
2.465672187799754944e+00
4.806350410447176813e+00
4.282055798601062335e+00
4.013997116146172495e+00
2.249808921390615168e+00
1.342438218502101765e+00
1.904502360717914122e+00
1.961231273642094486e+00
1.254650486066648973e+00
9.177427634975283688e-01
1.529475833315161459e+00
1.767947746391662633e+00
2.123730806723639120e+00
2.034148150722739246e+00
2.065122862621958877e+00
2.304720156264418396e+00
1.444497140497232213e+00
4.866823536656458060e+00
2.434536498386052905e+00
2.760439823464191811e+00
2.364465235928465692e+00
3.046633065699557719e+00
1.956187100087650510e+00
1.536620223740054580e+00
3.497745650144794105e+00
2.142077926936583943e+00
2.851740717012907211e+00
6.418484018684980086e-01
4.452558562346204951e-01
2.556345638092286876e+00
2.039239462776103906e+00
3.420441924086328633e+00
2.631550962992299958e+00
1.225763265416494496e+00
3.952122449234396928e+00
1.929699419850247732e+00
5.445776449895211258e+00
3.056677744917222661e+00
2.682076270723668721e+00
2.959190092355433954e+00
4.896049412948332957e+00
3.962996083452422269e+00
2.925500119104973873e+00
3.488668915193537945e+00
2.240870169387428668e+00
6.279041908456641785e-01
3.698965321630077963e+00
3.568656624072215955e+00
6.014610489277560035e+00
1.525430586260719590e+00
1.983756678073552049e+00
2.186163997180936125e+00
3.439293668148191152e+00
2.018825393053231831e+00
3.556490749657454487e+00
3.447056626502416954e+00
2.883299928788072286e+00
4.830214243554285858e+00
2.629754389111004009e+00
1.382746993377462097e+00
9.727980282969723724e-01
-6.396805266762957132e-01
1.262082765403063966e+00
1.704890706498225050e+00
1.264695398343654631e+00
1.431094105576500297e-01
-1.319824219932534959e-01
1.481995869214246753e+00
3.023547520351801410e-01
-3.770832347950561214e-01
-6.060992187660021457e-01
-9.175847538945181014e-01
3.595097918657153002e-01
-2.182994992463411776e-01
-8.124836475625984988e-01
-8.432440417721345227e-01
-9.110197607896868277e-01
-1.350172043797424948e+00
3.994170042828377731e-01
8.534375604884871791e-01
7.525731275344709204e-01
3.008098858658918573e-01
-4.979337464771891320e-01
5.355496344262355990e-02
3.138188746493124626e-01
1.119577803293454465e-01
1.143800334711181144e+00
1.412408270110880437e+00
3.385995643091623819e-01
1.784084011794417002e+00
8.754759644445186950e-02
3.664582247093761680e-03
2.420370210713164383e+00
2.250888346446878963e+00
1.201109016881481750e+00
1.281324953067625394e+00
-1.563615487432921114e-01
1.415835060329539985e-01
1.513112050509297646e-01
-3.372885779516394678e-01
-4.250065971767122974e-01
1.111739374405686043e+00
9.220891555242243243e-01
-1.389903241675121137e+00
2.018723996202195003e+00
-5.506174649707955560e-01
5.662346748982640676e-01
2.428511160998940710e-01
9.807689167317183987e-01
3.340469417149893872e-02
1.000332956565276987e+00
3.963097912857946881e-01
1.214047836602037300e+00
-4.031306792686701890e-01
-1.574677384041551331e+00
6.946043513500388400e-01
2.209588386309653707e+00
3.672627134845019015e-02
-1.425286290016078983e+00
-3.130893678460271445e-01
1.807814885988091369e+00
-9.741866047883092072e-01
-2.399892385086577207e-01
6.784701733661391287e-01
2.791268004037439354e-01
1.777759056640042079e+00
2.340995136399956156e+00
-5.787721974360100496e-01
2.597454697036440496e+00
6.614934537220982236e-01
1.330209445226177234e+00
1.612890043307510624e+00
1.611276314683759647e+00
2.253062751410300102e+00
1.666416358298483225e+00
1.309242547917751853e+00
1.850198134739384770e+00
9.954912321054072422e-01
1.509426635664559591e+00
-4.058702233618243227e-01
1.269182837859688995e+00
9.131858388503348856e-01
1.742353068197903809e+00
2.635708018176698086e+00
2.796055813132296120e+00
1.531388591060685478e+00
-9.579479712921261658e-01
1.917581321627601199e+00
1.605302726166636607e+00
1.938341649877513007e+00
3.154318082651879074e-01
1.545458438718798622e+00
2.394347187080994477e+00
2.761577529815607335e+00
3.209006517270113434e+00
3.780099138730966146e+00
2.994213834427165821e+00
7.082906091489262757e-01
1.920281502133461604e+00
2.333397666349463329e+00
2.644586001534709574e+00
2.650285019019110955e+00
1.569553157156307943e+00
2.062378585856549318e+00
1.856400357437622439e+00
1.373303819905125067e+00
2.390318928383058150e+00
2.057614692752537167e+00
2.658431131292864347e+00
3.744683318785337001e+00
3.966089189270638027e+00
2.977017770403863395e+00
9.448114997410708149e-01
3.985738265999477115e+00
2.007455202869043109e+00
3.543046578464124075e+00
2.709117962360199083e+00
4.231090770055560668e+00
3.296594287494497788e+00
3.764848703973338040e+00
3.957012299682498568e+00
3.271789439557283075e+00
4.407908685765058898e+00
3.203767675428295991e+00
2.434385472703717301e+00
4.182949704770971167e+00
3.573937738664679120e+00
2.581011161278647048e+00
2.975203074551584059e+00
3.708218701148596530e+00
1.640065436313787872e+00
4.673610282478912303e+00
1.899364743701474012e+00
4.028330785298694039e+00
2.600842456953348591e+00
3.969566230912732419e+00
2.528861643873173914e+00
-5.894243110634906913e-01
2.391818485645291315e+00
3.192420540030842080e+00
7.053811327665027164e-03
6.497093397232776013e-01
2.319542734290868324e+00
-7.534543824412649471e-01
8.364556625688077673e-01
-2.583738356931606361e-01
-1.177617173203272749e+00
-8.474659098924073319e-01
-1.451510382684419120e+00
5.226573261158469208e-01
3.101487442503785275e-01
-1.668984215083835210e-02
1.390862815218449011e+00
1.145610258039211793e+00
2.806721572497015149e+00
3.247607727783830001e-02
1.225590285371476185e-01
1.322636976011016152e+00
1.899957455177204935e+00
1.246118438002813189e+00
1.114392205281674375e+00
2.046723258367337817e+00
1.115566193142667029e+00
1.663458163760891395e-01
6.307759823490446394e-01
2.278523279160183712e+00
1.717368814787876730e+00
1.469244769373302173e+00
1.952269888508259221e+00
1.431224038793406539e+00
-3.352671966180058583e-01
1.048302658592226599e+00
8.826436838384976724e-01
1.286172514366794584e+00
7.267132219517553615e-01
1.962242797098081581e+00
-6.714076883155510878e-01
1.460706873290239294e+00
1.499668509953662188e+00
1.337254848193923706e+00
8.229438572320226797e-01
-4.525108382125964113e-02
-1.349650013858347819e-01
6.182142576863434158e-01
-1.212877961532901061e+00
1.067129360047468722e+00
-2.655050468026769472e-01
3.052196053260357367e+00
1.476268085458436907e+00
1.863001641070646475e+00
1.942450966403722390e+00
3.279081254118674238e+00
1.096862295055830661e+00
2.510962880272066489e+00
2.274515852412763994e+00
3.429899581948778753e-01
9.339192320649729595e-01
3.995028905763236882e+00
1.244715633794112986e+00
1.378779586379360822e+00
3.488036355219263918e-01
2.139349791846186566e+00
1.719243676746041061e+00
-1.014725960660106452e+00
2.956479445307297560e+00
1.436424085262472339e+00
3.364804638453344765e-01
6.757338257392637715e-01
1.741583341985058375e+00
1.531672418336162078e+00
1.186966012551559757e+00
3.042971187585295834e+00
-1.557448272169057457e+00
-1.465410283880142384e+00
1.296762695318978587e+00
1.452068702929635080e+00
2.308612505193742948e+00
4.610827228437472947e-01
6.614786339465767995e-01
1.457927906214707470e+00
1.505532624323378421e+00
2.874324150763456931e+00
6.914874704062285993e-01
8.918337759795744724e-01
1.133756036405413337e+00
1.718817546971990406e+00
1.602873658821705405e+00
9.258404233178714193e-01
2.223859553378773057e+00
8.564650432624416609e-01
2.986623817633832001e+00
5.113125531432007875e-01
1.002778277126436635e+00
8.467665847750946995e-01
1.291903709988350357e+00
4.027402049789028382e-01
1.189801468702813114e+00
4.615781579478759333e-01
1.018107275869633455e+00
1.398836949338593705e+00
2.662307668596748389e+00
1.729449764662955857e+00
4.292315443701300026e-02
3.524905300456966817e+00
2.706383143276634318e+00
1.027798360540758349e+00
1.942036690437913382e+00
9.419558743076046348e-01
2.059610833148426856e+00
8.253173530304160899e-01
1.421698458854361746e+00
2.574960072155465074e+00
2.786184099532986291e+00
1.167667021897151436e+00
3.755039115688463269e+00
2.378949702481262030e+00
2.104432982931685014e+00
4.959278084801455044e-01
2.279878600462259541e+00
2.889581163760396976e+00
3.776504451596292444e+00
3.062739632276990864e+00
3.497302287491094841e+00
5.282673156245213164e+00
2.249429920250697990e+00
4.318313304494107996e+00
3.468072245741605109e+00
3.958035500471352108e+00
3.186640425783052955e+00
3.736743124361034063e+00
4.624703523361697322e+00
3.783975096133666227e+00
4.601129147184421342e+00
3.337530687425273701e+00
4.769414205412330965e+00
6.574183912358102511e+00
3.339209104791871496e+00
4.811620153826139834e+00
6.096501295740896609e+00
4.238007084302162220e+00
3.897022162705907622e+00
6.246177599968596894e+00
8.065322251230679029e+00
7.032154757195632655e+00
6.716919378472991475e+00
5.908449937389091744e+00
5.596576547492183806e+00
6.966352277986329611e+00
5.185573778574145365e+00
6.309839104787313246e+00
8.792643554241005077e+00
6.339960774561919976e+00
7.796868103838830777e+00
6.867847312357658218e+00
8.534180956938968166e+00
6.992140710129038261e+00
6.740589747736100534e+00
7.790494834968924920e+00
6.248233348498393624e+00
8.049449747152371160e+00
7.524097351658777910e+00
6.919919638555457553e+00
5.555302301963719103e+00
7.051382059204618358e+00
5.762244925267739681e+00
6.700696953820016510e+00
8.255321979627417761e+00
6.289195581666029433e+00
7.914952576486408375e+00
9.449997407275407824e+00
6.946214252029477620e+00
9.284121993142795404e+00
8.210620131024711554e+00
7.219585149355564724e+00
7.811596987593807384e+00
6.305727171913112272e+00
7.734209123740388492e+00
7.952007524072032041e+00
5.917798986888245238e+00
8.425680862044169217e+00
7.908565327051890748e+00
7.902946425917014572e+00
5.969305110921993673e+00
6.133146445382342549e+00
7.023186523318178942e+00
7.692831510354929847e+00
6.929383469092255332e+00
7.479544590967889484e+00
7.279582329935912810e+00
8.993006467847388663e+00
7.224385791227777354e+00
7.233207642688178396e+00
9.612283110516683493e+00
6.688298726567340147e+00
7.647586650810474396e+00
7.626157946890795181e+00
6.184897427203165599e+00
6.804636740275620710e+00
5.876909355650628441e+00
8.398562531943571940e+00
6.489159011536395738e+00
7.815090930116468826e+00
6.143368464544003871e+00
5.597325278425144823e+00
5.458924595792279177e+00
6.194922217081260563e+00
5.341166091945511063e+00
4.961364453089117887e+00
4.697808198602455576e+00
4.922215524932784803e+00
7.728124876662445075e+00
5.230501300839247136e+00
7.044265440497266439e+00
5.772738999417772021e+00
3.431881149834152378e+00
6.144129858474857819e+00
6.030336589811668091e+00
4.486574769720925282e+00
4.825599720360827405e+00
6.162914507534666519e+00
6.494538057082836602e+00
5.156624712188442317e+00
7.223348959247255507e+00
5.215804980716862715e+00
6.277716347773369066e+00
4.766254024037414716e+00
7.284685976509525318e+00
6.244266365325807477e+00
4.263786294068772520e+00
6.213932687760827633e+00
8.244975816343965036e+00
7.346743055653504939e+00
6.802479294618036576e+00
6.370721859199305115e+00
7.304122702080936946e+00
3.375604204963510213e+00
6.296497625699509548e+00
4.601733901583327402e+00
4.427836779650607291e+00
4.163808026329369305e+00
5.701475199338181810e+00
