6.821889564438179954e-02
-1.389915177244989419e-01
1.496716213255644412e-02
-1.625871369129229804e-01
1.574001431901916881e-02
1.187424377108289852e-01
-1.450859933276025249e-01
-4.654766341243648520e-01
-1.851617016273255367e-01
-4.734155053437410499e-01
-4.843727822435145436e-01
-9.038816476966049507e-02
-2.523792084988193962e-03
-1.666750463005964343e-03
4.226706257726501464e-02
-1.488166112519813677e-01
-3.545744046216219303e-01
-7.908624414626573840e-01
-7.350108878447372263e-01
-5.247246445841088347e-01
-4.286426753328340666e-01
-9.104633565524039573e-02
7.685977866948590087e-02
1.625999703248282025e-01
4.423926789501335111e-01
2.929420372564633390e-01
4.492657282958993914e-01
1.254773249418636438e-01
7.341302850931954449e-01
9.034971849884159134e-01
5.998065357481332516e-01
3.619093131049926360e-01
4.844516809976280314e-01
1.111599394681805908e-02
-6.267645074747609790e-01
-4.670022239735238667e-01
3.707627067633556539e-02
4.115452826378087625e-01
2.332560911795467651e-01
3.500137086420908039e-01
6.664745312122555276e-02
-5.429515477668942491e-01
-4.457593062695435204e-01
-3.922492620579892675e-01
-3.577733861212640809e-01
3.039549286837475162e-01
2.248097062361532616e-01
-7.591644720415974268e-02
-2.504273289374576716e-01
-5.026157048917712089e-01
-5.145708979116863091e-01
-3.151344503117070595e-01
-2.538002404107177479e-01
-3.448135244492839258e-01
-4.973805636503468852e-01
-7.247933576832809033e-01
-8.289405585441298463e-01
-9.244243319249312307e-01
-1.269967363372643820e+00
-1.153102858835711508e+00
-1.579778520315272772e+00
-1.741272527223204358e+00
-2.158242467288128630e+00
-2.199568444828568836e+00
-2.647713848943440418e+00
-2.876433340185972742e+00
-3.213428094035752913e+00
-3.111640721114059538e+00
-3.132964064604014887e+00
-3.467796889385299064e+00
-3.589837009132955004e+00
-3.517146219082512459e+00
-3.472985492083363823e+00
-2.687873059713069779e+00
-2.878584140599850461e+00
-2.842865744331569910e+00
-2.871510025934605803e+00
-2.296432249320780716e+00
-2.899383964196899477e+00
-2.786981418034042868e+00
-3.096056896597049413e+00
-3.114900327449650064e+00
-3.109676478947055234e+00
-3.584266142926523013e+00
-2.743483432036014413e+00
-3.275130253154950211e+00
-2.879646409097563975e+00
-2.987492246564613652e+00
-3.138768624714705080e+00
-2.789036215207934433e+00
-2.355256903606494312e+00
-1.950887268107457606e+00
-1.968465207928709937e+00
-1.729891264110077431e+00
-1.618924217181347824e+00
-1.622418606375341188e+00
-1.883187441838181986e+00
-1.487921970058224908e+00
-1.505136678809940065e+00
-1.836475692629528922e+00
-1.790682895714612144e+00
-1.935090582277889659e+00
-2.080803752540095974e+00
-1.861219917467594964e+00
-1.810109699286121421e+00
-2.025839272459991403e+00
-2.236567671115134548e+00
-2.350118061813208037e+00
-2.100545453939696827e+00
-2.315448612499198422e+00
-2.206179098406575445e+00
-2.417814964381615805e+00
-1.905736516088613719e+00
-1.598460241642152724e+00
-1.737197415900645803e+00
-1.636159237167950087e+00
-1.881820159581097718e+00
-2.313285106987701845e+00
-2.482066349993624854e+00
-2.892148195386468501e+00
-3.589528461341960242e+00
-3.972925941006112183e+00
-4.062576074618576172e+00
-4.272797375301455425e+00
-3.907236302626529323e+00
-4.377617136188649560e+00
-4.759605633456671647e+00
-5.135322645807844921e+00
-4.946524921567769795e+00
-4.581337159074901244e+00
-5.003591718573568770e+00
-5.075875441155926815e+00
-5.085354476561171566e+00
-5.236368795790744990e+00
-5.177395989966218082e+00
-5.238996657580669236e+00
-5.529149083064627490e+00
-5.427718208822599699e+00
-5.873602367940918612e+00
-5.018698460769156711e+00
-4.167801824700023694e+00
-4.164497453339363275e+00
-4.642105319647061634e+00
-4.731679986008653138e+00
-4.263377932572102402e+00
-4.484896655186680903e+00
-4.450179418621522665e+00
-4.581888508326366960e+00
-4.294095781641843246e+00
-4.262207796210628175e+00
-4.298079747589697241e+00
-4.181852876435260491e+00
-3.986959126962536182e+00
-4.095277732591252828e+00
-4.152319790527045917e+00
-4.458026641381087174e+00
-4.377970606433605916e+00
-4.690631642876782692e+00
-4.631488678146375548e+00
-5.361957508510281301e+00
-5.420292932254039187e+00
-4.954949866615675269e+00
-4.699913616528434979e+00
-4.712297856087548809e+00
-4.641088601019807136e+00
-4.457634306601836904e+00
-4.430767349597358518e+00
-4.462700261330056151e+00
-4.755927830575987336e+00
-4.670232258920082202e+00
-4.448217482449368099e+00
-4.547441036663612657e+00
-4.493494774859426499e+00
-4.396040369463794839e+00
-4.428801305911189701e+00
-4.965279911282944880e+00
-4.530861142461199087e+00
-4.132272032402212858e+00
-4.553225986261634439e+00
-4.929416646011548053e+00
-4.940987780250961414e+00
-4.315272515024543232e+00
-4.354062414396729253e+00
-3.965857698119272357e+00
-3.910484276956026406e+00
-3.284964258850196384e+00
-3.371066929019465253e+00
-3.060737328206163621e+00
-2.877668662220500995e+00
-3.376196362491390879e+00
-3.729823187904602211e+00
-3.495438374829289430e+00
-3.643085252512519912e+00
-3.139112596937779109e+00
-3.346749746279209070e+00
-3.233378662389150282e+00
-2.897580338055350424e+00
-3.242422081969968950e+00
-3.202192613752343320e+00
-3.355471970414348970e+00
-3.463881064538484544e+00
-3.308313207139961687e+00
-2.649852693220815070e+00
-3.203209758265767260e+00
-3.261607909331222022e+00
-2.981700671559436522e+00
-3.447124942158095617e+00
-3.296256974174253784e+00
-3.173356198706907438e+00
-2.919251738082568437e+00
-2.390162283826260392e+00
-2.009615024409468820e+00
-2.130810217710468191e+00
-2.224282931836489396e+00
-1.907756528492761783e+00
-2.181921810271715501e+00
-2.426990268326201239e+00
-2.156199811181101822e+00
-2.393490792445133852e+00
-2.871616096946982388e+00
-2.967989145243236315e+00
-3.000294278468236264e+00
-2.878740792897576117e+00
-2.938612049042297780e+00
-3.277337761892207268e+00
-3.328377962060123707e+00
-3.113144136393062311e+00
-2.813231341441963629e+00
-3.077375141960646321e+00
-2.953391709617120497e+00
-2.178526321658165177e+00
-2.547742058713098778e+00
-2.491109643280311925e+00
-2.159132404022749085e+00
-1.907118030295452460e+00
-1.330199487294799754e+00
-1.152201806550018581e+00
-1.175639585888612393e+00
-1.571105444983602606e+00
-1.149912894955437581e+00
-1.055021761920642565e+00
-1.028580839020566851e+00
-1.148497475034999438e+00
-1.964022837399351129e+00
-1.936388432844217800e+00
-2.432010397976325677e+00
-1.487802850063177917e+00
-1.671646268397962931e+00
-1.002277255994616034e+00
-1.378894087090228204e+00
-1.465443300255418135e+00
-1.784799700297257097e+00
-2.127336426129126323e+00
-2.648636839856957526e+00
-2.968425571474486713e+00
-2.664314576441483506e+00
-2.682881764299619665e+00
-2.945550684120354479e+00
-3.097926244516471694e+00
-3.043989841436827160e+00
-3.853249954469733396e+00
-4.036926142455101285e+00
-3.997028312657467275e+00
-4.763180798935247928e+00
-4.963241090015407586e+00
-5.046021221630100584e+00
-4.941706137284272771e+00
-5.222667628859847255e+00
-4.879664276255583744e+00
-4.418167651697967102e+00
-4.419039378987183575e+00
-4.116324010845290537e+00
-3.824936609721343306e+00
-3.852499437303938734e+00
-3.570278971740231011e+00
-4.146860417788635900e+00
-3.904305530668720436e+00
-4.226251407575670527e+00
-4.516869019514798467e+00
-3.970632744959952998e+00
-3.989740625533506613e+00
-3.806384283620321884e+00
-3.556143258853947220e+00
-3.332373853076957992e+00
-3.433806379491201710e+00
-2.961194691195636608e+00
-2.907210456325599601e+00
-3.396903432605409723e+00
-3.521782842188978080e+00
-3.482122426513785118e+00
-3.604596570421007673e+00
-4.131603272586228393e+00
-3.840946511227477878e+00
-3.873796394829529088e+00
-3.769714323557049607e+00
-4.046996908556367067e+00
-3.862749604075482956e+00
-4.026138621784434157e+00
-4.220413168453047703e+00
-4.829567309040887935e+00
-4.993863195657743503e+00
-4.959893220350668486e+00
-4.185237038225944950e+00
-4.620555924743658061e+00
-4.711387785920111426e+00
-4.312349495147189238e+00
-3.454512407521235673e+00
-3.489351657509302207e+00
-3.334512386895749358e+00
-2.796007541872063573e+00
-3.049999849117550177e+00
-3.545873953107038901e+00
-3.757658541916270689e+00
-3.588812837545432455e+00
-3.729787705174071544e+00
-3.858164754803643515e+00
-3.421004558286865560e+00
-3.256117061416721636e+00
-3.703513924853137684e+00
-3.539975785645914641e+00
-3.712831096641041828e+00
-3.784911151619869241e+00
-4.324080051086853338e+00
-4.438943968123056472e+00
-4.354140268845372752e+00
-4.031548900128005819e+00
-4.123544784323841306e+00
-4.010127337796035363e+00
-3.477787949758438302e+00
-3.147339847285303360e+00
-3.477545469951877521e+00
-3.114852666178707263e+00
-3.816263161382690505e+00
-3.933709589332639034e+00
-4.277806344072187628e+00
-4.237498421656087366e+00
-3.865329962541959041e+00
-3.692226227043924336e+00
-3.538858749615292787e+00
-3.331206461771812677e+00
-3.396370478830593953e+00
-3.605878986476603654e+00
-3.810224701541978565e+00
-3.492833575434186155e+00
-3.514876864609387308e+00
-3.331065080379773224e+00
-3.446793007049707924e+00
-2.975576355612113755e+00
-3.138170702509150978e+00
-3.393687697093578315e+00
-3.671877574448910497e+00
-4.092249470806201828e+00
-4.650779711789956750e+00
-4.930959328303641698e+00
-4.590879969186925535e+00
-4.364481625716974733e+00
-3.773221270819769213e+00
-3.878304856865672168e+00
-3.698714043630309867e+00
-3.164095403609140433e+00
-2.957635440127449389e+00
-2.615561824191256157e+00
-3.100957689254083771e+00
-3.117629358880147361e+00
-3.027424509452711465e+00
-3.344986586118955163e+00
-3.569675236195502865e+00
-3.313810587376767369e+00
-3.547143568605067188e+00
-3.460426726999755065e+00
-3.187556197390573054e+00
-3.191042023044077691e+00
-3.033461996912826475e+00
-3.248982276521657830e+00
-2.906253927465511921e+00
-2.615490592049562579e+00
-2.833974219349316481e+00
-3.060621885984249335e+00
-3.181018345173906248e+00
-2.695786788003124101e+00
-2.414408371672930986e+00
-2.298042189912243405e+00
-2.691335596316531298e+00
-2.193388261793302707e+00
-1.726752262183423481e+00
-1.427252355064894118e+00
-1.560293050651186064e+00
-1.233528512175072978e+00
-9.941900868795958690e-01
-8.134940369208844002e-01
-8.351463273522682362e-01
-6.744810435847738983e-01
-1.456067315848097454e-01
-3.132107027703529001e-03
-9.529286608559763005e-02
3.482481193020446897e-01
5.330134039279611491e-01
2.863572545032385674e-01
4.510907778375828903e-01
1.153470563316629227e-01
1.478131332371612205e-01
2.368983370533202515e-01
5.286070276980510130e-01
1.553228903294612051e+00
1.227999916011558001e+00
1.152714000781109416e+00
1.311514525440223178e+00
1.475774480392656685e+00
1.332321406833244959e+00
1.455930216270466371e+00
1.263656734581828811e+00
1.509926462226693245e+00
1.730654576225365338e+00
2.272400493591398174e+00
2.570773212686514153e+00
2.320027408054250451e+00
2.017647549575795285e+00
1.998439104657387722e+00
1.634408911098791606e+00
1.697292474044950428e+00
1.418058153621774897e+00
1.429443073251044805e+00
1.504044282109306296e+00
1.157890712962047486e+00
1.323159055576781817e+00
1.656391270054218490e+00
2.094157312610339439e+00
2.271617212975891142e+00
2.927077136208640518e+00
2.551871493999681384e+00
2.693838575246547684e+00
2.959407763158768301e+00
2.270857862940606431e+00
2.400960958027324121e+00
2.396623139599407981e+00
2.066887083146526027e+00
2.136655962975882783e+00
2.392758156401402658e+00
2.287494302895830334e+00
2.459632349848324129e+00
2.827527123247020047e+00
2.916282721569817049e+00
2.519505392085896744e+00
2.282329631573446704e+00
2.476448479853428086e+00
2.283447545195121275e+00
2.332406074359598236e+00
2.445563512951579810e+00
2.840583038034589336e+00
2.935605438338899642e+00
2.539035755759454283e+00
2.011537509842501237e+00
1.977429052297951406e+00
1.625309292007034889e+00
1.830819928084700177e+00
1.827884722146970731e+00
1.551898190687543533e+00
1.745470191001678550e+00
1.827642807882301046e+00
2.164500807371299906e+00
1.917506634585337100e+00
1.847583954573285059e+00
1.653198162887526079e+00
1.523469941464790089e+00
1.476320551674944026e+00
1.301943285448822651e+00
1.468663635508437038e+00
1.209332841410485582e+00
1.501746001193864366e+00
1.456363089727693572e+00
1.434008096130467091e+00
1.061566938538430094e+00
1.414680760343156596e+00
8.755767789584840699e-01
4.665436106708646946e-01
2.828817740985705154e-01
6.247212568364661767e-01
7.663776651498829251e-01
9.486319767514922452e-01
6.962568084766098675e-01
1.487400482480814468e+00
1.466884370942926896e+00
1.960969326034491811e+00
1.887232798247590271e+00
1.588612779348445692e+00
1.303287969942082736e+00
1.163540223438080279e+00
1.447577508902246679e+00
1.125136349039938422e+00
9.960585121031770850e-01
1.278678665010358539e+00
1.504660725532513954e+00
1.615339293338872384e+00
1.624739251896597958e+00
1.062363304870349356e+00
5.796982587675374443e-01
1.536328155893004754e-01
2.496294585936096877e-01
2.263896578535788406e-01
-2.416168814085917216e-02
-1.664062289052992138e-01
