4.629479728867019084e+00
5.021944122845744651e+00
4.806899896236547676e+00
4.155218179866612793e+00
6.118527429641487991e+00
4.318552158542557251e+00
5.217628324786436345e+00
4.778592054256918686e+00
4.866209589166700766e+00
4.967669178088698345e+00
5.250984738904191929e+00
5.158624525758002122e+00
3.651106547014423498e+00
3.279074039725472733e+00
3.791901132470144375e+00
3.576538459654686974e+00
3.587500451238393229e+00
3.348675667110747156e+00
4.768085783181780002e+00
3.840214500568396971e+00
3.427343332160389000e+00
3.456860546685623703e+00
3.542264033901682652e+00
4.160376179644459604e+00
3.047756896014693684e+00
3.146429578538345595e+00
3.420921735894244975e+00
4.346454235813596689e+00
3.819891567368545182e+00
3.998853767332188447e+00
5.412928645916308845e+00
5.070570589529461714e+00
3.875413320828966945e+00
3.864564235762901312e+00
4.990905863747460813e+00
3.861764519191776213e+00
4.234864743345338134e+00
3.642570257850846094e+00
4.674613804516660309e+00
3.794705706346495511e+00
5.092372429125919808e+00
5.208173236805790474e+00
5.755490174059705311e+00
5.299615031354199424e+00
3.691194409390285536e+00
5.054935647046881364e+00
4.192950701374135392e+00
5.184812345841496750e+00
4.702827149161088016e+00
4.842211100479067554e+00
4.872132549187956130e+00
4.359154390616621910e+00
5.546786999841152088e+00
2.969264288406937791e+00
4.598885719240160874e+00
5.179756196219247322e+00
4.538697469594429990e+00
4.342081742777520681e+00
5.771442953266605613e+00
5.486793680767807047e+00
5.637489027791875884e+00
6.745233334482795051e+00
5.915071271715627077e+00
5.960870970909839528e+00
6.844376201868303866e+00
6.897876631151305560e+00
7.114010521548989274e+00
7.064564798917466248e+00
7.899418152950287819e+00
7.514928406067770794e+00
8.694836893536848521e+00
8.797363435560118461e+00
9.100616938185398297e+00
9.054619665986086474e+00
8.550173429984136320e+00
1.021597885319340016e+01
9.683465817776045981e+00
9.379142912483688477e+00
9.473115793366865489e+00
9.275787174758654885e+00
9.581692219692239831e+00
9.240334541910637967e+00
8.421137564730827307e+00
9.205832724164903169e+00
8.442012738375868963e+00
8.584024161705118061e+00
8.019332663413555551e+00
7.508289944245863268e+00
7.389605413010677637e+00
7.782521893237120736e+00
7.511526333391785215e+00
7.701680468285144521e+00
8.388921796177498891e+00
7.943453371616210568e+00
6.337715967150137075e+00
6.621923297780542228e+00
7.149671550307170165e+00
7.018291481351311312e+00
6.423629552737225801e+00
6.183057314659986758e+00
7.143446398941319053e+00
7.004881271572161339e+00
7.936534144338995844e+00
6.286040297782296449e+00
5.774727826926749685e+00
5.715453932311961083e+00
5.639376047164496697e+00
5.616946209212311913e+00
5.912060586606504131e+00
6.253081735575564792e+00
6.402029095430791905e+00
6.607435855635935162e+00
6.034912310717976069e+00
6.300784620572383865e+00
5.501324180921367102e+00
6.042787951778926470e+00
5.522872626594134360e+00
5.662581579037714974e+00
5.539410770023209807e+00
6.002639781396739593e+00
6.443294928289775569e+00
6.634600522061301575e+00
6.009382830256408070e+00
6.271489594606464379e+00
6.396921766838205237e+00
5.877794946580995550e+00
5.430736528288120368e+00
6.851063676347362019e+00
7.123317924901513720e+00
5.436709205251940347e+00
6.827161812731013413e+00
7.461511798546932361e+00
7.446549244879573592e+00
6.358841771388842545e+00
8.215713007861740635e+00
7.812116207679110857e+00
8.073757478429357093e+00
8.008747211757706097e+00
7.880295557733241196e+00
8.344886802156322503e+00
8.310635230208864854e+00
9.303981791559273518e+00
9.218566864769318414e+00
8.808493523616956367e+00
8.644906589657948004e+00
8.909507889925990298e+00
8.664360568071163726e+00
8.067963828699477702e+00
8.933318151730443191e+00
7.381090821934991553e+00
6.999455486476595212e+00
6.770134631812850579e+00
8.157732605691309757e+00
8.035748314618645693e+00
7.591259988555760785e+00
7.687138848739657249e+00
7.003221842875195335e+00
8.160295727103109797e+00
7.188753750425519229e+00
7.775557766310940977e+00
1.020216247666038889e+01
7.882368165930601300e+00
8.315359807795561053e+00
8.475246535190303021e+00
9.927292990067407175e+00
9.177872432405473901e+00
1.029523193130281555e+01
9.499203365251824849e+00
9.801134957019502991e+00
9.883612015432554188e+00
9.151752967617806434e+00
8.035267824961128014e+00
1.003981760203474138e+01
9.019011355250450279e+00
9.150114554871144890e+00
1.006488183360247390e+01
9.154822598971279035e+00
9.007149421926794020e+00
1.003947254199443861e+01
1.004733961112766494e+01
1.070116658517541453e+01
9.013971652984276162e+00
1.032835555876019740e+01
1.021946670454009798e+01
1.098028495891684209e+01
1.030983924267857077e+01
1.087201085269889589e+01
1.183777389562196092e+01
1.024763012990415234e+01
1.145175030866993637e+01
1.090619182964357314e+01
1.125011136194418881e+01
1.141446393697201067e+01
1.144587425262764668e+01
1.010664297952245860e+01
1.202984350665895263e+01
1.155166603119983471e+01
1.281498734256807026e+01
1.151058460286582275e+01
1.135093085748519925e+01
1.130190520602609894e+01
