-3.316039020935888093e-01
-2.505865222046811391e-01
-2.919925635657915630e-01
2.294014904714225533e-02
-3.544158956842011904e-02
-1.547059531349380124e-01
1.437412831473678931e-01
-3.314347380493696815e-01
-4.806420591226489014e-01
-8.278572140736806251e-01
-7.768594226369265332e-01
-2.848185107395747040e-01
-6.035822757938469341e-01
-9.914260119391147263e-01
-1.105596267691784318e+00
-1.414037256720134472e+00
-9.584746153692812465e-01
-1.439378232190391627e+00
-1.366163202431522006e+00
-1.319994816488568423e+00
-1.415563028778807908e+00
-1.566092724956408944e+00
-1.901734539323021389e+00
-1.830492534501300561e+00
-1.836104776285656381e+00
-1.761292739761350257e+00
-1.329992672540654119e+00
-1.414331975074707648e+00
-1.228705230743247112e+00
-8.643602635401179679e-01
-5.864498920093315082e-01
-3.588080520184870892e-01
-5.524219249734630965e-01
-8.496403965293251037e-01
-5.389097200013814870e-01
-9.298420456568988746e-01
-1.143747362579634830e+00
-1.370078569510530198e+00
-1.074822380241687192e+00
-1.012085715005812903e+00
-8.026215967323498957e-01
1.939138863567568816e-01
-3.448691042042736910e-02
2.821922815774112470e-02
2.030413909327879463e-01
-3.491868169028095048e-02
-8.218045777281377529e-01
-4.447854429562874135e-01
-3.925577743628138605e-01
-1.599307458216073785e-01
1.836999618795377986e-01
3.309069236679115789e-02
2.886493226958537772e-02
-4.375580270534568661e-01
-5.791831119179093879e-01
-1.319531072864943422e-01
-3.277472533222239859e-01
1.155599037005802798e-01
1.607763394008063784e-01
4.392961741825970878e-01
6.629825497235594112e-01
1.282107890635748149e+00
7.888692229503905251e-01
1.151618869200527140e+00
1.763187311783851463e+00
1.400459836671450464e+00
2.206935589553028265e+00
2.304223015588576562e+00
2.689266037205663817e+00
3.088362834469864371e+00
3.578907553176514433e+00
3.349168423472922207e+00
3.840922238373271735e+00
3.501224927625322447e+00
4.200574238590542464e+00
4.604346906179029197e+00
4.622614185555260491e+00
4.580025709264210043e+00
3.902638065403445822e+00
4.365454132722998537e+00
4.166038572106348425e+00
4.209088884362714111e+00
4.153948093139305797e+00
4.121010230983477740e+00
3.368256639528804719e+00
3.289760486416774210e+00
2.887777066723032693e+00
2.592962115936235268e+00
2.123975276623112141e+00
2.342124331490385902e+00
2.178084414315326178e+00
2.285157749694013418e+00
2.286951425205614896e+00
2.064113634375626560e+00
1.723762799152273262e+00
1.754020301026685491e+00
2.018666583479241439e+00
1.664573322234514485e+00
1.459358106773692931e+00
1.214385814340797953e+00
1.749290890717845492e+00
1.735081704104062261e+00
1.679301004963911215e+00
1.016441747468590728e+00
1.280176240933808884e+00
1.120980516614770606e+00
1.226172605125400716e+00
1.257135903059844795e+00
1.645102575384864263e+00
1.319571008452201211e+00
1.608711283490976918e+00
1.459473309916122341e+00
1.132533193746544153e+00
1.140842736368133048e+00
9.657726347619113305e-01
8.814319191131441134e-01
7.044413953542254525e-01
1.196683351984804577e+00
9.680054023435517019e-01
6.827307253227328232e-01
1.054580332171081825e+00
1.490361760574269834e+00
8.833308722313649719e-01
1.091047066051068271e+00
1.433573306975828965e+00
1.716358633655493016e+00
1.597126608224599842e+00
1.549964968675811461e+00
1.659375497907890740e+00
1.464188568269516821e+00
2.155931366407881189e+00
2.132876280542716607e+00
1.930403723028303986e+00
2.090530909903635770e+00
2.304279585892998305e+00
2.534382728677103014e+00
2.525339796323324393e+00
2.821569828943571334e+00
3.124387014879290714e+00
3.093651674426315168e+00
3.407331947381375681e+00
3.246435936804290101e+00
3.280080940946145329e+00
3.526138127129406108e+00
3.577373201458480256e+00
3.781533045007197114e+00
3.144158659013207124e+00
2.772218394660041607e+00
2.568985022504406857e+00
2.375392010017667310e+00
2.450401454954695968e+00
2.695791674349994338e+00
2.335621289749886031e+00
2.625399477280900840e+00
2.698244519038743405e+00
2.588890018413405603e+00
2.789889174408424211e+00
2.803600644791601315e+00
3.095176338417939821e+00
3.359683828095811453e+00
4.032022686092681774e+00
3.478721027715961256e+00
3.851796904621962003e+00
3.945116905510786420e+00
4.002818816859132767e+00
4.411997379944957665e+00
4.619577701306523565e+00
4.677191588262075150e+00
4.700483277286791939e+00
4.564572486549840491e+00
4.130548787806818112e+00
4.277463478601984725e+00
4.365853276491942658e+00
4.009822899960661324e+00
4.169758732072627261e+00
5.017091353727975545e+00
5.048829118864900600e+00
5.291361313876712380e+00
5.162739059808007624e+00
5.287049605040807343e+00
5.072688386663277704e+00
5.084652076004219090e+00
5.129616253730977959e+00
5.166487303977760348e+00
5.407716699336130084e+00
5.576206188279516418e+00
5.945387664663750016e+00
6.201972570800722728e+00
5.965457784009530862e+00
6.386223000448875808e+00
6.186511620907074516e+00
6.063478147457153966e+00
6.220011396763871936e+00
6.186115984401035384e+00
6.214665501566850381e+00
6.346593442813046160e+00
6.868365139741014147e+00
6.900359503831250407e+00
6.676484528752252068e+00
6.681132105148909872e+00
6.635394638603256290e+00
