5.266440513004908119e+00
4.880889130527221731e+00
5.997838538961606680e+00
5.578664495050841943e+00
6.136192096845445754e+00
4.566709988593714797e+00
5.217916577508693976e+00
7.330196565240165718e+00
5.906009521148947172e+00
5.118329267284638107e+00
5.444612558937252267e+00
5.382706456622462277e+00
6.305709380689108912e+00
5.120290809520796849e+00
5.633676020737628853e+00
5.397247361472983229e+00
5.261918484797375228e+00
4.986853965753900830e+00
4.801910562279670280e+00
5.017649264284486321e+00
5.890893584838996055e+00
5.154676217339450695e+00
6.467503329107152865e+00
7.228595712249807903e+00
6.050672680477289234e+00
5.217608431748332443e+00
6.348537426528531036e+00
5.227553033592905685e+00
6.925859793969932454e+00
5.871268462498996143e+00
7.407666508317969800e+00
7.113382411885327272e+00
5.763671216764969074e+00
5.683253058268656233e+00
6.318913356505626133e+00
6.172716568281085614e+00
7.548269865220165187e+00
7.896887427945227245e+00
8.251515408600909041e+00
7.797865316979585515e+00
6.590222906927339253e+00
6.442514351180676613e+00
7.048270091468310738e+00
5.692976917566658024e+00
7.002589538894882892e+00
6.574628703566316013e+00
6.847322569267335624e+00
6.867371033682349690e+00
6.067640778485959174e+00
9.278106099189509237e+00
7.734873071650602228e+00
6.444473405826773416e+00
8.358512179944643350e+00
6.911353101615103078e+00
7.957319850662234018e+00
7.690140448219406011e+00
8.014982075447477428e+00
8.092933471272736767e+00
1.048480231855948830e+01
7.819614593653430923e+00
9.782726159690525947e+00
8.404011029266436950e+00
9.614974210208842464e+00
1.074137557717344293e+01
9.746254943794847136e+00
9.419635507666200169e+00
9.434537169766922915e+00
9.579649101575906656e+00
9.467875939147834430e+00
9.088165584889035031e+00
9.505064239430613071e+00
8.928660803804318036e+00
8.760329450850427691e+00
1.052258809033840947e+01
1.047619980874988954e+01
1.096457555699265285e+01
1.124779960279699687e+01
1.096938002301099679e+01
1.005619163500804092e+01
1.084826119523083499e+01
1.055201031603167827e+01
8.658671347630258808e+00
1.015904372483605123e+01
9.363780791575042173e+00
8.535980878118495596e+00
9.811160352932180473e+00
8.873025170149947627e+00
1.047541075328260618e+01
9.071536694303873105e+00
1.063995943002604250e+01
1.060129035126811559e+01
9.578661368865818204e+00
1.022177918893456727e+01
9.147952621916708438e+00
1.038722696084771968e+01
8.418492459659340454e+00
9.271535811005557903e+00
9.539616963046993803e+00
8.249298411195024272e+00
7.354960530546247099e+00
9.450794473212923208e+00
1.026899408086228505e+01
8.622833048066148365e+00
9.104528001344023735e+00
8.794070538916695767e+00
8.332359951584894731e+00
9.968788384150521154e+00
7.872133397655125542e+00
9.072621693298591694e+00
9.586539036130158564e+00
9.864907125372244678e+00
8.711557011854743848e+00
9.068792724370080549e+00
8.267507218511571665e+00
8.194256475694880137e+00
8.866829466686166228e+00
8.201767549437217752e+00
8.324122513216927643e+00
8.016182998772713120e+00
9.154674255264412253e+00
8.717265211837155192e+00
8.830307845409716805e+00
7.010783517468181181e+00
8.236894984966264488e+00
7.684674232215351175e+00
7.447763162425592220e+00
7.067874044862706207e+00
6.126193936732778234e+00
8.224799950916256819e+00
8.024867160054373727e+00
7.965303148885148232e+00
7.362143015259839274e+00
7.067025584057162746e+00
5.828071463569315824e+00
6.658289165894035300e+00
7.640172259395406229e+00
6.662222496578438680e+00
7.276361543531921328e+00
7.798002263513038379e+00
5.743925801866332392e+00
5.115957373618568838e+00
7.274855408006134283e+00
6.470083256280926065e+00
7.087816006087491516e+00
7.229469060642159661e+00
7.218115425774161764e+00
8.402809888080355449e+00
7.838323152853295284e+00
7.936282305105183177e+00
7.922509531897206969e+00
7.428487276073490797e+00
5.531332541041242834e+00
7.315865086331868383e+00
7.014971554571271639e+00
7.457354403172284485e+00
6.147179675756075490e+00
7.135733138102253292e+00
6.117089624718477836e+00
7.062953307007324710e+00
5.924424189876049240e+00
6.011672793829378136e+00
7.795294078919045688e+00
6.539131044065970677e+00
7.379556230291504093e+00
6.842549974914279964e+00
6.981801419339284109e+00
6.018118149564647190e+00
7.800156719356987622e+00
7.118487694149793654e+00
6.567143841342227617e+00
7.234426409126342605e+00
6.718998579716919828e+00
5.267234558572423175e+00
8.537388212216919570e+00
4.980755093010095891e+00
5.166581678773010111e+00
5.554301097626477279e+00
5.860037137471143076e+00
6.545024608077917527e+00
6.543193989554710654e+00
5.641575487536845124e+00
5.466493038868638799e+00
3.973221177578075025e+00
4.222361905207716148e+00
4.169736256519215090e+00
5.507328788050961599e+00
4.135643683972039852e+00
3.598962896269911393e+00
5.923553376685594785e+00
3.991409691465225063e+00
4.695848907447589760e+00
5.526276672937834533e+00
4.254249715827537415e+00
4.129231454696244974e+00
4.115022635106346804e+00
3.226902050174793146e+00
4.577534800706598794e+00
5.062486530174677313e+00
4.869105972796994308e+00
4.507881478105612238e+00
3.525138415442847784e+00
3.231152333312228286e+00
3.869523110489258677e+00
4.326251742164389569e+00
3.754694991694625283e+00
4.689437827110030099e+00
4.844241702876345812e+00
2.105455293788619731e+00
3.535914609630007366e+00
3.270799050459336055e+00
4.758605492029648332e+00
3.644530849023241537e+00
5.228172422455498847e+00
3.618485377190248542e+00
3.837041887280607355e+00
4.253854041666541796e+00
5.096021077970098290e+00
5.688294922532614706e+00
4.294947551864599866e+00
4.669733707546329882e+00
3.371488715519040724e+00
3.779889113173324322e+00
3.543331854552123072e+00
3.732335307692921766e+00
3.954359714727049280e+00
4.893372533825449899e+00
3.074625490239554004e+00
3.724442115939940123e+00
3.955608370432464049e+00
2.900170323665591798e+00
3.609697094964706032e+00
3.168871886349307498e+00
3.408712288887623565e+00
2.255269665742547058e+00
2.502878871561320828e+00
2.640326644660246469e+00
3.129415183069203632e+00
1.903096207597539724e+00
2.753675497026901731e+00
2.086424037166838108e+00
3.452876146864526596e+00
3.366551043249354169e+00
5.229715372410083774e+00
3.426831195277498132e+00
3.988537339864350884e+00
4.093762230422654191e+00
3.248765331246497468e+00
3.032500255720893101e+00
3.536821668667504692e+00
4.804823822727906979e+00
4.850947218950834028e+00
5.904268414835374124e+00
4.214255806722528419e+00
5.087857430542271686e+00
4.453529643505086177e+00
3.847570493271949665e+00
3.792069533846633256e+00
2.105311411937291322e+00
4.614362240345185384e+00
2.357445754466924726e+00
2.699064257726921046e+00
2.969958323525771160e+00
3.764672322913278801e+00
3.559919467958935435e+00
2.751543772598542326e+00
3.945219961890072291e+00
2.354685028086661802e+00
4.441700625857939677e+00
3.816331109065109306e+00
3.150861015867474357e+00
5.100575659863829436e+00
4.837162510923725733e+00
3.914917482219800959e+00
2.842146264751277407e+00
3.045309787187806538e+00
3.065821085509319310e+00
2.902392049624221926e+00
2.889393330320569220e+00
3.491541656773382574e+00
3.818507720113765380e+00
4.653924946077918179e+00
3.860012704855261934e+00
2.877506447201780837e+00
3.810675561171267489e+00
2.820621195601546116e+00
3.313538135146545827e+00
3.210680790688446251e+00
4.526064937201822680e+00
3.109316270827648498e+00
3.791099600469426179e+00
2.850450500962204536e+00
2.429770650916986963e+00
4.515242512706105771e+00
3.335521386407894084e+00
4.920002468721028421e+00
4.634208790064779926e+00
5.219159642562724244e+00
3.517657214098619534e+00
2.208654022542511086e+00
4.814479102766569873e+00
4.753632268848443587e+00
4.392366271799661881e+00
5.384186073046044463e+00
5.013591772053715090e+00
4.785606299811675513e+00
4.257923849325623067e+00
3.381709853773557928e+00
4.427783803800284801e+00
5.228519544970154698e+00
4.771030975531338925e+00
4.683188768347513076e+00
5.962779080878654270e+00
4.705765540524138757e+00
6.197904541546210844e+00
4.982006608985029672e+00
6.562540651168168537e+00
5.252173167175437030e+00
6.280672941893606698e+00
5.642784559874365335e+00
6.416262978098255410e+00
5.137659643319094194e+00
5.944554928703553287e+00
7.602992691886399257e+00
6.046515917547901964e+00
6.361176877094896653e+00
5.986252328712361681e+00
5.350161349966112034e+00
6.321724324937028072e+00
6.345944112577896590e+00
5.785368642991737254e+00
4.932339108721488508e+00
5.515628796775079223e+00
4.833246072278612360e+00
6.278573489077072800e+00
5.879564721977203590e+00
6.781527038868872204e+00
4.096215658060342157e+00
5.643192482168048585e+00
5.565155224873584494e+00
3.560684640988660554e+00
4.954386685506970700e+00
3.710566788574320096e+00
4.083852805870185065e+00
4.816484327910005803e+00
5.733068778267027099e+00
4.707057624303421228e+00
6.061838798329992173e+00
5.652357371108176487e+00
5.259262538325534031e+00
6.035393514478895050e+00
5.926140919385403549e+00
5.593287049244989539e+00
6.152927178429413502e+00
5.086551947074857694e+00
4.990733142112213194e+00
6.876737078544192805e+00
5.346663128252833630e+00
5.014842446764206763e+00
4.184136498363914214e+00
5.781629701996304327e+00
4.783083876041451354e+00
5.169163833269881714e+00
6.151686469658670831e+00
5.726055024657808801e+00
5.451020655660537173e+00
6.317527081149061807e+00
6.531012011797290739e+00
6.167155991904397894e+00
6.505992064659423590e+00
5.854602326465512263e+00
6.436245715264222511e+00
6.611936831041419715e+00
6.026954171231575508e+00
6.322702684638842108e+00
7.600222731439877144e+00
7.337595688524881865e+00
7.707016875118801735e+00
5.923394328936429254e+00
8.426513076782228495e+00
7.443730888453753636e+00
7.110096880394329411e+00
7.625554375285366504e+00
7.986460363291061348e+00
7.243452620908063189e+00
7.855853223344068326e+00
8.940970301722405367e+00
8.575462318203399548e+00
7.280232720753746278e+00
7.433811558062246583e+00
9.263855040577936961e+00
8.450270772090808791e+00
7.302025880624571919e+00
9.728202500468391634e+00
8.963789528783541627e+00
6.849848062285459172e+00
7.044588806371455014e+00
6.604601532149060539e+00
7.117678516211917383e+00
7.901333379305048865e+00
6.861213584681436828e+00
6.613175997859738864e+00
6.760057970139661698e+00
6.813805696964140068e+00
7.533119089212347852e+00
7.860327085614635223e+00
7.778345510456542655e+00
6.666882474946342896e+00
9.370522886752670644e+00
8.203735799937215134e+00
7.475310127357664314e+00
8.118157704141774289e+00
8.017268376277847608e+00
8.990742686402679595e+00
8.564773555201309563e+00
8.152080743456593837e+00
8.565456783745819536e+00
8.622225718714128462e+00
7.788058271667907206e+00
6.917588729157488459e+00
7.592139012348902760e+00
8.167298595656157900e+00
6.339085707864441588e+00
8.072285030242968062e+00
7.133680776344940355e+00
6.898652509987190484e+00
8.263136524796365734e+00
8.539181157934155664e+00
7.967693205688880731e+00
7.889994212469579438e+00
9.396900747082092664e+00
7.803386956276248121e+00
8.490347990380371357e+00
8.932420152431356897e+00
8.863351608237501011e+00
7.850841867999550416e+00
8.449410597515324639e+00
6.946523248515044102e+00
6.905187816592701644e+00
8.316354773005864232e+00
8.122512111060762763e+00
8.609737925936414626e+00
7.645004162976523077e+00
8.408613204541962816e+00
7.402182621822373854e+00
8.538355949462115291e+00
8.820489722834551571e+00
8.092742238921822207e+00
7.205259972999515483e+00
7.963834828075802896e+00
8.950664318778553508e+00
8.096161426313386755e+00
9.451726232937293304e+00
8.249009372121751227e+00
8.616713704300046572e+00
8.698688001888417176e+00
8.351185379519073138e+00
9.193455178509323034e+00
8.486186151022451440e+00
7.671884248145352636e+00
8.641845361740358555e+00
7.083004146448040217e+00
9.079127607206181949e+00
9.710608415182015563e+00
9.267693116214438476e+00
9.365266798610116794e+00
8.362394728152043655e+00
1.078805756865423859e+01
9.640874435279584986e+00
7.969136419941808214e+00
7.291511450551313445e+00
8.081494951134551741e+00
9.182170831883649242e+00
9.040897727923248084e+00
9.883984086546245607e+00
8.047848387848942409e+00
8.599558325178106699e+00
9.759431917891383534e+00
8.687303804282628050e+00
8.022571113146526045e+00
9.104640901547927712e+00
7.994563616231815217e+00
8.822164498900278318e+00
8.140974498218408684e+00
8.482523098555965646e+00
9.113824582839288979e+00
9.638816218780096534e+00
7.846085208303437142e+00
8.489656738223663623e+00
7.426028032602426165e+00
7.810490037640528627e+00
6.701498032249475045e+00
8.203611789936040566e+00
7.381436627145262719e+00
6.765334623548744375e+00
8.929040910344344439e+00
7.157196043993225842e+00
8.263390718254910894e+00
8.787757217994659698e+00
8.192105354201874690e+00
7.078708396564144856e+00
8.575184997965333622e+00
