2.437432836231492872e-01
4.594708494391593900e-01
4.150615751380259399e-01
6.306255314833796310e-01
8.994734131871435778e-01
5.649889039624451659e-01
3.721241379401578619e-01
7.868800073737791667e-01
8.698179552314735385e-01
6.235637421102576683e-01
7.425385477303613202e-01
4.190877185168029873e-01
5.715857388905745129e-01
4.128734049954622121e-01
3.625852123991182840e-01
-1.349323309968195050e-01
2.084120206970025979e-01
1.473657942237180107e-01
3.895829116383910939e-01
4.442201783684085470e-01
7.581488034502531503e-02
6.501423102765853113e-01
1.177927679665482508e+00
1.535550871992715560e+00
1.321055142963984075e+00
5.751852444015932431e-01
6.429018774146145754e-01
4.594493776868167623e-01
3.423834978396538276e-01
1.056311302902071869e+00
1.192358919205874113e+00
1.242101831986673677e+00
8.656337607016866276e-01
1.329437647033218095e+00
1.415037161364214091e+00
1.796338729264110867e+00
1.888013060134619447e+00
1.960650449336219348e+00
2.729881503611392812e+00
2.403435694329380645e+00
2.045968785605978280e+00
1.532023835370579956e+00
1.699423147995218875e+00
1.565622415486051189e+00
1.914766082583313267e+00
2.161597936075053461e+00
2.625416610493673364e+00
1.696535635056721336e+00
2.192836759845633754e+00
2.136626366008599565e+00
2.354413683824501557e+00
2.236553558257885488e+00
2.684613863388605637e+00
2.619185256344266577e+00
2.832972902525618952e+00
2.889809020978520326e+00
2.850579163886111100e+00
3.132673154362606738e+00
3.894351602046927319e+00
3.847274763322016788e+00
3.760690797732438639e+00
3.639513384971617693e+00
3.559753130324101456e+00
3.824926644073794790e+00
4.405994278566865319e+00
4.714387800903677039e+00
4.813814535449070675e+00
4.565164121302308864e+00
4.181900139175154685e+00
4.192845808402919872e+00
4.099739434544566130e+00
4.164235950797685604e+00
4.322072921824453573e+00
5.112239733082953208e+00
5.393732740408300863e+00
5.694293759569420743e+00
5.557175014885896047e+00
5.529732807125590455e+00
5.078807945218696496e+00
5.082063059934500693e+00
4.833063130458268297e+00
4.676559355126519435e+00
4.212199053415350392e+00
3.735540205273821357e+00
3.821754589778266986e+00
4.318206720768374751e+00
4.200164977628582541e+00
4.389629580880063386e+00
4.483370429120068223e+00
4.805213177762443166e+00
4.754259803580655586e+00
4.895812527421044891e+00
4.413033795874980569e+00
4.399497308071352641e+00
4.379934913046670708e+00
4.572661318366017191e+00
4.613419459912408982e+00
4.200954828122107187e+00
3.817073668301106615e+00
3.521515980396383139e+00
3.795335804588924500e+00
4.323820268743646444e+00
4.028575014523865683e+00
3.925935622002223457e+00
3.819870271858749611e+00
3.493904150474704373e+00
4.082497555771520403e+00
3.948695195103679279e+00
4.065733598885474365e+00
3.952038474703544857e+00
3.885449917048471313e+00
3.724915010633194967e+00
3.993322901172089434e+00
4.055201412290487362e+00
4.045326654396729893e+00
3.544817840828483391e+00
3.150606084086386982e+00
3.450282291190896800e+00
3.499878604191087650e+00
3.230023767685084035e+00
3.165749073675777847e+00
2.780050686375295399e+00
2.302261951139636054e+00
2.367032670134173955e+00
2.431284588152638371e+00
2.133979389522328241e+00
2.487012463367395121e+00
2.488805250190817553e+00
2.857188326026722347e+00
2.754476565471184468e+00
2.592400175067941959e+00
2.639211939807327045e+00
2.404305204997940759e+00
2.771559181021340468e+00
1.948771723947252399e+00
1.856398972185816287e+00
1.560699908142785919e+00
1.899766743850424877e+00
1.713812819829894529e+00
1.381873735521934154e+00
1.666186886183984583e+00
1.517468897104560233e+00
2.118878488404156268e+00
2.415876453205972219e+00
2.615999936242379142e+00
2.529588787724513566e+00
2.728824664873924277e+00
2.740130845574310303e+00
2.746627184483431350e+00
2.308090896492808852e+00
2.595534273659525049e+00
2.410636466744302986e+00
2.595306640742184090e+00
2.377783622511645323e+00
2.027661177508731427e+00
1.772236510085958505e+00
1.888841252695559358e+00
1.458647264761742557e+00
1.407006065018309604e+00
1.450441223688742731e+00
1.418824964816962630e+00
2.172161793424721932e+00
1.582215955140479302e+00
1.343486192909380206e+00
1.785434751789292562e+00
1.403761508114433010e+00
1.427409678381295954e+00
1.120279692736828370e+00
1.339538437575879204e+00
1.285672693219462426e+00
1.465099521537381433e+00
2.017839984870116510e+00
1.658412451172421642e+00
1.628262241192121706e+00
1.236264506408034869e+00
8.299884767208101088e-01
8.099888647183032253e-01
8.715216333959177053e-01
7.427336109103425121e-01
7.656503438503418080e-01
4.300796923149242668e-01
-8.127841931629409267e-02
-7.629939570433506013e-01
-7.428482022341437174e-01
-9.925479091305683399e-01
-5.306869067469335288e-01
-4.089451931805562768e-01
-9.822290907878883370e-02
-2.169065815765627014e-01
-4.415382123215113030e-01
-4.880278120026014799e-01
1.661110349048191548e-01
-7.114331419474867468e-02
-1.065869696422223623e-01
-2.811374255786480147e-01
-6.977034487956668141e-01
-9.005949101353534214e-01
-9.275953300600885409e-01
-1.191750692632583597e+00
-8.616577554653527260e-01
-9.908076590127126160e-01
-8.891257478852717666e-01
-1.469405646367470730e+00
-1.302094882078420834e+00
-1.328968186566645837e+00
-9.699312146066672025e-01
-8.256134536795481926e-01
-1.098341401970491571e+00
-1.247442983994303756e+00
-1.052487606693291777e+00
-1.130744061016373703e+00
-6.175226578301942215e-01
-1.132665138913272695e+00
-7.671491733166309057e-01
-6.397976182702309611e-01
1.304889534026744125e-01
-1.805570911721567917e-01
-1.737015310273039015e-01
-2.155346653361865927e-01
-5.681754593128720554e-01
-1.256968177450828117e+00
-1.321252448417446157e+00
-1.144455627491697047e+00
-1.059008559956002182e+00
-1.101953940674685661e+00
-9.406752045569468645e-01
-1.388318170693136011e+00
-1.383937105324297923e+00
-1.290935868345335136e+00
-1.692510311062740858e+00
-1.328284706719577102e+00
-1.312844327867780603e+00
-1.727371946671376612e+00
-2.023677766409119894e+00
-1.948032308264149748e+00
-2.110452450528848001e+00
-2.330875028711250518e+00
-2.925190776127014836e+00
-2.551217313254265484e+00
-1.430244057078138287e+00
-1.438735187234608803e+00
-1.276716393568523511e+00
-1.106994996400159081e+00
-1.565969992950016154e+00
-1.255935586122379766e+00
-9.592009479851020259e-01
-6.986483178037589115e-01
-8.463350821643269573e-01
-8.721409318476996964e-01
-4.880140560258840465e-01
-4.411823586313153855e-01
-4.163087266804472164e-01
-4.819468049831597267e-01
-7.672215082494094895e-01
-9.670266902056685598e-01
-1.340874343342441044e+00
-1.899269290342691763e+00
-1.694928130552983525e+00
-2.236994637516302120e+00
-1.995189526802132463e+00
-2.271627254193519629e+00
-1.987490933388341485e+00
-2.098954171248530454e+00
-1.779098166454157415e+00
-1.668969995731458988e+00
-1.882660852660550388e+00
-1.330673722460536501e+00
-1.034886286002324018e+00
-1.248518102480514091e+00
-1.199165100604677292e+00
-1.241183119440141702e+00
-1.087088358793808940e+00
-1.075883340671150767e+00
-1.785369742337914900e+00
-1.575325657119969858e+00
-2.250065746630933283e+00
-1.929429547336762196e+00
-1.660586968643080530e+00
-1.488583056455441866e+00
-9.646171763527158216e-01
-9.976865690481072635e-01
-1.421880829028953297e+00
-1.618839843008083923e+00
-1.759747724425422710e+00
-1.807755003807599348e+00
-1.360161538478037002e+00
-1.295413968475253474e+00
-1.257971529184859216e+00
-1.343776773079512044e+00
-1.193141516127633972e+00
-1.200739470590597824e+00
-1.204339214275401471e+00
-1.763388537236633136e+00
-1.231342110843016924e+00
-1.013439199230297572e+00
-6.688064981585613022e-01
-7.597268032133422944e-01
-7.056394884187566774e-01
-1.231508934072847339e+00
-1.193258020110474549e+00
-7.800293049459323669e-01
-5.207025030692500334e-01
-5.179440196610418656e-01
-2.701745969897390021e-01
-4.234899748081145110e-01
-6.676820653564823349e-01
-4.023822696163866230e-01
-1.667890845819802736e-02
-3.399549427741934693e-01
1.094508069368118064e-01
-6.192804070572616171e-02
3.930385404120707027e-01
2.667445403334164356e-01
4.010924274637795994e-01
-5.426536067828613419e-03
8.542579937017042990e-01
9.126406762896709379e-01
6.828692372996798543e-01
3.576604160738443006e-01
5.257097474718041008e-01
1.042860385882474761e+00
1.375983951275165262e+00
1.231921899383445096e+00
1.018080976113660663e+00
1.191638343502390063e+00
1.144416108491786765e+00
1.304546115897834646e+00
1.149984302174975603e+00
1.146635419612674234e+00
9.827033927856553275e-01
7.342355008826807472e-01
7.610731077632146846e-01
8.323993652306387325e-01
8.918195679664991937e-01
8.729581547854146084e-01
6.225570635222101856e-01
1.189445657052068395e-02
-3.487792509821386888e-01
-5.303367921935013829e-01
-3.508958720208161797e-01
-1.919874191097533378e-01
-4.273647851742652937e-01
-1.737005363794713597e-02
-8.891797808292638272e-02
2.663360339510721375e-01
2.878944803407049169e-01
4.705694678923039720e-01
2.472270683370513811e-01
2.493888603103317780e-01
4.658639669504905934e-01
1.005042160018764896e+00
6.794059555777447468e-01
9.374438338869988119e-01
6.632965857840916746e-01
6.503338313846219743e-01
8.453391588842874560e-01
1.239440806001413709e+00
8.124338102409971452e-01
6.713470092999886951e-01
7.022707728450949816e-01
5.461761163658291895e-01
6.315045317948515535e-01
3.704469446759515172e-01
6.020837699945196242e-01
4.687641649327304316e-01
3.879638268045904614e-01
1.194630503949898559e+00
9.649210747499521457e-01
1.474142361648621558e+00
9.319570434641747392e-01
6.464337886957829404e-01
1.026645741618423591e+00
1.416590278784471080e+00
1.617058018497673944e+00
2.002895079945892221e+00
1.956841229225252166e+00
2.293260947537222982e+00
2.330698061103425367e+00
2.886727228756173602e+00
3.113180594302978221e+00
3.083143908638148467e+00
3.052523556202500377e+00
2.934181611503065668e+00
3.188963714574136077e+00
3.258311599899347488e+00
2.721411477763476583e+00
2.627313566851062987e+00
3.019360799794234662e+00
3.296331643581988935e+00
3.810054651226806310e+00
3.609002727206659156e+00
3.749105758427250912e+00
3.540424918149339906e+00
3.456216084112990750e+00
3.230016446152832010e+00
2.921148314044087257e+00
2.384233685366188737e+00
2.212083900890533084e+00
2.253906787549276647e+00
2.480568694525305595e+00
2.239925687145621680e+00
2.434920066317577181e+00
2.141460271938687043e+00
2.296995117042745171e+00
2.412662527987699423e+00
2.542477975204756380e+00
2.883139941051426902e+00
3.113091838622628948e+00
3.343424426549254758e+00
2.968535496573603716e+00
2.896359954731221098e+00
3.281782999723003691e+00
3.630908817319515869e+00
3.612374919319378819e+00
3.344539390947097957e+00
3.286959119286602338e+00
3.086978102774005084e+00
3.176992330702013145e+00
2.492205847996534551e+00
2.450614665843157347e+00
2.563446984389130545e+00
2.768570519828047249e+00
2.715999536852984342e+00
2.313556973842756825e+00
2.437874178755669252e+00
2.776202807630882230e+00
2.709866190787536766e+00
2.966747418750713017e+00
2.813919794354037496e+00
3.338709335746901097e+00
2.700113935238444007e+00
3.250062552857340137e+00
3.228273383958391030e+00
3.363261865454056032e+00
3.459115721326965875e+00
2.527659280660248697e+00
2.752124638643861587e+00
2.792257147158970554e+00
2.513852500296481995e+00
2.821435055763754196e+00
3.149725628467265892e+00
2.837708874968382755e+00
2.881578042840410525e+00
3.333240445404046959e+00
3.263965973352645378e+00
3.311139078224647925e+00
3.282018028645615981e+00
2.763804704390290912e+00
2.956149564814314346e+00
3.127429397406558120e+00
2.944289948486846775e+00
2.812621637421755416e+00
3.333594970343913833e+00
3.159646691026854359e+00
2.982426480576791938e+00
3.132335224655418138e+00
3.092885726233637111e+00
2.925304753613389597e+00
3.300783656666951060e+00
3.497375917449271121e+00
3.457251576813312077e+00
4.056393141779029321e+00
4.132896078250400507e+00
4.144750067705221142e+00
4.100178221570565995e+00
4.255713013023017410e+00
4.760750098628889759e+00
4.660440950191475196e+00
4.120621783531472460e+00
3.572881105110643496e+00
3.682824010198507469e+00
3.867558138615430963e+00
4.063418714644592811e+00
3.835486024459275889e+00
3.386227085211761523e+00
3.074521044690501803e+00
3.436367683670748185e+00
3.633543498715421372e+00
3.342499104670405785e+00
3.441239917073622756e+00
3.280424674090275161e+00
3.309229906275411359e+00
3.396868088096617555e+00
3.610947239543222054e+00
3.906010828197415297e+00
3.810659707995609935e+00
3.366612330892169158e+00
2.851092403287393218e+00
2.761703770691453119e+00
2.441130448181181745e+00
2.061778164562937832e+00
2.494921040267350953e+00
2.569889247428513546e+00
2.622363560249299397e+00
2.581451121717721620e+00
2.734423737656820563e+00
2.826429018969792484e+00
2.963165501156006965e+00
2.562699560636952700e+00
2.849853748779744400e+00
2.611732922654327105e+00
