6.022213055189884479e+00
5.787367021379733245e+00
5.461638017482495222e+00
5.272756761763447209e+00
5.367147975230187384e+00
5.787342712349174079e+00
4.165694244922661937e+00
5.522042620892005260e+00
4.755262651982453903e+00
4.511608113851470314e+00
4.247726931717505039e+00
4.162989604686927692e+00
5.444395857824751772e+00
5.717194201604143267e+00
4.665098101865200242e+00
4.033536965837215327e+00
5.193115400417037009e+00
4.979690250311416655e+00
5.809927390918919521e+00
6.960445732239402439e+00
6.928928215162693860e+00
6.341846721042396773e+00
6.674413913058948822e+00
6.764992745710219246e+00
6.920440027955219620e+00
6.346963508654416053e+00
6.726626084389637938e+00
6.100990466692458369e+00
5.369576370814915123e+00
5.067678172455920560e+00
6.696394304720926449e+00
7.708246969477651866e+00
7.469273874196726837e+00
6.361830419821218996e+00
8.037602431838845263e+00
7.469746961390328011e+00
7.616016673849751228e+00
6.310527020544361321e+00
7.606475600492376365e+00
9.423820036924047017e+00
9.200827699434363183e+00
8.098354738008815445e+00
8.293714166971337676e+00
8.522678866283346366e+00
7.203380116252551701e+00
7.957803043264128462e+00
5.553618733098852012e+00
5.696954903954179805e+00
6.713564639818069502e+00
6.047756597437236259e+00
5.597017834691528471e+00
6.680392536671586612e+00
5.440949209054300795e+00
7.114074175096696706e+00
6.016320881649049213e+00
5.649566445953932536e+00
5.551726181445496344e+00
6.326345364380463465e+00
5.884958749163581970e+00
5.439799714976935263e+00
5.731777940944509098e+00
5.907690321661496213e+00
5.074775528715655959e+00
5.352486088447993673e+00
5.838363611710868817e+00
5.376378052529309670e+00
5.271858613486625877e+00
5.850052808523541259e+00
6.767010630610348798e+00
6.758672807460299303e+00
7.602307168358438894e+00
6.596423717897037520e+00
5.396407949507221247e+00
5.554559489294627284e+00
6.435220897102984949e+00
7.074698601690069921e+00
5.443074729060213279e+00
7.935794111285975561e+00
4.372348829527859415e+00
4.660939306703602014e+00
5.595782604275615135e+00
6.053807024151976357e+00
4.228032477488564922e+00
6.747528583499061483e+00
4.710473841979803566e+00
4.986319059625208716e+00
4.437092904081251454e+00
4.577592648749975623e+00
4.877406159116831397e+00
5.876080560328156288e+00
5.742764752754010438e+00
5.342741723058496817e+00
4.678167071892525897e+00
4.118690608166653000e+00
4.135593959091041327e+00
5.209656052829969575e+00
5.816680680105243084e+00
4.808418007736813493e+00
6.145317811914902784e+00
4.113380263716552854e+00
5.088936268198384738e+00
3.923636093567921090e+00
4.619143099612384340e+00
3.612718696569665155e+00
5.218345692229872768e+00
5.074450829389672180e+00
3.317368760810373907e+00
4.779168351489266442e+00
2.491793677650058214e+00
3.450758899946137159e+00
3.074918694927091245e+00
3.622066449161529089e+00
4.458615763198694459e+00
3.504187599847739421e+00
3.529097860390852937e+00
4.842823290371493172e+00
3.983314624211592214e+00
4.542563702404696535e+00
3.832098216467809237e+00
5.574392468132782774e+00
5.953299152124383653e+00
4.198412743303889805e+00
4.971389604936268469e+00
4.203363063843417180e+00
3.912909024685607307e+00
3.821592565145206954e+00
4.122136559568214231e+00
3.594447025829984987e+00
4.897972999892366452e+00
3.874557795763324819e+00
4.821914062357315345e+00
4.659773793035365763e+00
3.991252279033878470e+00
4.827984068582924060e+00
4.530666999563480069e+00
5.619872016353061994e+00
5.847968445225425249e+00
6.013950960351709618e+00
6.082687780506111253e+00
5.815371556010876297e+00
4.853289567752492317e+00
5.794032716142888617e+00
6.404875588744315174e+00
5.331152340115349553e+00
7.996857854549604738e+00
8.242567273960887064e+00
8.759768164880293639e+00
7.306727075664547932e+00
7.712482255174032630e+00
7.487168380797976752e+00
7.308992086003969213e+00
7.484661377924286541e+00
6.990455251955202343e+00
7.130186931364582925e+00
7.668317819458048135e+00
8.749375680428691737e+00
7.261054581679907471e+00
7.669743403137410098e+00
5.959678730139064129e+00
7.016655511375486043e+00
5.248752962724786642e+00
6.484350857101152776e+00
5.455241561909307535e+00
7.392631000247535056e+00
5.438849900994968678e+00
5.500401400063446467e+00
6.364326996878021170e+00
5.700588907165220043e+00
4.266294637475013474e+00
4.918251507467339856e+00
4.989541253278437338e+00
6.309058248683732550e+00
5.271627413272821805e+00
5.975028083893600517e+00
7.364400533706106700e+00
6.779748692853570624e+00
5.579190858884398807e+00
3.693754950242162938e+00
4.174755013637800438e+00
4.548724775775990103e+00
7.037193171314440221e+00
4.682000592257146820e+00
3.504072010213634236e+00
5.275639475874392303e+00
5.262474595069152272e+00
4.935759305427309229e+00
3.521238735203606307e+00
5.231444698208199462e+00
4.934526539667217548e+00
3.952044917434480720e+00
4.666639034869974445e+00
5.909736739546845641e+00
6.273150074329914894e+00
5.925359495101782947e+00
5.707637963848655183e+00
4.700031240432855029e+00
6.829473950955478045e+00
5.759226803481622525e+00
6.264444819703060219e+00
6.484421924182313113e+00
7.396931841787230510e+00
7.586690526210235319e+00
6.999408756935706855e+00
6.198282518448853473e+00
7.858970940698697838e+00
5.945319326795552861e+00
6.662593655372550216e+00
8.147822656648756379e+00
7.986665351388317013e+00
6.651567936303170114e+00
6.375987620037077086e+00
5.246916004063721495e+00
6.315387943367893442e+00
7.000249219132410161e+00
7.876858200728324988e+00
7.400403731408077945e+00
8.462254068384957861e+00
7.794224422562609611e+00
7.932783656648402015e+00
1.041321681093519835e+01
9.235346160067571475e+00
9.327441994473709030e+00
9.488510373502348827e+00
9.935481843165081983e+00
9.702056986665226646e+00
1.189012423134625251e+01
1.169539880900816087e+01
1.163593466360099526e+01
1.077899210254155093e+01
1.203863391373013236e+01
1.181884836388516291e+01
1.060042493727279478e+01
9.284768928310629832e+00
9.603160118951510782e+00
1.013486474485552513e+01
9.783523045660500017e+00
9.646732503186587593e+00
1.016934106636748325e+01
1.031790371810780726e+01
1.202855181314706101e+01
9.931742028202386052e+00
1.066616361432206261e+01
1.003877865724199481e+01
9.285292218342265258e+00
1.164127590367023757e+01
1.029313614064618854e+01
1.120861801664601742e+01
1.044346556257675829e+01
1.094326508901786710e+01
1.036096159219490076e+01
1.155996677856835220e+01
1.011280174295192680e+01
1.054721646286076719e+01
1.046755500979990572e+01
1.009543876755187775e+01
1.078660827271290401e+01
1.073766600911143243e+01
1.175134384566517554e+01
1.161160665875349451e+01
1.114232263363978959e+01
1.134080062550468071e+01
1.115696456628361588e+01
1.216339185076768103e+01
1.102745699625053177e+01
1.087972305267645368e+01
1.306282249150260455e+01
1.259955626165158371e+01
1.265039419513823304e+01
1.111388056635328070e+01
1.203438674968236555e+01
1.365295223026957316e+01
1.281940969358818805e+01
1.343093095982398744e+01
1.368286445065117718e+01
1.193077154734037926e+01
1.340849962314262989e+01
1.430205103806447298e+01
1.313279939068293345e+01
1.396831039983863398e+01
1.538790424894674480e+01
1.357424240595281439e+01
1.584095396801074074e+01
1.506570276152723409e+01
1.412751312741434973e+01
1.374988745609744711e+01
1.499854156741577427e+01
1.610866442226316764e+01
1.609388505571153871e+01
1.546755541176612070e+01
1.543752929439781951e+01
1.425913346513548952e+01
1.675913891119304466e+01
1.557027804449968933e+01
1.631122275180371517e+01
1.612271438037113214e+01
1.546724041889573797e+01
1.461514165661642295e+01
1.577829096019872779e+01
1.534223587742866712e+01
1.306423849791038805e+01
1.390325662619721214e+01
1.390092386271576252e+01
1.555330445105529868e+01
1.411514766864991088e+01
1.521874559177599195e+01
1.474562789576143018e+01
1.512160321690407550e+01
1.557113299000388551e+01
1.589991788430278419e+01
1.463452600791929115e+01
1.549275844975031191e+01
1.417805967894936181e+01
1.505088254397323766e+01
1.590922953932231287e+01
1.555171572805250158e+01
1.456958453392245545e+01
1.397097931804339765e+01
1.504168642610213524e+01
1.472074401070093153e+01
1.500008398659490894e+01
1.416593992233230281e+01
1.488478348556648356e+01
1.460278889339842223e+01
1.480967010665861849e+01
1.505403851816294925e+01
1.547491947246746768e+01
1.627662643234541306e+01
1.445339634567268305e+01
1.504054259163242513e+01
1.553675623786956095e+01
1.542981506055054552e+01
1.525348969974390911e+01
1.621400168847812751e+01
1.420065404868175207e+01
1.537327549252220038e+01
1.322232597657318998e+01
1.423162798707384979e+01
1.408729743528166978e+01
1.548116912052113392e+01
1.487231271517667963e+01
1.371821659069526511e+01
1.419200079886343602e+01
1.355829813206702994e+01
1.423666670442083770e+01
1.414541679426606891e+01
1.389778091201897858e+01
1.373687595776988069e+01
1.331772356018660730e+01
1.478432176352210803e+01
1.336899102643521253e+01
1.451146516682018017e+01
1.332159744092213671e+01
1.270597514463723421e+01
1.407068922956764823e+01
1.388979278634547221e+01
1.439900676841869398e+01
1.384075025127937053e+01
1.386251278716563107e+01
1.385608915578397493e+01
1.303578948089944234e+01
1.399135006715827245e+01
1.419194415890320471e+01
1.300285825798955130e+01
1.307575674330349891e+01
1.319982390107097103e+01
1.324201914352454423e+01
1.196890399143529038e+01
1.474791934271164884e+01
1.277763244694141420e+01
1.291467415392707530e+01
1.300479918192960405e+01
1.284943371501695353e+01
1.271641421192967947e+01
1.271506987027374791e+01
1.299641541160889346e+01
1.227369274626917317e+01
1.394762143374674501e+01
1.438941373454831663e+01
1.347341023004578631e+01
1.436277599372157532e+01
1.354127710930330153e+01
1.390566479984736503e+01
1.221812401985160434e+01
1.569425071805003391e+01
1.469847319292117405e+01
1.258258234596437397e+01
1.299344950762495188e+01
1.390076430274377373e+01
1.467997599471085479e+01
1.409659217382565721e+01
1.331369519753894615e+01
1.295844408304565931e+01
1.358143362005013088e+01
1.342549661917080428e+01
1.471011377298107448e+01
1.276096462645794105e+01
1.363923126151098053e+01
1.449275477920549804e+01
1.338405182029396379e+01
1.327462678873249580e+01
1.385434298004124187e+01
1.266024776556615805e+01
1.225552368549711701e+01
1.335886767940985287e+01
1.302717329482964814e+01
1.417618173282698457e+01
1.328375624668190014e+01
1.315252840354326125e+01
1.309516732965878028e+01
1.360003373169276131e+01
1.266687459525221193e+01
1.465078004779059029e+01
1.468064008119856467e+01
1.452440309673390928e+01
1.453695614059583008e+01
1.551698393098441109e+01
1.556901158547814390e+01
1.534604752041937559e+01
1.407227076540235089e+01
1.352788805882189926e+01
1.535273061374591208e+01
1.469826195999885599e+01
1.522940975397201058e+01
1.348639062823324153e+01
1.277338759471936491e+01
1.349691211711505723e+01
1.501025941236279238e+01
1.544777435333279847e+01
1.349042558620431187e+01
1.579859012387072781e+01
1.467123403726221298e+01
1.481076635400204822e+01
1.392298539436475124e+01
1.412765234761397437e+01
1.387260892680668078e+01
1.444923281210769872e+01
1.508987615975906849e+01
1.452202026806286206e+01
1.539689094913945056e+01
1.409712579371965724e+01
1.664928330647664723e+01
1.479764988305385920e+01
1.455501833618563623e+01
1.453975997142110899e+01
1.439619162638710925e+01
1.545460062963779002e+01
1.359894910551843594e+01
1.555529862223900572e+01
1.487657248791330211e+01
1.621279336592962039e+01
1.499509941092386711e+01
1.513113379246850698e+01
1.491181433734096728e+01
1.605001049215231035e+01
1.442339262197407379e+01
1.636837363788685451e+01
1.582892068249195283e+01
1.624386578400446624e+01
1.465071059684003174e+01
1.616602777523566559e+01
1.484501612009040983e+01
1.538771893050537898e+01
1.513532599968454662e+01
1.559983314369706520e+01
1.455319991095115384e+01
1.670452515618562472e+01
1.618203257999532241e+01
1.716026814193548944e+01
1.651677738378275251e+01
1.597549480839148650e+01
1.660140371196123610e+01
1.614516681414012922e+01
1.788672984042272418e+01
1.699106295235396757e+01
1.716347231296338904e+01
1.651370538480635020e+01
1.757930653762483075e+01
1.701964940781479996e+01
1.604178863502154684e+01
1.780712340359263379e+01
1.623876734219831519e+01
1.671521562089540680e+01
1.757864779763744423e+01
1.683134978685016847e+01
1.724657916833556470e+01
1.770533340747309126e+01
1.745174396919012594e+01
1.829126006975536711e+01
1.804172023326582774e+01
1.966044621545042759e+01
1.791602271370717858e+01
1.879995148726228393e+01
1.904039451781406456e+01
1.947238959042947215e+01
1.776247260880502665e+01
1.951463432135069098e+01
1.931904229132668149e+01
1.963848098606037951e+01
1.900125736954320033e+01
1.899455818245450445e+01
1.833830604579885559e+01
