4.564098393975522527e-01
1.570852212304585382e-01
7.505992912432610242e-02
-2.424238291878105800e-02
4.382320500530526575e-01
4.876194139440795383e-01
2.987619437910411513e-01
1.582044513488133908e-01
2.066100783270257146e-01
9.721370441609542001e-02
-3.587888818629418886e-01
-4.559707046503686523e-01
-3.887468946742387299e-01
7.395259141196225405e-02
2.547887511238549618e-01
5.229268722551741466e-02
2.204763893728978463e-01
4.850089506452641697e-01
6.495089711860784210e-01
1.089915895226976739e+00
1.226503974675586806e+00
1.895025689801390412e+00
1.558856232820355903e+00
1.381144407511893712e+00
1.486074417698748373e+00
1.926705378310512806e+00
1.815991057731435099e+00
1.683906770762869209e+00
1.651572220471466457e+00
1.679334908328703246e+00
1.986214388737462144e+00
1.838466126161280023e+00
2.291185661657835215e+00
2.323066903455679455e+00
2.047308650832161625e+00
2.517993046737030838e+00
2.769097292050302084e+00
2.529805079202539719e+00
2.617537396104083314e+00
3.507647978393829025e+00
3.338836396730044953e+00
3.397793459728120968e+00
3.040000047247371384e+00
2.866978136168691904e+00
2.828937161945481726e+00
2.660311132327538797e+00
2.179363777556662107e+00
2.057184029792718860e+00
2.307991112995411598e+00
1.442012257509977635e+00
1.386172755183357586e+00
1.423912714503571042e+00
8.059408581787602666e-01
5.736915185291283636e-01
3.837869756561161361e-01
4.403790355756220798e-03
3.914612974324829242e-01
6.476345562966998592e-01
4.226908886043533320e-01
4.198254248249631004e-01
1.029114787226198091e+00
1.433992805562211093e+00
9.325396577546772869e-01
8.073894622201681637e-01
1.149078824198036308e+00
8.860986495174483224e-01
1.130502597444668744e+00
1.286871041557052564e+00
1.798065255357168990e+00
1.352626058337706327e+00
1.781124734900156215e+00
1.775780531842543919e+00
1.483507456808484726e+00
1.303374378123449251e+00
1.104040411461639559e+00
1.008780648431067961e+00
9.036225907252626310e-01
9.254654678381708521e-01
3.307212850680415483e-01
2.468288335590417271e-01
3.918512894589678552e-01
3.856430190351331500e-01
-3.306476330805485642e-02
6.991061701313351640e-02
2.013543568507950715e-02
-1.249729838496154710e-01
-3.024894817549008130e-01
-3.277588454198993584e-01
-4.666811201354675864e-01
4.127482445628494201e-02
3.591968462721977784e-01
3.504974366872747882e-01
2.329636654807760165e-01
2.760336638883088556e-01
1.528782743241655084e-01
9.517050935682885848e-02
-7.902011221366608829e-02
1.051424043355431159e-01
-3.861871656990178425e-01
-3.107253018405548572e-01
-6.062212486171745240e-01
-7.652807058706642129e-01
-4.155776314219760126e-01
-6.506484789558530935e-01
-1.504179110896946003e+00
-1.182543053707064473e+00
-1.417589288292694150e+00
-1.641713078234172007e+00
-1.929010653867885061e+00
-2.152649412831054487e+00
-1.704121781672792935e+00
-1.259814749595001171e+00
-7.142872159980270252e-01
-9.231923706769079585e-01
-9.062972728952641832e-01
-6.312112189283758390e-01
-7.738120614220291849e-01
-7.039318787823637402e-01
-4.911784410494225428e-01
-3.281304188285771861e-02
-1.089583861292175576e-01
-3.733530035108447165e-01
-4.702534386584803494e-01
-6.785338849885655943e-01
-9.679402061587911721e-01
-1.121518944151120634e+00
-1.153033003969275549e+00
-1.067568526331629242e+00
-1.072440000991641940e+00
-1.031466605911939061e+00
-3.085940290999734659e-01
-4.910434499510866746e-01
-5.581219375885563272e-01
5.120109274040829384e-03
9.093525044110127575e-02
2.969306841704638100e-01
4.513239027674821324e-01
7.647168901127925356e-01
1.659555589170500056e+00
1.507066112758682408e+00
1.546627405566115332e+00
1.760114204872518240e+00
1.618922863046688754e+00
1.650342591564651018e+00
1.812771687869164206e+00
2.298123870840213634e+00
2.153008732262278624e+00
2.321630494282121759e+00
2.229586041906446159e+00
1.996841616386526352e+00
2.036384778316108424e+00
2.645108304559666390e+00
2.653614990985032396e+00
2.733501414704689658e+00
2.257396247302918102e+00
2.477744056233527115e+00
2.525090790439328714e+00
2.642487434050225126e+00
2.025794519883068023e+00
1.817749625764612187e+00
1.035357605990113727e+00
1.016454637742119083e+00
1.218743548439753743e+00
1.060445151503751404e+00
3.671441930119444530e-01
5.120609428956630627e-01
5.512011370482168271e-01
7.011699976905296783e-01
2.704573038056457546e-01
4.571257333150186009e-01
4.536528922148616583e-01
4.215661056748374325e-01
7.091399092741770271e-01
4.664486814796446890e-01
1.034456057879106661e+00
1.192241583131570026e+00
6.244118376936274029e-01
-4.361525599454674218e-02
-5.547287574232560858e-02
6.048377646693439136e-01
8.899826226225746595e-01
3.994965249383277683e-01
-4.938230527482287968e-01
-4.530783133871791324e-01
-3.570383051654993367e-01
-3.164505353560559398e-01
-2.762469238379782754e-01
1.621018004643202115e-01
-1.813178490192774439e-01
-4.153436422352655422e-01
3.078760575257978305e-01
4.974429553904844425e-01
6.933695333489406920e-01
7.329593932907404463e-01
7.145803480532151308e-01
4.958654879057629028e-01
1.078373010374760632e+00
1.043925689326343331e+00
1.718673844616003255e+00
1.659262547797997200e+00
1.614294126805380980e+00
1.881982282606966539e+00
2.074721781398206844e+00
1.758879292062920596e+00
1.945977339376526949e+00
2.218854642331409277e+00
2.210559665343711178e+00
2.251161687670062417e+00
2.083661025385887378e+00
2.071812813357500449e+00
1.767182290184745819e+00
1.612883566709313099e+00
2.114636500760518789e+00
2.647456931159379856e+00
2.555647102395277592e+00
2.338457185747822908e+00
3.176594434278873891e+00
3.294771562952181654e+00
3.990751470994297279e+00
4.393523830507239936e+00
4.450646383761848845e+00
4.692008399231948346e+00
4.418163926895947391e+00
4.659334409512041475e+00
5.448591581683512430e+00
5.317799605536343677e+00
5.400027025196337149e+00
5.973045154052963213e+00
6.496909000974032899e+00
6.943132472603801730e+00
6.283751122383700149e+00
5.875622296232646313e+00
5.485872029851106113e+00
5.526881233888954803e+00
5.428684522279332292e+00
5.135147820751027936e+00
5.489237922808821502e+00
5.481560697723317332e+00
5.250950281261221875e+00
5.428666399788631303e+00
5.642253324482679133e+00
5.643883371888284373e+00
5.351862794359403708e+00
5.396964313342547115e+00
5.574064515001384557e+00
5.812404358196308962e+00
5.999203799234568812e+00
6.309997841067508162e+00
5.870074511902377168e+00
6.096150059591236570e+00
6.138343331740138353e+00
5.767517819721867944e+00
6.348857999984657496e+00
6.418586256057824180e+00
6.224271431171968239e+00
6.509800450092887658e+00
6.657329734075782213e+00
6.520681043012945821e+00
6.606819798987518588e+00
6.261103492607641208e+00
6.063180629801102839e+00
5.636414471370978951e+00
6.225461831088981768e+00
6.269696115834938688e+00
6.220711663662799040e+00
6.887809142327263601e+00
7.298280095492875041e+00
7.419185706451481011e+00
7.419988408329500906e+00
7.870194286000043782e+00
8.553594505281695959e+00
8.542834086584893072e+00
8.070934243350503579e+00
8.440470693192411389e+00
8.173430575970030532e+00
8.633596158123083342e+00
8.684089726599612646e+00
8.903383875641075917e+00
9.023124411504952036e+00
9.238584066274500017e+00
9.334876349419523933e+00
9.517232966375248182e+00
1.032397516811713878e+01
1.000754981610333871e+01
1.003678403021469734e+01
1.012598610763261853e+01
1.043865991336114796e+01
1.047822394133038593e+01
1.043524381608126994e+01
1.052989821486718824e+01
1.064560997415414079e+01
1.047372937106060142e+01
1.024088793995963265e+01
1.064863844071133592e+01
1.095406109849565546e+01
1.033371924101274786e+01
1.020379375891505624e+01
9.743904150442471490e+00
9.668354041881674021e+00
9.587646177112121748e+00
9.253125760813855294e+00
9.564783215905565683e+00
1.020641036060393780e+01
1.003179842229437746e+01
1.046676846396956684e+01
1.032777630825195203e+01
1.067255740407446574e+01
1.055690087690621226e+01
1.037297320682826829e+01
1.016874997128858560e+01
1.005164049497003376e+01
1.018535878614513024e+01
1.011403251154529848e+01
1.023019151659068093e+01
9.804299681246570586e+00
9.756637845829343902e+00
1.005677848590505796e+01
9.870747023087249161e+00
9.798549345227378637e+00
9.622431763233512569e+00
9.539041471721674270e+00
9.399447657954661750e+00
9.795192812975049179e+00
9.511215849657544297e+00
9.623644355931071814e+00
1.032104188857674032e+01
1.038148478327440571e+01
1.014190076025543341e+01
1.040204565266883918e+01
1.021691301411742892e+01
1.026411651089344090e+01
1.006939859242560509e+01
1.016476330122668870e+01
9.899375460833830687e+00
9.507818288311353783e+00
9.240552641511483145e+00
9.525229695663888663e+00
9.765584291219882473e+00
9.940178023744964619e+00
9.898459485760154664e+00
9.682573239306659474e+00
9.459793235049300364e+00
8.952399255833444869e+00
8.844268883601186459e+00
8.914507001969665723e+00
9.011643348526654052e+00
8.899204658993125960e+00
8.742158226706342461e+00
8.403743722376706415e+00
8.552676538159106556e+00
8.257565641469900797e+00
8.364968000347213106e+00
8.646824016200021390e+00
8.511206283097044079e+00
8.722654738892103410e+00
8.856697510876516688e+00
9.033740260318573689e+00
9.350366140670749004e+00
9.199195068141179377e+00
9.491163348819268819e+00
9.084578967136517136e+00
8.666248427840431034e+00
8.846074475023673500e+00
8.533724294396844101e+00
8.330646112007007886e+00
8.585226395529659271e+00
8.367915720754050213e+00
7.873600647104870731e+00
7.939176853164619629e+00
7.839975047426397836e+00
7.844320609180915227e+00
7.069641206724670113e+00
7.610072954977869841e+00
7.789019808974111392e+00
8.081096005781807534e+00
8.113659092255099736e+00
8.258589557346859067e+00
8.782382040297621373e+00
9.035780579679011382e+00
9.352582354180141166e+00
9.236410426793455031e+00
9.135111461881507466e+00
8.789240623817256903e+00
8.727888607924388253e+00
8.514856587865885729e+00
8.423293204445606364e+00
8.152063396783072236e+00
8.393283584399807040e+00
8.955533618289059916e+00
8.999986598885659106e+00
9.090866259456582554e+00
8.946269454613634764e+00
9.086277426305722216e+00
8.933389693826834232e+00
8.252037386875242575e+00
8.650039371447006076e+00
8.508162308148666142e+00
8.642849275660978492e+00
8.422153126332323936e+00
8.623508308428768032e+00
8.484783893801170152e+00
8.387561285392097332e+00
8.119662054934940087e+00
8.693117569140222045e+00
8.909241285072690530e+00
8.746078631617464794e+00
8.310506419189106708e+00
8.340729173675528685e+00
8.580265481064898836e+00
8.581279738754808761e+00
8.484822030583723418e+00
8.598690149612032485e+00
9.012024935476775411e+00
9.430233943502543070e+00
9.987725226798870537e+00
1.015226620362640908e+01
1.003796597009802127e+01
1.001185401372837447e+01
9.667669397161999356e+00
9.428060089951927125e+00
9.207238697216546086e+00
9.492982303045588210e+00
9.186931785103139347e+00
9.186603898036286964e+00
8.775297419685808009e+00
9.000466583489700412e+00
9.164277021162806847e+00
9.093139118349554906e+00
9.637698136803631854e+00
9.732002333416632567e+00
9.588729624779803729e+00
9.689405866330780270e+00
9.350998249499369308e+00
9.438148973036163625e+00
9.466573663524064486e+00
9.106625292856787013e+00
8.917709292296805756e+00
9.598203117815982566e+00
1.009906408747975348e+01
1.022797652135511726e+01
1.018153093971701217e+01
1.006879662173347079e+01
9.529003181829446945e+00
9.364969919175839763e+00
9.884538011351036602e+00
1.010276963216901613e+01
9.881490182018794144e+00
9.829006298208074810e+00
9.839219063540213028e+00
1.059622320722196953e+01
1.053165263848611666e+01
1.049642233114328072e+01
1.081215793060944286e+01
1.034964591326152394e+01
1.044666547084413111e+01
1.053054119892883200e+01
1.061453971403639152e+01
1.097276791826376119e+01
1.065092900119999442e+01
1.048732816337097340e+01
1.019257078415252238e+01
1.069032015459665175e+01
1.052323128703482524e+01
1.049372996729855956e+01
1.074191234244457505e+01
1.130765241093702045e+01
1.157053166791576793e+01
1.186972855419388395e+01
1.147009623000152700e+01
1.155574852283156773e+01
1.192972890334795899e+01
1.168223477410765199e+01
1.164033788706301209e+01
1.188010834077385880e+01
1.197081084904479376e+01
1.222542382285990392e+01
1.193989811007986468e+01
1.179355511104955667e+01
1.202483001655252970e+01
1.191202746929442924e+01
1.179191946490489151e+01
1.178852726673206419e+01
1.171401551627533166e+01
1.226347500726423156e+01
1.231000868895067057e+01
1.252246962919588036e+01
1.281382849194424267e+01
1.326812169195065216e+01
1.330679422714220372e+01
1.363785327102834621e+01
1.343535864255973777e+01
1.361077517134879500e+01
1.356957354507397007e+01
1.337445614929959703e+01
1.361974514449629226e+01
1.417113181952171885e+01
1.436300526993765025e+01
1.459132962338802386e+01
1.458701346281626066e+01
1.468338958595414390e+01
1.469444705973891629e+01
