4.397107195540508329e+00
3.911398394329303141e+00
4.411760300730790618e+00
3.943183613696796819e+00
4.202098067286946126e+00
4.479098373924323973e+00
4.263247193640832045e+00
4.627059907645592496e+00
4.438427683859230477e+00
4.741309044874446599e+00
4.565660954541890248e+00
3.098889786017831049e+00
4.003443023228925313e+00
4.183965162301279683e+00
4.652036801368779173e+00
5.311887765784440774e+00
5.341762220461798272e+00
4.784601269671975743e+00
5.052518446108696715e+00
5.952744959731203878e+00
3.844087141963834497e+00
4.906557818228600709e+00
4.101687437263491276e+00
3.650694585842896078e+00
3.265392223967901852e+00
3.300476378925782939e+00
2.916137168901909327e+00
2.465635681985617111e+00
1.832942283374994208e+00
3.789331237941352182e+00
4.123377207082606688e+00
3.440403394671097459e+00
2.791558604459876580e+00
2.882816991655107408e+00
3.816551758696268504e+00
2.894696639339216393e+00
3.471773113882680395e+00
3.172571554690760909e+00
3.355179018384410128e+00
3.754821324752148470e+00
2.918178367291832220e+00
2.779905127426550049e+00
2.858975314317064420e+00
1.706583628963901589e+00
2.660182839299566115e+00
2.203987869004721656e+00
3.202355907752832298e+00
2.123632028307080422e+00
2.783135759189289793e+00
1.766396380386366260e+00
2.164476350503489854e+00
1.944107046532442151e+00
1.158332745812058473e+00
1.581461030777656873e+00
1.568987185774108895e+00
1.478765879859690990e+00
-4.703131960616522278e-01
9.779867699645121704e-01
1.104411902342420149e+00
7.560193866246045502e-01
-2.350780459328651872e-01
-9.120968965028719566e-02
-4.375041079170234326e-01
2.570945501804660083e-01
9.803618632983868153e-01
3.892736780134580243e-01
1.406604297127656444e+00
9.433060471378862388e-01
1.731656547599995655e+00
9.000199839022018367e-01
2.075455773964414163e-01
1.166592288150480883e-01
-1.410426575144017036e-01
-1.658571843456293493e-01
4.062694586224901983e-01
6.581371719418669386e-01
1.807746144521306775e+00
1.505920843164840761e+00
5.588024240167941414e-01
5.850876000820770528e-01
9.787407023343686063e-02
6.609648072663070195e-01
1.656534081236272993e+00
2.328983786671768641e+00
2.212965397201350992e+00
2.011086975212612149e+00
1.862895711424433109e+00
2.758911920951864882e+00
1.379172650252611376e+00
1.711000076952547744e+00
1.830300844643418579e+00
1.861527103057146082e+00
2.910120645154833596e+00
2.317516370110352053e+00
1.906829852642683232e+00
2.505142235607093593e+00
3.613630458909755205e+00
3.290262056871994467e+00
3.184692497804903599e+00
3.680001259246175493e+00
2.932257925335483684e+00
3.278925260167419253e+00
3.094076216028792015e+00
2.675989607226858968e+00
3.035464693807623071e+00
3.316809035587063637e+00
3.263331080430409870e+00
4.448029132237722116e+00
4.075592137309229201e+00
2.849162410963994141e+00
3.324208099978069875e+00
3.192271257441800625e+00
4.120850683920446400e+00
3.192929077529961468e+00
4.004783377334993233e+00
4.543536159045482137e+00
3.387461605597524184e+00
4.919391306388979146e+00
3.662721349408876392e+00
3.943342226678666407e+00
3.515888667673139345e+00
2.713744421799082929e+00
3.637354345450110049e+00
2.626004929588928949e+00
2.586263911516542446e+00
2.811747620949692550e+00
2.730213837501177743e+00
2.683236811579764236e+00
2.754771154097447994e+00
1.592496007387058654e+00
2.791308049047667161e+00
2.575272510990719965e+00
1.690466958618184190e+00
2.944899714226338006e+00
3.223018410619576279e+00
3.092956627761862975e+00
3.055171966093678471e+00
2.522900540226571842e+00
2.113943208484333702e+00
2.718699200183060327e+00
2.273905472254782012e+00
2.701562488476288770e+00
2.633494931989148302e+00
3.359912139235074591e+00
2.839415388733498524e+00
3.101591647418115105e+00
3.152899898910948462e+00
2.247826577616752086e+00
2.398097965104268425e+00
3.027841980049153392e+00
2.824656382209060901e+00
3.647426805784792947e+00
3.307148107669763082e+00
3.556832046486568366e+00
3.808805310789127763e+00
3.891301690087622944e+00
4.233846351138520703e+00
3.512852288447966931e+00
4.029251284135968447e+00
5.029322621589321862e+00
4.140426483479719977e+00
3.631049808963270120e+00
3.888129769838576610e+00
3.612605515477956164e+00
4.372615433258268069e+00
4.045761302923091662e+00
4.280485628772217943e+00
3.721042864675847106e+00
3.946897483682079599e+00
3.544578767140596387e+00
3.767048449352821127e+00
3.093528172622582950e+00
3.095108763760116233e+00
2.801743223779622483e+00
2.268983295724592786e+00
2.919285990719122204e+00
3.636595703741416941e+00
3.550940735322947628e+00
4.548872677455058522e+00
4.461396858760991790e+00
4.385162777966498560e+00
4.462745391001412543e+00
3.862972631977090732e+00
5.094816229556643705e+00
5.519746702545814898e+00
5.173525406913342728e+00
4.857006154615609361e+00
5.175535484554551147e+00
5.622741999677227653e+00
5.808525445574459489e+00
6.329913898599938804e+00
5.737116475390537040e+00
5.906092066050318223e+00
6.452067991759003363e+00
6.053238875259316920e+00
5.363501554560245133e+00
6.116584323796999456e+00
6.469664307817717841e+00
5.101877389193386847e+00
6.894876129186578773e+00
7.009822695951072546e+00
6.336443794998738888e+00
5.620781996218214616e+00
6.737151422472463125e+00
5.276893831564721360e+00
4.969539534817076998e+00
4.968469018355195388e+00
5.423759985822437457e+00
5.080036972151877883e+00
5.108111971013250319e+00
4.278564203968215018e+00
6.358226162953187099e+00
4.123503389614662673e+00
3.770430686768598161e+00
5.546284058841437492e+00
5.387474633704775862e+00
5.472364838009664112e+00
5.910818362126427417e+00
5.383890584998794360e+00
5.197513996156194693e+00
5.271737768727207119e+00
4.970212083923430946e+00
5.715168439219035612e+00
4.085948781865141655e+00
3.994803455092193367e+00
4.490708595130597836e+00
5.281995396620340344e+00
4.851380938672117615e+00
5.121898862476691683e+00
4.549881883942792804e+00
5.305582669606352830e+00
4.557208146835453277e+00
4.352477915639042294e+00
3.080960928966527845e+00
4.881599739341323740e+00
4.167602770495202336e+00
4.357632087454721415e+00
5.411935336310820688e+00
5.583200198922731339e+00
5.233433975789739456e+00
5.813838137986974353e+00
5.572006707088779542e+00
5.304684336571218850e+00
4.831290136043118189e+00
3.583773443269659964e+00
3.876032800627823960e+00
3.855900560924098386e+00
4.724797595093397362e+00
4.827382913470062320e+00
3.971337944882897819e+00
4.414414797971823567e+00
4.286037060214615835e+00
4.175042715035871765e+00
3.822411327080245336e+00
4.369635214210381591e+00
4.574408859495183499e+00
4.082456705217303750e+00
3.651003142004839219e+00
3.150469685752648630e+00
2.383882897925754030e+00
2.713324990129860836e+00
3.315567661300261371e+00
2.002943183739845701e+00
2.121807494941910122e+00
1.804264412055149869e+00
1.474059934945430861e+00
2.181065540118204638e+00
1.899127028177754806e+00
2.573224112055914503e+00
3.220298749921108872e+00
2.796878739948165382e+00
3.113562967869996090e+00
1.718928031101857101e+00
2.715009814135070254e+00
1.996296061632545804e+00
2.252016620232629052e+00
1.575802422165569094e+00
1.129645830552342911e+00
1.052039764180586978e+00
1.467618732606361664e+00
2.509466483892229594e+00
2.534184390643755780e+00
2.118090230074129998e+00
2.434551162819779790e+00
2.001300165441905587e+00
2.131777279107788470e+00
3.628424912801560875e+00
1.482515073168619857e+00
1.893521726086147439e+00
2.293024833521658756e+00
3.478187852911192923e+00
2.148995797204640734e+00
1.215778522581113741e+00
2.875011027567996980e+00
1.766534927620143414e+00
2.907192695902317325e+00
1.486381574791986182e+00
3.765589603943874319e+00
3.019168015302789332e+00
2.559473618620899060e+00
4.298042201134329332e+00
3.856437616085350406e+00
3.521422194785227333e+00
3.583720897689145701e+00
4.147107721292905502e+00
3.808104547099571580e+00
3.884571342921569137e+00
2.932274133856358489e+00
2.759235733465373208e+00
2.748486431547237707e+00
2.589143026545207338e+00
2.759900307018749999e+00
2.436178888572780643e+00
3.414072700916421788e+00
3.728711357663962556e+00
2.985500620357370405e+00
2.941453727720306333e+00
2.274090182717908082e+00
2.683903200909293130e+00
3.019666351205140931e+00
2.527386415507192119e+00
2.856480534067563859e+00
2.942880907618473429e+00
3.402303970725236937e+00
1.976911066295665265e+00
1.575829421378713402e+00
1.896409771756846219e+00
2.411031405432615404e+00
2.392448651305221219e+00
3.623077390196392411e+00
3.091360082651635199e+00
1.828066771135554269e+00
2.917329212499700120e+00
2.495900656224527836e+00
3.222315506483711456e+00
2.362588630395092260e+00
3.270809435427431744e+00
3.006999760917610676e+00
4.489840830076982314e+00
3.822470978155895871e+00
3.859350677572825461e+00
3.804071260874708038e+00
4.970757126422595817e+00
2.579677311612018187e+00
4.882052700701589920e+00
3.879609824275029872e+00
5.058963348999876430e+00
3.760818733075933729e+00
4.367509034484996278e+00
4.789141608528534100e+00
4.154891894619272996e+00
4.783844440028205192e+00
4.681317141297987483e+00
4.886373842989574889e+00
4.675263401368852101e+00
5.434852052026695191e+00
5.983238252852939532e+00
5.736239176096590064e+00
5.376147635958825610e+00
4.012680295131617392e+00
3.964189367846788770e+00
4.875199512177728067e+00
4.822905787345693085e+00
4.907248852492477553e+00
4.766886757094099814e+00
4.537784475706597931e+00
5.002199737323223871e+00
4.575550988989975920e+00
4.414078798576936968e+00
3.763035776720437653e+00
4.005383684339987482e+00
5.135690392539236981e+00
4.937623324688538595e+00
5.290358437773671874e+00
4.796725645193314236e+00
4.571723538595364289e+00
4.913439206012567340e+00
4.771795024235709448e+00
3.514124618397197253e+00
4.295452346081122030e+00
3.657703658928427526e+00
3.365961739174280432e+00
4.281364201269211023e+00
5.141175303404649455e+00
4.020735425510520322e+00
4.945750710163508757e+00
3.660177838562285846e+00
2.878970990844320177e+00
3.040542769888389785e+00
2.151760248030261558e+00
2.996903272579702016e+00
1.356609809302716130e+00
2.383822102258813302e+00
1.805290946720727430e+00
3.186082730886055092e+00
1.888452720286118769e+00
2.035966360797137220e+00
2.435653648698046680e+00
2.471391751117588687e+00
1.048497642652692186e+00
8.894903141635852606e-01
1.001065539981494279e+00
-1.969977010343213486e-01
1.223951071794427747e+00
1.492239539108560109e+00
3.989260498819486855e-01
4.334766079415848239e-01
2.064188476641870551e-02
2.122470970098052412e+00
2.219697338891872818e+00
1.890402478347016579e+00
2.141813504590475592e+00
1.673018697433915403e+00
2.773774341280491385e+00
2.629455132077357149e+00
2.715609263282010133e+00
2.847095581675374021e+00
2.470181137139666916e+00
2.699034055920661146e+00
2.512932271802659212e+00
1.829686279151514938e+00
2.992647800106832623e+00
1.715290026172864746e+00
3.212119041807200315e+00
4.249158682981462931e+00
4.677044207972079981e+00
4.210627062713416358e+00
4.489027365033767758e+00
3.378515550532616096e+00
4.186110723086792440e+00
3.628817991358924466e+00
2.766611716524485232e+00
2.529977274346166816e+00
3.183431106390119059e+00
2.854419131143615562e+00
4.302020871254311096e+00
3.784168362687140519e+00
4.841161492512306985e+00
5.101763532242099330e+00
5.302658239547649366e+00
6.013346727450832319e+00
5.380676798088989798e+00
5.780257116163417308e+00
6.332651326113596824e+00
5.506314509330699991e+00
5.104321253304086703e+00
4.852243220792334277e+00
5.062217022972564706e+00
4.480900729229871260e+00
4.861997632351146237e+00
4.585630832941237855e+00
4.849022684977656539e+00
4.867946772509596620e+00
4.442609571678778124e+00
4.303716902832553259e+00
4.516717548296782070e+00
4.534746163556416576e+00
3.942699260647751558e+00
4.676280426307419802e+00
3.642931265214102599e+00
4.634520988125249374e+00
4.631674722854887349e+00
5.422482308749049018e+00
4.483687617827269101e+00
4.985597350982975406e+00
5.764124548729610886e+00
5.976657816325999129e+00
4.464056297237200432e+00
5.018917919308225173e+00
4.481905645758148538e+00
5.796464725347108882e+00
4.352287547362120534e+00
5.731927345401083507e+00
5.013559433301861823e+00
4.743373854871581585e+00
4.294699495741343576e+00
3.674426826199128193e+00
2.784308961629595736e+00
3.737765469322611445e+00
3.826384572536539963e+00
3.614176063152049423e+00
3.483587440911004585e+00
4.315441739277406263e+00
5.405019955053450786e+00
4.356819870104965631e+00
5.496302871176822258e+00
4.435480988876892461e+00
3.830866774242915440e+00
2.390038457571116215e+00
3.605750339554115058e+00
4.473398470700681528e+00
3.042864744770156893e+00
3.580637668601893253e+00
3.842709365045283931e+00
3.470819702223425729e+00
3.051826012174510439e+00
4.242442554380057018e+00
3.789493955102327671e+00
4.675115807073059848e+00
3.106082818115763811e+00
2.771070673609529855e+00
2.713096589731438968e+00
-9.313087230242429015e+00
-6.415553988339471658e+00
-8.749562769556725073e+00
-1.492527638525321443e+01
-7.126906437286487872e+00
3.640155479338464950e-01
-7.112890239236005385e+00
-6.024711903656729817e+00
-5.430475800678061127e+00
-6.734051996066858337e+00
-8.002692092908760824e-01
-2.336618023950629564e+00
-1.204021930043336042e+01
-4.953759563478319805e+00
1.577618403464471797e+00
3.344152685149846871e+00
-1.412724012946034691e+01
-3.903823945850457555e+00
-1.276538956678669123e+00
3.068079010455859734e-02
-3.122417913232732989e+00
-5.757106256210620110e+00
-1.537551597741964260e+00
-2.415690048512851185e+00
-1.406963618526909876e+01
-7.095563458742915053e+00
-4.167502456546154477e+00
-5.606206878910126257e+00
-4.306144419932723899e+00
-1.180388267642387801e+00
-2.183384559996074614e+00
-2.804112202525193442e+00
-3.446105944868635085e+00
-4.242402909851962889e+00
-3.131249654898575763e-01
-9.563894183920147896e+00
-6.741008557819374580e+00
-1.083930233898314910e+01
2.070665633474955136e+00
-9.806934612834618648e+00
2.451090915850161700e+00
9.454608759689628883e-01
-7.978061980073245962e+00
-5.929019067113478592e+00
3.704409687638664295e+00
2.347221111864564058e+00
-7.879475455629068037e+00
4.892682773737726531e-01
-5.612814215004807039e+00
-1.089915303430171711e+01
-9.330164398084811239e+00
-9.255858039923619884e+00
8.328226638260263215e-01
-2.711157316654269067e+00
-7.455056941842032714e+00
-1.278045651260046611e+01
-1.105411609818539365e+00
-4.761754289851935162e+00
-1.304637339125096052e+00
-4.505669277107330117e+00
1.815943676395007200e+00
-5.868219059364363943e+00
-4.424997085807596875e+00
-7.220195794093162256e+00
-5.384426876532745432e+00
-6.567564394303130548e+00
-5.044001949173313015e+00
-1.454181677835221720e+01
-2.743666883688253399e+00
-4.298484649948544067e+00
-6.012389052605393580e+00
-7.312581558777586643e+00
-5.551472036083272776e+00
-1.079343530538907103e+01
-1.329798905790109131e+01
-6.846065918524139704e+00
-1.707259912203892682e+01
-4.010104943207211114e+00
-4.887799494599475381e+00
-6.211615048742293865e+00
-5.978119927719832916e+00
-1.011972023023614575e+01
-1.742891395463428239e+01
-6.900296880898180163e+00
-8.683306088726723715e+00
-1.682699815371015539e+00
-2.641968773791258052e+00
-1.077224742394956891e+01
-8.759098890147177130e+00
-9.100116530355553124e+00
-1.129829472286359326e+01
3.491534149270469900e+00
-8.727996057470457814e+00
4.492407486830429342e+00
-6.783259717132970934e+00
1.637607727773979116e+00
-8.886433264706898427e+00
-1.528433825062330831e+00
2.806567652803525270e+00
-8.660237125373146938e+00
2.484284893259369298e+00
-3.810029853160001867e+00
-2.576832745484340936e+00
1.211324745557357252e-01
-1.359790411433709423e+01
-8.245167922662304250e+00
-8.724517042427299529e+00
-1.010840578793233968e-01
-9.573546986385130353e+00
-6.440742464553910196e-01
-6.722885757538323404e+00
-9.211425019892955035e+00
-1.519249703494185644e+00
5.305898550782226941e+00
-1.880682896983827401e+00
-8.308314492627642878e+00
1.720960183654568487e+00
-1.219466617209372750e+01
-1.253279045018133075e+01
-1.006093156224628338e+01
-2.569056158387848399e+00
-5.380786082845427032e+00
-1.321281411069262290e+01
-1.202220225862143721e+01
-4.030397308846797699e+00
-3.623961886927901332e+00
-2.746288191274196322e+00
2.182425553586999634e+00
-1.855073883012442915e+00
-1.125999697463920768e+01
-8.399882045965291866e+00
-4.181770719351013632e+00
-3.588098228529012168e+00
-1.081306618282334853e+01
-1.309891317481961437e+01
-2.992309175769784169e+00
-7.272426657761822177e+00
-1.358095933693859969e+01
-6.698278254310986668e+00
-1.236921434598089320e+01
-8.895640160923932171e-01
-3.956930810883751981e-01
-9.806631142549806057e+00
-9.315974758455940474e+00
-9.386638744061244211e+00
1.632445541369045516e+00
-5.715079983973003763e+00
-9.858217630914793972e+00
-1.013338160702467405e+01
-1.109247249735632401e+01
-6.945023211083961812e+00
-1.509920102040054335e+00
-2.116708991526322414e+00
-2.581161491341449121e+00
3.439445796394582366e-01
3.190159220580477406e+00
-1.862689180029972302e+00
5.629562611078786638e-01
-9.311091323657233687e+00
-4.805139412858826731e+00
-4.059539481139693429e+00
7.185145500885617986e-01
3.813282419837411119e+00
-4.229482413844774413e+00
3.894434566356967942e-01
-7.801709638384402012e-01
-9.655559822469923503e-01
1.817818397003648334e+00
-1.406456425496240037e+01
-6.802504099821295114e+00
-4.598166934078863122e+00
-8.828814618153248972e+00
2.366938639770967079e+00
-1.408865136886495506e+00
-3.650594127733704841e+00
-2.357168325849793966e+00
-2.992736564560606993e+00
-8.762873718423143998e+00
-3.301202693077244010e+00
-1.478535331286168208e+00
5.653897961291177054e+00
-7.976823156699976991e+00
3.559890148990901615e+00
-1.091781480703021323e+01
-5.002471138597135436e+00
-6.919292654699989775e+00
1.079282537247810314e+00
-5.713988361527609250e+00
-4.825443038092703141e+00
-3.269592120076391772e+00
-3.844030364589190452e+00
-7.889614126639527214e+00
-9.839644414062707511e+00
-3.274257252093319526e+00
-1.140736500471764447e+00
-8.119490321918817699e+00
-6.677578515408531423e+00
-8.620313347406872495e+00
-5.680427413665456449e+00
-3.253500108565154036e+00
3.112298734264777877e-01
-4.977414720595483288e+00
-6.437795549362927083e+00
-2.161322326240831870e+00
-7.315589293732407405e-01
-7.136553252793630620e+00
-9.072152635846924440e+00
-6.002424867432917921e+00
-6.568794275320429144e+00
-4.593670464026598843e+00
3.089834759672613895e-01
-1.219077214258464359e+01
-9.743961747743504986e+00
-7.815009032476352147e-01
-4.035974782342932166e+00
-5.531000677317498671e+00
-2.419374346734315839e+00
-2.105763723833535828e-01
-4.973110914515234349e+00
-7.234202224063467357e-01
-7.139251778654374547e+00
-5.974717651127530615e+00
-4.399108413293406628e+00
-1.758996031856410625e+00
1.011292335859349301e+00
-2.101855002777393899e+00
-2.529912555569142185e+00
-1.674365401437435619e+00
1.196233705763626087e+00
-1.056357544295129536e+01
4.770933034337456746e+00
6.322207086819285671e+00
-6.862354752118036139e-01
-1.176020627160037257e+01
2.194258695012229143e+00
8.294760390328452360e+00
-1.085283926656994247e+00
-6.629423168862320637e+00
-1.652469150490647465e+00
1.932697488376228456e+00
2.775278504973269111e+00
3.163786190850156554e+00
2.165588887991555023e+00
-8.564049349887758567e+00
-8.450622143206604875e+00
-7.478203450420525478e+00
4.530624420713534661e+00
-8.813730795849927802e+00
-5.859275813954951673e-01
-1.318053841506382717e+00
2.963608701544434787e+00
-1.125381735805588868e+00
5.117432390666481368e+00
-4.140568644606165805e+00
2.508929804086748039e+00
7.952133473598244962e+00
6.245189697193828771e+00
6.239289260212927068e+00
-7.335227921197741807e+00
4.439521462895132942e+00
9.241222306000157261e+00
1.344239236620223821e-01
1.055173109560446498e+01
-3.721628511271742212e+00
3.292346140261305010e+00
5.363188641776819310e+00
4.972753885576548072e+00
-4.364645280239592751e+00
-9.333118302229941321e-01
-2.321202439952262608e+00
1.249868995278864858e+00
2.442210536914174668e+00
1.888025906942792709e+00
8.774560187140600931e-01
1.462855051927144601e+00
-2.024441841972050682e+00
-6.279457133163043103e+00
1.249562102197358193e+00
5.991626979339423897e-01
-5.537213398211227044e-01
7.493441216835245555e+00
2.635866383520815148e+00
7.020067382266036660e+00
8.013808218286220253e-01
-3.228319394581461665e+00
1.758029108651969263e+00
-9.011604475248690349e+00
-4.723685981648495513e-01
-4.833090182659984357e+00
-9.625206109625805695e-01
3.174700803301191421e+00
-4.661826862623439816e+00
1.150095557740941743e+00
-6.930302516021734860e+00
1.532516780308753379e+00
-1.038994852196404306e+00
-2.594262044631054476e+00
-4.812838069472929803e+00
1.221602642960895491e+00
-2.935477244040332501e+00
6.540729781746415838e+00
1.219754991694578905e+01
-9.302498882577221906e+00
2.077076864824543900e+00
-8.371467827906043269e+00
-2.059900080870294303e+00
-4.636247342750420941e+00
-2.793850733443165257e+00
2.248882986950460960e+00
-3.359633903746016337e+00
-3.194087773679292752e+00
-9.497128850698199898e-02
-1.804751198740157214e+00
-6.600610433681913136e+00
4.947207667099049466e-01
-1.481185770405994084e+01
-3.147015421491905940e+00
-4.217288293578731029e+00
-8.426539672756621968e+00
2.622563147156233399e+00
2.071690124076607020e+00
-2.030692217979375158e-01
5.502289411057461166e+00
-1.143465630215873752e+01
8.693619578825764194e-01
1.175099969241247599e+00
-8.202844182742255796e+00
-9.241877528770842787e+00
-1.562129251146759268e+00
-3.131041447856337534e+00
-1.371363353016947073e+01
6.387542414525113621e-01
-7.851140881005361116e+00
-1.389039351325926930e+01
-7.701901828642398584e+00
-1.277861709326578499e+00
-1.347583015578652699e+01
-1.373514431394434432e+01
4.307272979079160180e+00
-7.270449793024299723e+00
-8.672835787638019767e+00
-9.364785940663136188e+00
-6.788262158325580664e+00
-9.941596488685362942e+00
1.383124119605829039e+00
-2.814684934827805241e-01
-5.721636074511381231e+00
-4.822292128711967329e+00
3.302108317060763909e+00
-5.589881215214352217e+00
-2.877479526356089057e+00
-1.110052908542534489e+01
2.151392802568607543e+00
-8.273378142229041998e+00
-4.594438375251711726e+00
-5.021395123174117181e+00
-4.404321329021517961e+00
-8.967918074781767501e+00
5.852164407765768850e+00
-7.823008055483480661e+00
-5.441225552516072206e+00
-7.283768443438057183e+00
-3.010782004340656570e+00
-5.353433992194640112e+00
-2.517724831061283197e+00
-5.782368234455579348e+00
-9.631061501415921100e+00
-3.422917173930470014e+00
-2.508296112577367509e+00
-3.140343409061887581e+00
-7.232776234180152031e+00
-1.208968184579558525e+01
-5.423025454493532571e+00
-5.185884751398559089e+00
-4.636962644029086533e+00
-4.201725347375647068e+00
-9.045431166937172307e+00
-2.961704565662220734e+00
-5.124628471451794454e+00
2.195366334240824724e+00
-1.073164639583235713e+00
-1.317706013379006835e+00
-2.199059764514792015e+00
2.715364957405900892e+00
-3.367775596891087631e+00
-4.205452842094493882e+00
-3.874641608670815085e+00
-8.029774044586634574e+00
-5.417062602842978691e+00
-1.283662732727497424e-01
-3.656041032812501257e+00
-7.874863702957127565e+00
-5.717816234393700014e+00
-7.496698398214858727e+00
2.904899512987748622e-01
-1.396970643575608406e+00
-7.833006060073090637e+00
-4.803074059281717823e+00
-8.613622080024331495e+00
-6.477462551206308206e+00
-4.951479730607538876e+00
-4.078740557049291837e-01
-8.467919373322475352e+00
-8.579910651894039120e+00
-2.322669381901716346e+00
-8.158170359109806924e+00
-2.025459270317071070e+00
-7.913108811500705109e+00
-2.237832034292317918e+00
-1.631747600167927192e+00
-6.837295265977662240e+00
-2.377480965903966847e+00
-6.803437229872761449e+00
-8.193485453989476142e+00
-2.613474461847757002e+00
-2.205430361706607556e+00
-7.290627000938965097e+00
-3.013203453391472220e+00
-6.222938760127615154e+00
-1.037296480830815826e+00
-2.120390465059879936e+00
-7.825274575721428150e+00
-5.738719492175899717e+00
-3.040980513623291692e+00
-1.229520183254629373e+01
-1.323508170249552585e+01
-6.783122466072029511e+00
-1.477347532026517385e+01
8.845023837354188956e-01
-3.443045354441731654e+00
-1.313573033192129813e+01
-3.630351638481127186e+00
-1.287232353170245247e+01
-6.445352650258020510e+00
-6.465432377728332902e+00
-7.732716608487737453e+00
-1.016666098424504483e+01
-3.068078707728816745e+00
-6.205407646295398649e+00
-8.733216555144233340e+00
-6.889219204609851488e+00
-2.984427252126615748e+00
-4.569003471248374026e+00
-5.078692349681979579e+00
-7.865132812131774287e+00
-6.497709179140804814e+00
-7.801851157174808371e+00
-6.428845242704015917e+00
-8.464040667855869060e+00
-5.456747460147362006e-01
-1.765860101121838222e+00
-5.259545357782593911e+00
-8.146610600306964045e+00
-7.718524937161754806e-01
-1.504848262014102822e+01
-1.938688211186928578e+00
1.195934321512200915e+00
-1.170543282601717028e+00
2.226755064977968601e+00
-4.153671669505499153e+00
2.509661985928612005e+00
-8.276097761272279030e+00
1.512800494526401529e+00
-3.134593400581403344e+00
-7.206412114472458441e+00
-1.118593283788028359e+01
-2.812369489746832318e+00
-3.047057001677740740e+00
-7.589770780647066672e+00
-7.539829040414235628e+00
-1.231466868460977082e+01
-4.933248010995278321e+00
1.988357384863647770e+00
-2.547891853245955573e+00
-9.035986540100791053e-01
-7.777811355367640012e+00
-4.238020457321625578e+00
-6.869461906348060865e+00
3.382180517332840530e+00
-1.407813119081690711e+00
-3.772640666720464608e+00
-5.959189756865335141e-02
-4.970936114723643051e+00
-1.495712819167542396e+00
-9.887397023184497868e+00
-2.896115623926810656e+00
-4.170488808623618482e+00
-4.282737721298134126e+00
-4.862684655819528246e+00
5.763786155141781276e-03
5.354025134825752819e-01
-2.816992909037129067e+00
-6.120556333757723344e+00
-9.119814924993294269e+00
-9.696651459934122030e+00
-7.672336458188087960e+00
-1.474617941574817159e+01
-8.625867793048652032e+00
-3.774162676202926558e+00
