-2.528487831758633453e-01
-2.380443050880400868e-01
-4.842053336964715626e-01
-6.040088579874705044e-01
-4.385244244968943272e-01
-5.491343762121310146e-01
-1.714761577606526144e-01
-3.785760123111150954e-01
-5.531892554306380161e-01
-6.135965426475489259e-01
-5.514854953860854891e-01
-5.213143818857782774e-01
-6.722287811641081134e-01
-3.849908228472824212e-01
-9.798600718409999910e-02
-8.244300909712139191e-02
-7.805761739241164066e-02
2.466563048809835568e-01
-1.528481640114700557e-01
3.555793948963359430e-02
-6.223851627793878238e-01
-1.058672439561329837e+00
-1.042807253150789704e+00
-1.214105078988663156e+00
-1.439222123891288785e+00
-1.623207618081321302e+00
-1.769361604201977967e+00
-2.049080486550039382e+00
-2.198921713701631031e+00
-2.151071225763687256e+00
-1.203097280027113580e+00
-1.128709584083590789e+00
-1.382628345810663628e+00
-1.614482381750906415e+00
-1.547361995118003097e+00
-1.720141730733168561e+00
-1.505932303858459331e+00
-1.467275934011899263e+00
-1.337290668857796794e+00
-1.446839134315610842e+00
-1.694710565462000051e+00
-2.517323654180038783e+00
-2.603009215711229896e+00
-2.432570894285413843e+00
-2.329310000788478607e+00
-2.450405892120697704e+00
-2.367476242547077891e+00
-2.468446980964219772e+00
-2.597824188388205613e+00
-2.924855572052922348e+00
-2.797362419480439399e+00
-3.103233088638325032e+00
-3.230317499116240665e+00
-3.372503681522391439e+00
-4.145945599462583786e+00
-4.019471314859223376e+00
-4.443613749837319382e+00
-4.205973802856427746e+00
-4.805997473495309258e+00
-5.282308043805729270e+00
-5.373747373816170736e+00
-5.223511999271593709e+00
-4.795014539574966150e+00
-4.693869769087480215e+00
-4.488653693916730525e+00
-4.089140560001134794e+00
-3.560460803139950059e+00
-4.097991581273999095e+00
-3.903955899426448717e+00
-4.230043287148505193e+00
-4.526087742490243926e+00
-4.511910991068868171e+00
-4.199092275392219520e+00
-3.845205988873538150e+00
-4.362754102552787394e+00
-4.486421729149244086e+00
-4.210395723904388099e+00
-4.519311079676169740e+00
-4.347435244896082018e+00
-4.534955417328905725e+00
-4.359350292048470799e+00
-4.050951054539734031e+00
-3.744086143987641169e+00
-3.186593761243942780e+00
-2.700450531241277208e+00
-3.028200773904084375e+00
-2.996693809542851916e+00
-3.167660925695113594e+00
-3.595978577612113369e+00
-3.364752325394052335e+00
-3.288172069082252236e+00
-2.809558034366206325e+00
-2.323336597780776280e+00
-2.460320618592915398e+00
-2.304711463852289643e+00
-1.627476795616328520e+00
-1.217349512274909840e+00
-1.043054450205004757e+00
-1.287834609543154318e+00
-1.414458515577142528e+00
-1.494715859477029563e+00
-2.084059531568664525e+00
-2.300902083224252603e+00
-2.272109526543305780e+00
-2.222577367440737639e+00
-1.870766772568814407e+00
-1.981788766614684727e+00
-1.658474385963002007e+00
-1.765625746812162777e+00
-1.965751876983147461e+00
-1.825834941837444214e+00
-1.898719627448041347e+00
-1.148168339141562466e+00
-1.097531877206443296e+00
-9.392480724098368761e-01
-5.582716192280936518e-01
-4.888007618162264478e-01
-3.772927132943579842e-01
-9.811774768385130852e-01
-1.475474808448442587e+00
-1.817331083180013351e+00
-2.108449541567625651e+00
-2.077172046389631266e+00
-2.032018387333775156e+00
-1.951208292873546579e+00
-2.173443422970529948e+00
-1.932299394068390130e+00
-2.001855463897287635e+00
-2.077795593743278157e+00
-2.614549835492734786e+00
-2.701864573478087728e+00
-1.996914991272051187e+00
-2.505748107862508345e+00
-2.417335843971861742e+00
-2.426179648542018619e+00
-2.417476047881153889e+00
-2.756095057783855218e+00
-2.501778056131585437e+00
-2.503793800762900368e+00
-2.606324176996626996e+00
-2.464743804042562658e+00
-2.277622006731356841e+00
-2.287168956669983988e+00
-1.748925732873860994e+00
-1.827988767181947694e+00
-2.262637381247341484e+00
-2.476863696648533786e+00
-2.394635333997360949e+00
-2.164408303840605896e+00
-1.490447833540403444e+00
-1.202085590475647336e+00
-1.647901043858738701e+00
-1.848883444556420397e+00
-2.024620764653951355e+00
-1.555324860312462310e+00
-1.751408909576552153e+00
-1.615295758863446451e+00
-1.710774540666148535e+00
-1.505606634137207411e+00
-1.142399767738943028e+00
-1.007912256217008640e+00
-9.670308774634226445e-01
-1.174549649070082413e+00
-1.300978057531544163e+00
-1.155375892203202692e+00
-1.020467856709752263e+00
-1.068108141327120064e+00
-1.678964317187513489e+00
-1.140762453289881240e+00
-1.044454794085408533e+00
-1.405681092130489862e+00
-2.181586312940779315e+00
-2.116247913310719930e+00
-2.491564913817803095e+00
-2.307074499474935259e+00
-1.734891845770890839e+00
-1.430072977193668882e+00
-8.824219366864657355e-01
-7.491276940790828620e-01
-8.086793527678904914e-01
-7.001475914239384535e-01
-5.928078919536289293e-01
-2.419675187156474228e-01
-4.878094726767582268e-01
-2.101080478034635379e-01
4.046466695696270821e-01
1.919581871685027974e-01
-1.848669584384438069e-02
5.076264186992269778e-01
6.874671694829983526e-01
9.568877408750675606e-01
8.234174779162540814e-01
8.778187954893206246e-01
6.966729552278443371e-01
4.666796352789845392e-01
4.712007950788993371e-01
4.949035557013780062e-01
8.003121731502955694e-01
7.792604524873514293e-01
1.554036704913592359e+00
1.491874298447695590e+00
1.432654485446913872e+00
1.387119996352577989e+00
9.634470235424807960e-01
5.304853847476007633e-01
5.349348324442003699e-01
5.305662098495126378e-01
3.602079837074240731e-01
1.801272592307668896e-01
8.693427515258000948e-02
1.449777336787105297e-01
1.272105449957308121e-01
1.273014710371151437e-01
8.152114689900763489e-02
-7.827470706575134773e-02
-1.494111187734041557e-01
4.747462561744933973e-01
5.343820172459374795e-01
7.188438810312175464e-01
1.683968823148299654e-01
4.070582090184130530e-01
-6.011889716786750215e-01
8.537501152099991053e-02
-2.407065154742330515e-01
-3.959994154205023209e-01
-7.623861040460049310e-01
-4.535092190253968147e-01
-3.768282628311335758e-01
-2.957819601724349101e-01
-6.191822767989428877e-01
-3.092042240164420974e-01
-5.967289202878804932e-01
-7.267633463541557370e-01
-9.053305087511054339e-01
-7.787506606706726675e-01
-6.971959008903730881e-01
1.210471830238613045e-02
5.934805868874006851e-01
5.885169161227352674e-01
6.931660556995958844e-01
7.025850506324615719e-01
-1.339677046075404832e-02
-4.825807311442616987e-01
-7.726223517005115227e-01
-1.105271956696626034e+00
-1.074359096694941229e+00
-1.294049600197203942e+00
-1.316869561310216596e+00
-7.394229448181870445e-01
-1.305574984469152877e+00
-1.189725923195186219e+00
-1.164506878060107997e+00
-8.432894635552092844e-01
-6.837248569485412375e-01
-5.660263137756280649e-01
-6.326219878074096359e-01
-1.088722539571918002e+00
-1.542699602831787642e+00
-8.243196649036051982e-01
-1.592855750952001825e+00
-2.200503606703898107e+00
-2.479142555453690555e+00
-2.318121623330799963e+00
-2.657219766979551423e+00
-3.344918899856385686e+00
-3.399945892277320247e+00
-3.151272758540980767e+00
-2.548298374827773660e+00
-2.651411005138569088e+00
-1.930362131148320337e+00
-2.205112153793436391e+00
-2.666971128066915053e+00
-3.004462129929055259e+00
-2.955037348341125192e+00
-3.270758580651075942e+00
-3.339379418812997713e+00
-3.088294921933986803e+00
-3.694573932040827291e+00
-3.701255380273124729e+00
-3.687193376483679064e+00
-3.229224088337903975e+00
-2.731014048748694467e+00
-2.876324274023286165e+00
-3.081434654007809470e+00
-2.802525083469472822e+00
-2.793071432365934914e+00
-2.592370044107733751e+00
-3.004318751278072241e+00
-3.278499102486540195e+00
-2.876350486395056194e+00
-2.988045614756410284e+00
-2.922075262691609776e+00
-3.124537595225162612e+00
-2.851072761006007372e+00
-2.683731369366331165e+00
-2.545537608223153114e+00
-2.545334089123784338e+00
-1.755841071333699599e+00
-1.631691202249145878e+00
-1.188053908769900469e+00
-1.671248660719849566e+00
-1.106244715687489055e+00
-1.455525034083104297e+00
-1.379090497252882352e+00
-1.267862450874945424e+00
-1.419406286529867334e+00
-1.529622839926289668e+00
-1.504349166226727874e+00
-1.789895233090661897e+00
-2.296191915773799330e+00
-2.673276323574915292e+00
-2.174613184856867498e+00
-1.962641936570394430e+00
-2.161142959219354509e+00
-2.061223884031051501e+00
-2.195997019786712467e+00
-1.966998490178784698e+00
-2.568681330173776534e+00
-2.222406583840217831e+00
-1.907939320281919482e+00
-2.163952570108925499e+00
-2.104651297848871394e+00
-2.358688634446978405e+00
-1.999429970926736244e+00
-2.837417937443478699e+00
-3.122889500505242832e+00
-3.239004570806534922e+00
-2.724770658445287541e+00
-2.109855728086725613e+00
-2.198339905572887165e+00
-2.074630527568975591e+00
-2.388346939344949682e+00
-2.329032443321249701e+00
-2.487857156024172234e+00
-2.192228473087995066e+00
-2.101399960839041903e+00
-1.862494413636968105e+00
-1.732122470425616623e+00
-1.002930741090259925e+00
-1.148985472213041481e+00
-1.355107004335255327e+00
-1.078549595611580258e+00
-1.132079048301629864e+00
-1.268383748094052299e+00
-8.253488630159174777e-01
-1.031683978955090231e+00
-2.814542012534814175e-01
-1.186463781754713454e+00
-9.592268305617897006e-01
-8.843275294361998551e-01
-6.009534222375176871e-01
-8.300254165274799645e-01
-3.575095286287300889e-01
3.211210075376084161e-01
3.918640424587849225e-02
4.265889230255925924e-01
2.567267495521588505e-01
9.271586876314444337e-02
9.570815892118067492e-02
2.563129975254019310e-02
-2.770048937366861863e-01
2.286201722308733308e-01
3.581592577189066096e-02
6.325926363407827213e-02
-1.436382399834557066e-02
-1.365384958153227912e-01
-2.631407558022552662e-01
-1.404529295250873111e-01
-3.221085286467774145e-01
-3.230754090246723553e-01
-3.176365360740225907e-01
-1.174247723983422032e-01
3.668350118667225712e-01
3.601706274334555702e-01
-3.733753774970223760e-01
-3.713636309360864307e-01
-5.771522887984201766e-01
-3.073597046278499501e-01
-7.340860025000808253e-01
-1.034857144619591329e+00
-9.938018022153749520e-01
-1.059150869303567610e+00
-7.087305612444450009e-01
-3.596901589397633048e-01
-1.388867703518031349e-01
-4.342971787802947237e-01
-1.109386526609853707e+00
-1.815022597528187953e+00
-1.682977476279004181e+00
-2.389355475184303579e+00
-2.518214350537026913e+00
-2.586872824243034774e+00
-2.726747497479020232e+00
-2.193766964744198855e+00
-2.353638176742562482e+00
-2.391344265255566093e+00
-2.652460253053469330e+00
-2.568923144894545985e+00
-2.813786115337746363e+00
-3.085423516037577585e+00
-3.634407635694741678e+00
-3.944828024307704073e+00
-3.937825938686088545e+00
-4.233527011833233544e+00
-4.009542487312090842e+00
-4.567494891682123637e+00
-4.478766006521011533e+00
-4.482450041699125087e+00
-3.533667565900797669e+00
-3.335433622767348005e+00
-3.428798605148327017e+00
-2.853012227532087497e+00
-2.988318505144699433e+00
-2.129539320410320791e+00
-2.092765610889207650e+00
-1.813851352216760970e+00
-1.800745741278685585e+00
-2.097776583985224264e+00
-2.396285374121968736e+00
-2.031867230757885334e+00
-2.188307951526514472e+00
-2.502730454253059289e+00
-2.448337599856421409e+00
-2.160626874680867449e+00
-1.550643018641882032e+00
-1.470667287934820822e+00
-1.038143595191827195e+00
-7.894325803712379797e-01
-1.569608728153099264e+00
-1.542270165420983163e+00
-1.667516851523151544e+00
-1.935336562978601238e+00
-1.896816007310389685e+00
-1.591504738382292228e+00
-1.456181685851813068e+00
-1.432557508279833636e+00
-1.122744013147815689e+00
-6.145517617174807157e-01
-4.902090988910290381e-01
-4.505397817814753014e-01
1.303455049382463149e-01
3.077183071249119939e-01
2.554887907714009643e-01
4.093226218344389600e-02
-8.029433850129401307e-02
-2.263447036215716079e-01
-4.944685777827143025e-02
-3.431019494271315695e-01
-6.592236703514458007e-01
-2.084028457687015501e-01
-1.056387850707262432e-01
-3.724647668772140818e-01
-5.952895377148780254e-01
-9.077288336391302614e-01
-3.223341448485783634e-01
-6.087890507198412404e-02
-2.303267543627085523e-01
-5.906774321431305097e-01
-9.915670909187839221e-01
-8.204674431236839149e-01
-2.623786359507380705e-01
-1.873712156890854352e-01
-1.431345363054244979e-01
-3.266905077655879452e-01
-2.291167839089672809e-01
3.421517559536965125e-01
-2.101168026187323346e-01
-2.739345270106839925e-01
-1.002349043619497893e-01
-3.714173639237455804e-01
-1.659744751317288602e-01
-2.424003609965251216e-01
-2.562267889484110550e-01
-4.819532231334807681e-01
-5.595813331152277303e-01
-5.648758245186210614e-01
-1.044119802002669628e+00
-1.377937670957826377e+00
-1.399245508942484006e+00
-1.354339521718336270e+00
-1.140009252274273299e+00
-9.767606546523188715e-01
-3.858135552581679617e-01
-6.910542574171399943e-01
-7.661438405686121778e-01
-5.359565477099026420e-01
-5.255080205226397849e-01
-1.086688673972513008e+00
-1.490857979085504770e+00
-1.564544456368985204e+00
-1.547178704477748301e+00
-1.697959173191299964e+00
-1.405132792519876217e+00
-1.252687555438134259e+00
-1.498737710778761612e+00
-1.642737496316181156e+00
-1.662240622701490755e+00
-1.590767384498388726e+00
-1.134976771125204342e+00
-9.185768743672010350e-01
-1.447812597794986722e+00
-1.889177804076654255e+00
-2.076177848679235716e+00
-2.195574881216725949e+00
-2.011352141076184541e+00
-1.955507192847678377e+00
-2.124089029335082923e+00
-1.778105505136365228e+00
-1.285222162677207569e+00
-1.275934634871495721e+00
-1.324150505563426838e+00
-1.320180784765758730e+00
-1.003379990241232589e+00
-1.146136502940777291e+00
-6.585582664855144097e-01
1.069274554405620359e-01
-1.891461527718601432e-01
-3.700805120891695332e-01
3.982375290517655153e-01
4.628806732450820860e-01
2.359877355344218719e-01
5.010288273688466854e-01
6.343593154924173083e-01
4.749498186259903942e-01
9.637970509106907890e-02
2.154628862465639283e-02
2.230979498877031508e-01
5.486524299465773691e-01
2.709037048898440547e-01
-6.355713146200003827e-02
2.866889582116814994e-01
6.038967799929391145e-01
7.582907289852849342e-01
1.015338036046625536e+00
1.187130738787834039e+00
1.431911241908659482e+00
1.704423557593023997e+00
2.362141876751355341e+00
2.695997025314034623e+00
2.898696387266298746e+00
2.658120088337279086e+00
2.801615619883126573e+00
3.456802492855997944e+00
3.076467270530162779e+00
3.096321272107232403e+00
2.450608334149895207e+00
2.815637783960346141e+00
2.591859143129057408e+00
2.330010500315130795e+00
1.840610966392125514e+00
1.803663813286576323e+00
1.212772048205441155e+00
9.604010565282043999e-01
7.034595918279857862e-01
4.637987170284389449e-01
5.288834882067660059e-01
8.279412324392523281e-01
2.488673375064346383e-01
6.580313324574671441e-01
4.181182214613117787e-01
2.146938498970510367e-01
2.594860853104645759e-01
6.770623567027873602e-01
8.219722979916797012e-01
9.391114505203885798e-01
1.906188975246605466e-01
2.979073637231247629e-01
3.697304250607696963e-02
6.382969458367231119e-02
-4.612574726517361667e-01
-4.107852606550851382e-01
-4.963222556098755289e-01
-1.138027430287625208e+00
-1.869573750532783407e+00
-2.275516192525216752e+00
-1.923636240549372545e+00
-2.238295754315099639e+00
-2.104631890331445820e+00
-2.055762254114836374e+00
-1.776924554726170502e+00
-1.695000575334993043e+00
-1.575814901516358502e+00
-1.922076691510810509e+00
-1.958233667301391367e+00
-1.881758397540994832e+00
-2.114605223200724193e+00
-2.183585315367447155e+00
-1.472513251921604649e+00
-1.580077454829539763e+00
-1.218692318706941613e+00
-9.175839013005085976e-01
-1.235731042433598770e-01
-2.190131347260168282e-01
-1.228694756745977584e-01
1.784129217727452588e-01
3.186066417490293068e-01
-1.392572755947756868e-01
-1.748934568530236544e-01
2.833945127069051884e-01
-1.418004917750173011e-01
9.551607625089961195e-02
-5.440605618920957287e-02
3.358559139153338702e-02
-1.739428446371094061e-01
-7.770463469964017378e-01
-1.599863298006175549e-01
-1.913091154343183886e-01
-1.851462432339345543e-01
1.715360261132031772e-03
3.805081660133587951e-01
-1.128058305555370566e-01
-9.251671698943475519e-02
-6.016981785440957825e-02
-2.145969483536920297e-01
-2.801446125314283608e-01
-8.244068151180199422e-01
-4.802383390191339307e-01
-7.602277424376878701e-01
-5.384713949408406197e-01
-5.917259732780985049e-01
-1.114626701400864839e+00
-1.408894329054460659e+00
-1.051237955802748036e+00
-1.684829336744114503e+00
-1.755338129821706117e+00
-1.430768078247379060e+00
-1.540387991694044612e+00
-1.486225198934729930e+00
-8.282746301995931315e-01
-1.106143683314845250e-01
3.936243786559437408e-02
6.510581721527781973e-02
-3.607153750452146701e-04
-5.097426485022253928e-01
3.001019074708655143e-02
-6.400538780427680319e-01
-7.278486262539630713e-01
-1.050561527279812557e+00
-8.879636820516804141e-01
-1.025842087665835178e+00
-3.717460258486081637e-01
-5.766856098779830075e-01
-4.877439357257475905e-01
-7.128490092007493395e-01
-9.182058787278626344e-01
-6.247232173231608288e-01
-7.838085755688350975e-01
-1.015968963370411648e+00
-3.637888965128872609e-01
-1.520442199336544120e-01
-8.644928700737146421e-02
3.778798993586256205e-02
4.291867277031152228e-01
8.775311517470298917e-01
1.124608706006843706e+00
1.267034485074322037e+00
6.852436453605643685e-01
1.279863433702564723e+00
1.229878104520644388e+00
1.284190691830338960e+00
1.093347684647568041e+00
1.182062799563926569e+00
1.118347452245168627e+00
9.837644565007824804e-01
1.271696119501783961e+00
1.049272325266044970e+00
1.214102859878063878e+00
1.206018420650550649e+00
1.354757683162134185e+00
1.635462230735162725e+00
1.640097738498299984e+00
1.678461515424336969e+00
1.707551105972503702e+00
1.076032615970607287e+00
9.235597501845249635e-01
6.577450320368405379e-01
3.481560605866680924e-01
5.323000977434821923e-01
4.598793106898267924e-01
8.290301433368749695e-01
1.142350334001895451e+00
1.182620035858976237e+00
6.895324208302473501e-01
7.660325389285416176e-02
3.415487060081714987e-01
1.085763653296651920e+00
1.297854961299899301e+00
1.196699961635718568e+00
8.471052610957755524e-01
7.490044604743352208e-01
7.056627361943604848e-01
5.362610589576407571e-01
6.730460277104578504e-01
1.184731107853767451e+00
6.641821607434704733e-01
6.092710136602144111e-01
3.945043477511881447e-01
4.904786655493049707e-01
2.614072551994713889e-01
2.459484435681091319e-01
4.059422891584738013e-01
1.285805345513618692e+00
1.597607571604628962e+00
1.774398213202236230e+00
2.138960375263732949e+00
2.339238721632201035e+00
2.301914369941021388e+00
2.410301394714095213e+00
2.006770180941460868e+00
2.152345842582398916e+00
1.670129272170970181e+00
1.180444724653018973e+00
1.905140987442851541e+00
1.982150567711182365e+00
1.492231987499709644e+00
1.458474435203329200e+00
1.205501740243786868e+00
1.142400644954329803e+00
1.049067119467097964e+00
1.089294211276876645e+00
1.013317737806088026e+00
9.910401957285336350e-01
1.123982710855611078e+00
1.521477368076663339e+00
2.105774809675935444e+00
2.145078565411507654e+00
2.684776517023378162e+00
3.024651457380551633e+00
2.894172262619321145e+00
3.140919639177181200e+00
3.506939597702297906e+00
3.247224026495369120e+00
3.853539707669929371e+00
4.093940579850388062e+00
3.747488713482349798e+00
3.795930272825226215e+00
4.102492996733727360e+00
4.239718217857010529e+00
4.211011108136559322e+00
4.354287761583599092e+00
4.298448874305691447e+00
4.020086984850064660e+00
3.728275103170651139e+00
3.615699799440470041e+00
3.700518597407984167e+00
3.833124362920924622e+00
3.588596852582624841e+00
4.063369407436066005e+00
4.310159869710750158e+00
4.541549617076585221e+00
4.258426817255401176e+00
4.506324868976663289e+00
4.487698570492154815e+00
4.114898573510310520e+00
3.971834961815019494e+00
4.065250340279126462e+00
4.111883552547624276e+00
4.769776690255829621e+00
5.069309658608267100e+00
5.368981441048884307e+00
5.740377765534741883e+00
5.996480126572435232e+00
5.861499457814718816e+00
6.007979387593652909e+00
6.522398035924695137e+00
6.570948501855795598e+00
6.756303267487330899e+00
6.994203871664566030e+00
6.725026307288117344e+00
6.527441016923200223e+00
5.997198071750743154e+00
6.098353209742516157e+00
6.290275449070919400e+00
5.376811287877568901e+00
5.655429476639862507e+00
5.874608176693683959e+00
5.652695888128384638e+00
5.713349382788647901e+00
5.459171677497660191e+00
5.241807628848134115e+00
5.130850042895375829e+00
5.077903024514303532e+00
5.217565519615758873e+00
5.103590392105503248e+00
5.066974755227072968e+00
4.978142461553727749e+00
4.371346706685694805e+00
4.191305946029202367e+00
4.749722931587603725e+00
4.670772573374543768e+00
4.591592818715940716e+00
4.416557768384595128e+00
4.373430789370738481e+00
4.383101532214474183e+00
4.430354889914670302e+00
4.202690235661085794e+00
4.067235680501137374e+00
3.969902100363747355e+00
3.954451796973728950e+00
3.794130828451370618e+00
4.265064235124470748e+00
4.044610927837118730e+00
3.466818756490043452e+00
3.453774077202718562e+00
3.300091726347119891e+00
3.123890927924527272e+00
2.895227997704223011e+00
2.588716595129374909e+00
2.424275489886304147e+00
2.707304792073903510e+00
2.398877454540352616e+00
2.459425174599656927e+00
2.663401774414811740e+00
2.676939661060920184e+00
2.206912168077997727e+00
2.478561645908259337e+00
1.752220773643354601e+00
1.988932146315567806e+00
2.509054615795411003e+00
2.916574273626639346e+00
2.863785646881143343e+00
2.795986880556093013e+00
3.388905645762367413e+00
3.113732197520088896e+00
3.244358972272138875e+00
3.251918089351205854e+00
3.143354011992662844e+00
2.903545391728686198e+00
2.536593283436760160e+00
1.808120176387109534e+00
1.826722925904299855e+00
1.795992995961729122e+00
1.568329074177175375e+00
1.632322451752975301e+00
1.762722301722479123e+00
1.213360213180544545e+00
9.414947395688619824e-01
7.551320725532741918e-01
6.329749023932497165e-01
1.134447170656317283e+00
1.419068183835970220e+00
1.189363083487905204e+00
7.918318890049991232e-01
7.138556843312311440e-01
2.166251512714628680e-01
2.826860345785361384e-01
2.212063540451875143e-02
-2.782115088944217551e-01
-6.369881299842897748e-01
-2.269650321150730732e-01
7.250667844297953302e-04
7.334572625769208987e-01
1.035124305389970800e+00
9.416224545556044490e-01
1.116226257236628383e+00
1.091294894722345088e+00
1.230537856141489916e+00
1.412478298790358799e+00
1.121782041601996127e+00
1.091803795945517130e+00
1.347278757260800042e+00
1.314602314254750492e+00
1.483188234982155018e+00
1.435149269425709972e+00
1.186890589880552183e+00
6.575000223450611081e-01
4.543734134581989270e-01
8.053675128043746856e-01
7.294959197659686145e-01
1.008816066548549495e+00
1.008454067039753710e+00
6.383035496910519635e-01
4.003994635366400767e-01
6.314962068415848062e-01
1.136701911135241438e+00
1.029120414387742155e+00
7.310761842958246604e-01
1.456346375146103433e+00
1.748241516244367855e+00
1.349538963383014600e+00
1.021151242872061271e+00
6.939671873161477045e-01
1.053507113932393269e+00
1.064558507967836354e+00
1.035437206052811421e+00
1.013842153021500270e+00
2.932081675719004910e-01
4.008082660685287069e-01
3.707952147831884426e-01
5.650955264390743471e-01
8.634155257164553010e-01
7.793564901284721902e-01
6.073638106944068138e-01
1.251433458232468432e+00
1.102188426052691739e+00
1.338934666774216575e+00
1.258603566428027953e+00
1.123946219021965121e+00
1.119334978688456550e+00
9.183992895543330315e-01
8.643796867914770310e-01
7.716949912628620067e-01
9.381094253574423503e-01
3.845002802370283135e-01
4.382497023254133817e-01
2.042504726912752477e-01
6.982443229256114492e-01
7.954502876468402262e-01
8.556347212500819976e-01
1.476060133774933725e+00
1.101573463045519841e+00
7.046027346340593134e-01
5.584726607236660811e-01
7.717134406055137230e-01
4.313987318148483352e-01
5.667842977191484000e-02
3.367220443256248308e-03
-8.741560654155202878e-04
-4.003092062365610770e-01
-2.993000711598053365e-01
-2.460367415971763116e-01
-8.355828691991729062e-01
-1.495710886390819283e+00
-1.341886030630124349e+00
-1.064835086618353577e+00
-8.954500044455772079e-01
-1.281358016620022688e+00
-1.665029168701017026e+00
-2.191990438867811530e+00
-2.420517973458732097e+00
-2.222493176074203269e+00
-2.064824384148467473e+00
-2.287211256329281905e+00
-2.253248290636805873e+00
-2.296756354524759569e+00
-2.248243696227080868e+00
-1.732108943287562930e+00
-1.263471149132786353e+00
-1.701544912910250673e+00
-1.161504255099279348e+00
-1.244339260029946770e+00
-1.090911724486602896e+00
-1.211305848425111353e+00
-1.203297940970473379e+00
-3.560527646760531795e-01
-9.092884439365280791e-01
-8.058071324697606563e-01
-2.482254758880138024e-01
-1.879846568288484621e-01
1.139836669928773194e-01
-3.237030076750286312e-01
-6.781284940749303658e-01
-1.020445972726598649e+00
-9.454183108818851045e-01
-7.181754255447350133e-01
-3.105634722112702861e-01
-2.327083560745775437e-01
-1.210331850607738041e-01
1.320334258556978835e-01
1.988963648446110399e-01
2.912891905771761158e-01
7.512574731573298248e-01
8.354262465939303883e-01
9.873847862980051904e-01
1.080255272772213893e+00
1.031371950456923869e+00
1.252336886934852789e+00
9.880074090499094686e-01
1.235523038594834144e+00
1.396555955469549470e+00
1.595015680308074835e+00
1.402049841326946655e+00
1.330568060314514911e+00
1.431859368921198250e+00
1.673643037553221635e+00
1.323388305949812604e+00
1.253795458913416816e+00
6.927591393068415204e-01
5.666165195419051726e-01
7.813662839798118931e-01
1.240985283746635526e+00
1.568688547682254519e+00
1.622041544868651597e+00
1.264430857948450004e+00
1.211019135917177358e+00
1.317881548459206797e+00
1.180841797186378717e+00
1.026855786511954305e+00
1.085801065570841439e+00
3.526315061358500369e-01
4.411670631000585985e-02
-2.706361343562014299e-01
-2.708080275166515616e-01
-3.438680362877104546e-01
-2.556866052819135593e-01
4.577701420148055922e-02
-5.812318746709386197e-01
-4.601762106231656047e-01
-3.829850755314065935e-01
-6.521104828567680922e-02
1.843165144098526942e-01
