4.030068876106255082e+00
4.273366286974320083e+00
4.834970322033969481e+00
3.622072361975872568e+00
4.811575878769770220e+00
6.972367624163245736e+00
4.431903595398036799e+00
3.428100218796137799e+00
5.775024605070705697e+00
6.185854199092426953e+00
3.036924902998853870e+00
7.042996567507503691e+00
4.499473698295517465e+00
6.831103527764669892e+00
5.442895986049705037e+00
4.166097861726191454e+00
4.715771385472657506e+00
4.903093919841638559e+00
3.800301003897339047e+00
4.613900296280839974e+00
3.522898742537812655e+00
2.744074180028392984e+00
5.105298741335078994e+00
4.021402442098804819e+00
2.999475141479694074e+00
4.795876746127739843e+00
2.739531070136533852e+00
1.389062457514826932e+00
1.497034060524056409e+00
2.997002231792627036e+00
3.518345652538054757e+00
3.265633829276596067e+00
2.298070388987417889e+00
2.185327758325803504e+00
4.186426355480504569e+00
1.793948131554878200e+00
2.203442689927340048e+00
3.428839140066471725e+00
4.827295820656518188e+00
2.195140162132847017e+00
1.199186251519428481e+00
4.341413062273426604e+00
2.559856190150580524e+00
3.569724961392520157e+00
4.071029851130898436e-01
4.092555086594125591e+00
1.853189069678705003e+00
4.999901266380701870e-02
3.343861006893653620e+00
9.251733287758026059e-01
1.176195098994330390e+00
1.462428344123513746e+00
1.479762895185970706e+00
4.598549182650320866e+00
2.020181168342967570e+00
2.211071236734365453e+00
2.996777181532142453e+00
3.797698624027122438e+00
2.756278411972107989e+00
2.823627739161614691e+00
1.601310002841440649e+00
2.917275620768053912e+00
3.056064648348716606e+00
1.270209966220155362e+00
1.755355948393549470e+00
2.820010900100600182e+00
3.196435113083384127e+00
2.368637106310827800e+00
3.331322114681267710e+00
1.544063960268764912e+00
2.738441889108221172e+00
2.607514996814227715e+00
2.126232057998813652e+00
1.314401491593720106e+00
1.433676854241053178e+00
3.348969399449369444e+00
5.396597210471005823e-01
2.264566245451860471e+00
6.794910056992184977e-01
5.139951574654944011e-02
7.977883681317949893e-01
3.442425404788460597e-01
9.015807590098185997e-01
1.820163703649230413e+00
1.563583496600777778e+00
-4.893271896994226822e-01
-4.954201565512255101e-01
1.638980397011398082e-01
-1.817725762217386354e+00
-7.051493679295610661e-01
7.131318791052976280e-02
1.026123256347180046e-01
-2.162305117375767693e+00
-1.142039231916625930e+00
-4.829499855621310900e-01
1.103845572374838824e+00
-1.690700150930488643e+00
-9.633765017471009884e-01
2.173849732058341644e-01
-1.481059148135271286e+00
-5.447920049279995069e-01
-1.527731608130770802e+00
-3.247556557259905663e+00
-2.735990389451282034e+00
-6.314526846081331968e-01
-2.318955862071880425e+00
-3.248114536461024215e-01
-1.285872561623744303e+00
-1.158305517409369045e+00
-9.078440557981437564e-01
-1.706130473541128900e+00
-2.094299306041765618e+00
-2.620309450678168339e+00
-1.130850057894869920e+00
-2.941996729007119171e+00
-4.435190717710694841e+00
-2.733630598472233331e+00
-3.089777352461535287e+00
-3.194764209785334153e+00
-4.576753764509799538e+00
-3.733314300348887116e+00
-4.236535034061864380e+00
-4.269878504919079276e+00
-2.069006643732434370e+00
-1.857182666623751643e+00
-1.881345525153789389e+00
-3.598679582011201639e+00
-2.245382250359304166e+00
-3.246096642628840456e+00
-2.060626160656484629e+00
-8.720472282937095088e-01
-3.016291037369325245e+00
-6.267116783721426998e-01
3.576977556755167598e-02
-5.281305190372060920e-01
-9.556227618713677430e-01
-1.463409722581278771e+00
-2.264627863332310476e+00
-2.812341694686981697e-01
-1.534088877033610743e+00
-9.298599028536482791e-01
-1.045005543684806248e+00
3.792947540754347813e-01
-1.930638359755161737e+00
-2.062663628883668387e+00
-6.567679339595731136e-01
-3.358851652321972026e+00
-2.036985186123284386e+00
-1.470627398491865634e+00
-2.649095726943687445e+00
-2.725944933036001494e+00
-1.908566150577251541e+00
-4.296169976921452971e+00
-3.411341655199509049e+00
-5.159852107670762855e+00
-2.427676993518765869e+00
-5.560039414291182425e+00
-4.691347833273624701e+00
-5.417277976813064555e+00
-5.340776927963087672e+00
-4.741805393999282359e+00
-4.598904301684439311e+00
-4.422258630526149759e+00
-4.244688651029732362e+00
-7.064362497372029814e+00
-6.189510680440481138e+00
-5.966428438322544103e+00
-4.066653285626582459e+00
-5.489293600050655364e+00
-6.047013403965999956e+00
-5.610285344562378818e+00
-5.977079846286541986e+00
-5.646782413002535250e+00
-4.877310724956616106e+00
-6.807718862358717260e+00
-3.319772655604547928e+00
-4.799975558963131661e+00
-5.949003902131604349e+00
-6.488084654181705879e+00
-7.049874944438611735e+00
-5.435206514596700345e+00
-5.269023994629838725e+00
-4.453175882220315351e+00
-5.711639995195591624e+00
-6.978971221399905112e+00
-3.371757207661023159e+00
-5.531334917611667734e+00
-6.226352096163054739e+00
-4.639052159174658740e+00
-5.696900499102983240e+00
-5.088718321351038298e+00
-4.884824880140063108e+00
-5.937847401847052176e+00
-5.500477490640986566e+00
-4.269382066962587707e+00
-6.095811371316964156e+00
-5.454111517197462788e+00
-4.358008034425640886e+00
-5.015084726580373520e+00
-7.034668918735548004e+00
-6.304065540210852525e+00
-4.973163464320753846e+00
-5.217846950018866004e+00
-7.470123641656201130e+00
-6.279379857792728892e+00
-6.118036300323251631e+00
-7.512956055334639949e+00
-5.461091880545168031e+00
-5.739022537018040993e+00
-6.930979891785561620e+00
-7.421180425217889898e+00
-6.547177085619310333e+00
-6.237807724871884396e+00
-8.310210037186031684e+00
-1.000616134905537180e+01
-9.201380097610709186e+00
-1.038915430650516214e+01
-7.486136746824527677e+00
-1.050490476859770261e+01
-1.087112057475961890e+01
-1.057281145579166548e+01
-1.036809110407611101e+01
-1.097337944512623054e+01
-1.045615656212509847e+01
-9.834394233163518351e+00
-1.146040790229139539e+01
-1.021398259649328466e+01
-1.137192041930821240e+01
-1.099554497813596221e+01
-1.097994813043784745e+01
-1.330909780694343603e+01
-1.255915617756528313e+01
-1.140502491817527897e+01
-1.303401588578951120e+01
-1.274973436355129941e+01
-1.224794987846849637e+01
-1.271473754252584776e+01
-1.223747670277165511e+01
-1.347934836238174228e+01
-1.416275529622389229e+01
-1.260127334670817945e+01
-1.632762484521777324e+01
-1.105021646602853025e+01
-1.238710291099507543e+01
-1.279014377925921409e+01
-1.275205314332905715e+01
-1.172833689698991222e+01
-1.098999138414639276e+01
-1.397896301497136307e+01
-1.202041195957762554e+01
-1.261062083287282221e+01
-1.211583888478299009e+01
-1.146022005789595433e+01
-1.107714786831781772e+01
-1.076977271991510854e+01
-1.394878347746291070e+01
-1.335232749940263908e+01
-1.568828255031665364e+01
-1.353036817471942577e+01
-1.257619256453110523e+01
-1.395655734301089446e+01
-1.263214038864844468e+01
-1.332717571135013834e+01
-1.231763088412896323e+01
-1.164980377324902427e+01
-1.389028616619487266e+01
-1.176147071500035679e+01
-1.265349978804232478e+01
-1.171714773170360147e+01
-1.208986965819889292e+01
-1.397636704212897385e+01
-1.557854604206750793e+01
-1.419485917757366877e+01
-1.150246122360873002e+01
-1.326476768285816910e+01
-1.224066266349021426e+01
-1.223052038673032627e+01
-1.292088146480165278e+01
-1.155690975957122824e+01
-1.069016933205024067e+01
-1.173403268868636218e+01
-1.159168843635819712e+01
-9.270163539634358685e+00
-1.201331527890609152e+01
-1.079986346614138704e+01
-1.044811635486113488e+01
-1.076931232932944660e+01
-1.160093748287656013e+01
-1.007228290452110819e+01
-9.854979975105173651e+00
-1.005151592912283576e+01
-9.763380348047917323e+00
-8.500151057391407861e+00
-1.107606742263170574e+01
-9.532414212540111009e+00
-8.604370536550597137e+00
-8.071700732364931241e+00
-1.025561981001003709e+01
-1.047324380670206878e+01
-9.571835207864523909e+00
-9.986840478805545374e+00
-1.042479951265474725e+01
-1.094220666385257523e+01
-1.056050422474115180e+01
-1.041218970065160221e+01
-1.085396542318493474e+01
-9.800243136984954972e+00
-1.093666325447131982e+01
-1.071409341276801896e+01
-9.423124385892378996e+00
-9.652752861474603208e+00
-1.127985954750566222e+01
-1.025350992550002616e+01
-1.003775053862298350e+01
-9.479688237287854591e+00
-1.099683143955903475e+01
-9.154597667976027253e+00
-9.279905815169730232e+00
-1.076458564856488920e+01
-1.069923760036159877e+01
-1.084523974228710230e+01
-1.084454516339808450e+01
-1.171082071587695594e+01
-1.164827852134909314e+01
-1.255187440846166425e+01
-1.205159410290781707e+01
-1.099824790064517543e+01
-1.132184975354210543e+01
-1.072421684265546560e+01
-8.845373932397608385e+00
-1.093798881034630099e+01
-1.041564898615511581e+01
-9.432679374280375839e+00
-1.153402425368414619e+01
-1.137453115291395278e+01
-1.040365466740066580e+01
-1.071492569882055435e+01
-9.605360340137007569e+00
-9.438360425264082920e+00
-8.805856355121566281e+00
-8.671270745248961020e+00
-8.381215366012380485e+00
-8.687231318048930007e+00
-8.934000106313209955e+00
-8.791089338058950986e+00
-9.515137781059909372e+00
-8.489174962672498381e+00
-7.736650266424998534e+00
-8.998224108045025815e+00
-8.154396260989230427e+00
-8.941304351190433763e+00
-7.981251730322831861e+00
-9.023733536019152623e+00
-1.053621350687911473e+01
-9.661434299091093081e+00
-8.540116945988309283e+00
-8.493286688553496333e+00
-9.192453747419808252e+00
-8.199366983232604156e+00
-9.570678539572810450e+00
-8.878298367554876336e+00
-8.166147378375988808e+00
-8.280388845761805783e+00
-9.273401401575732450e+00
-8.975540316315850475e+00
-1.031423329538061928e+01
-8.716864250829818417e+00
-9.522695323596877870e+00
-8.994283354653095586e+00
-8.608958960049909237e+00
-8.736848088605196239e+00
-7.167369622108657801e+00
-9.436267622640491126e+00
-9.345984564495498859e+00
-8.275728285403449291e+00
-5.922088580384253120e+00
-6.266241232936547334e+00
-7.296457350600627834e+00
-8.804949523809877832e+00
-7.780859150184512352e+00
-7.209212566966566982e+00
-8.762916870614462894e+00
-8.082670548385955556e+00
-8.738130202756440923e+00
-9.302214456514555252e+00
-1.054543642161375416e+01
-9.511598719321082029e+00
-8.446712764166411702e+00
-9.521971606850021530e+00
-8.420109401982678321e+00
-9.333275113392538458e+00
-9.245354812622556651e+00
-9.405167876438099483e+00
-9.626528144847323887e+00
-9.971607592838665823e+00
-8.449032740318390466e+00
-9.301556432871837643e+00
-9.123631575863829113e+00
-8.300292307826989457e+00
-1.018974288361871672e+01
-9.169967432528993712e+00
-1.016292087096577035e+01
-1.047544573532251277e+01
-1.029765090901268643e+01
-8.036738879507334232e+00
-8.955602478250845877e+00
-9.970305561749881917e+00
-7.430702091956919553e+00
-8.448937676987130274e+00
-1.018120221664425529e+01
-1.027817594689378389e+01
-8.112271924290366698e+00
-8.568225076195254530e+00
-9.184191516129796895e+00
-9.673796700112289315e+00
-9.339959234388736320e+00
-9.568705095440716235e+00
-9.390404144099459671e+00
-8.463501961581423316e+00
-9.352697656775639246e+00
-9.439537666985259534e+00
-1.059000483125680603e+01
-1.014195300002155342e+01
-9.618938735734481327e+00
-1.150736069490861802e+01
-9.762696873418702737e+00
-9.998693742309317400e+00
-9.688434549710988719e+00
-8.683560327776534749e+00
-1.024849679299826022e+01
-1.020746840998535276e+01
-9.877287748171262649e+00
-1.042986002246457744e+01
-1.041083873134234494e+01
-1.017124616571004481e+01
-9.221296490720970240e+00
-8.887702305776283396e+00
-1.009263272331063277e+01
-8.300387132839800230e+00
-1.123958935959074701e+01
-1.040629071438560160e+01
-9.330302934693911254e+00
-1.031552724495388951e+01
-8.965313852931636518e+00
-9.401953144290672526e+00
-1.080776530326681950e+01
-9.687467381618800388e+00
-1.039688605877903527e+01
-1.010897278992006854e+01
-1.093312071871684132e+01
-1.148293277040719573e+01
-9.893669772042244404e+00
-1.050783462854280970e+01
-1.135365146245908363e+01
-1.220267512798085008e+01
-1.043927023230557083e+01
-1.140296367094953744e+01
-1.171819265645356722e+01
-1.104575670477401950e+01
-1.440028696060269198e+01
-1.252730430537815742e+01
-1.165301010655752734e+01
-1.067016821479706934e+01
-1.233507505553383865e+01
-1.180357362787964171e+01
-1.135140715116117960e+01
-1.220500396670855991e+01
-1.029074058951353976e+01
-1.071894243090146048e+01
-1.014059958004842521e+01
-1.025825121271351570e+01
-1.075136430059104953e+01
-1.081044248295863319e+01
-1.008635602198402026e+01
-1.279826032695441818e+01
-1.162092905917278785e+01
-1.173716769147492656e+01
-8.902150068027561147e+00
-1.082361773585612852e+01
-9.067497192776231785e+00
-9.930639154901280463e+00
-9.244456443297723425e+00
-1.057911191469085210e+01
-1.007445524011171401e+01
-8.730111452408662487e+00
-9.519502357242487278e+00
-1.072702781077103396e+01
-1.191527816913688120e+01
-1.106205505289752011e+01
-1.182721460875140451e+01
-9.942259893791586478e+00
-9.086165824136401170e+00
-1.075302633606230529e+01
-8.804718847654356750e+00
-1.078123339529485314e+01
-1.037963488754495422e+01
-1.094715200568032998e+01
-1.051952204416254233e+01
-9.026663808476477868e+00
-8.250877364400944103e+00
-1.171599712395030046e+01
