2.196147169337124561e-01
2.040897022019022011e-01
3.768591573206867551e-01
-1.700986440632192842e-01
-1.485377619067114185e-01
9.615274428740833157e-02
-1.227879181664471575e-01
3.895699817561396605e-01
4.755869931014521934e-01
1.844333443905257219e-01
7.718834892358382715e-01
7.521534786472958700e-01
5.155724429906380912e-01
4.502114453474217459e-01
4.161925635069180784e-01
3.102652645391400510e-01
-3.371842302683031312e-01
-1.442913467677163220e-01
-3.867810097984391016e-01
-1.763956272417255833e-01
-2.275616528757580526e-01
-5.460067740628332666e-01
-5.320788429520566520e-01
-1.489135012356710974e-01
-2.221122325264764663e-01
-5.899562163758144129e-01
-1.120305725354069359e+00
-1.379474915074192953e+00
-1.645628321179100295e+00
-1.963298825160488370e+00
-1.983078329789649041e+00
-1.903009346602871688e+00
-2.212741693869952453e+00
-2.356230941479265706e+00
-2.176048962504495421e+00
-1.847170832321851863e+00
-1.803134755171054371e+00
-2.055475653964028648e+00
-1.699553834765211047e+00
-2.065783789898974376e+00
-2.481628893282547654e+00
-1.980486616267175481e+00
-1.805817187181300909e+00
-2.065706318425490018e+00
-2.447713285628211555e+00
-3.158127403942708078e+00
-3.223985021989307143e+00
-3.245504996394139585e+00
-2.970985875226528794e+00
-3.342720768386651553e+00
-3.220262349008705893e+00
-3.071679526083815226e+00
-2.755368545729752761e+00
-2.495001365333313181e+00
-2.636717727366289399e+00
-2.444080443080054454e+00
-2.616960427264765965e+00
-2.402677877306679033e+00
-2.622540840783480043e+00
-2.666064702880782455e+00
-2.216110152722064797e+00
-1.971583204632520347e+00
-2.029129969564082980e+00
-1.893896961496209119e+00
-1.879486193998136878e+00
-1.678228939829228272e+00
-2.123320793645685267e+00
-2.540532422216149389e+00
-2.469086908264088276e+00
-2.039660110449606378e+00
-2.347495149084497523e+00
-2.386551131863047459e+00
-2.382289598403706243e+00
-2.479613249534117880e+00
-2.693411113174905225e+00
-2.884493793464729894e+00
-2.839749955392122160e+00
-2.804383984526766849e+00
-2.669685482565205881e+00
-3.402348087579125213e+00
-4.287087522530431016e+00
-4.329020884260147639e+00
-3.851727409262555746e+00
-4.145316041166249299e+00
-4.226721292198016400e+00
-4.598016023127647678e+00
-4.932327968813040364e+00
-5.511657024305040231e+00
-5.548678184773702782e+00
-5.675484591933522616e+00
-5.302833446558452124e+00
-5.489328802680840447e+00
-5.755268250729436375e+00
-6.031978446693202045e+00
-6.159637008171651829e+00
-5.847913984592751468e+00
-5.594820456431348177e+00
-5.827237332004423287e+00
-6.279260601320984847e+00
-6.566720254927487233e+00
-6.800191310568229675e+00
-6.767959949876866332e+00
-6.889808902689990688e+00
-7.377259377897462223e+00
-7.092781900736826017e+00
-7.039782286629514552e+00
-6.572355916919102370e+00
-6.515142896610746526e+00
-6.698881477802120621e+00
-6.854938751021471433e+00
-7.195812219381034325e+00
-7.687935344422836437e+00
-7.914885342584772054e+00
-8.040901643873638704e+00
-8.505646506130258189e+00
-8.695818403854964629e+00
-8.622879508697796069e+00
-8.841082130779597037e+00
-8.237390641908147515e+00
-8.490454900123923565e+00
-8.226915364369030925e+00
-8.233172172282802848e+00
-7.469294673278115582e+00
-7.687139716763901731e+00
-7.581613605691057245e+00
-7.312471649530946749e+00
-7.343009014329875406e+00
-7.550333480769324090e+00
-7.163874230896849049e+00
-6.957209841791591742e+00
-6.737312723492324906e+00
-6.595168476870009400e+00
-6.277262109884244268e+00
-6.359334488761959392e+00
-6.186011517890848133e+00
-5.951080531509870042e+00
-5.732287326177613274e+00
-5.871472232791316692e+00
-6.073903749427520538e+00
-6.135440459162137650e+00
-6.293519520947119084e+00
-6.106254704051057303e+00
-6.117926201943070019e+00
-6.101072257933380705e+00
-6.543473243666659833e+00
-6.426981816413549708e+00
-6.630853373991055122e+00
-7.041355801966629357e+00
-7.036551641225990750e+00
-6.931384930496436780e+00
-7.395165331245818763e+00
-7.487922020178072735e+00
-8.075571838515635648e+00
-8.211821616340666097e+00
-8.509024028543432649e+00
-8.510395292207265427e+00
-8.758547286302835744e+00
-9.045691880805868834e+00
-9.490161032886675230e+00
-9.492093530515916200e+00
-9.517522273874085670e+00
-9.947293222579887129e+00
-1.019601869071177802e+01
-1.057297923866220479e+01
-1.153135632606699623e+01
-1.157902212974177836e+01
-1.103356734007631523e+01
-1.062089928002144745e+01
-1.066272622180261642e+01
-1.060828312577177357e+01
-1.086843508044710127e+01
-1.107905114342447384e+01
-1.095031984812212045e+01
-1.055297581589974243e+01
-1.001002496103184924e+01
-1.041855525763914159e+01
-1.028905887190465052e+01
-1.036336828765485052e+01
-1.081395370231341957e+01
-1.086073921603566639e+01
-1.084448451810638758e+01
-1.023927188788217535e+01
-1.072427531758341601e+01
-1.149184927390888511e+01
-1.147332457866292010e+01
-1.097489432653994434e+01
-1.109639987275753192e+01
-1.064026862954456476e+01
-1.058038502074259135e+01
-1.071372480435315566e+01
-1.030806028450071210e+01
-1.014462591166405225e+01
-1.013898701521325485e+01
-1.033320187106114219e+01
-1.029762964906918121e+01
-1.049966820641550491e+01
-1.083203417841741789e+01
-1.121215781377514098e+01
-1.138377465325249460e+01
-1.100036956152271017e+01
-1.116174179925595134e+01
-1.113947593084831134e+01
-1.099278128042459102e+01
-1.081325099104316401e+01
-1.099211829139174945e+01
-1.098476223480009750e+01
-1.109311828722849214e+01
-1.155173432104564313e+01
-1.220266530383299042e+01
-1.264946778337523980e+01
-1.268604941567370936e+01
-1.324031185988140535e+01
-1.299680014065628164e+01
-1.334989876552913834e+01
-1.376402817994512162e+01
-1.382991325879063815e+01
-1.405833010288120555e+01
-1.389500882770886037e+01
-1.454697006302952111e+01
-1.446320992211635748e+01
-1.476918502293732161e+01
-1.525552969835904449e+01
-1.565510979686388282e+01
-1.555725780121552049e+01
-1.515889582969785820e+01
-1.583075896128407933e+01
-1.587238475671564508e+01
-1.591335636922994290e+01
-1.657613542433120557e+01
-1.665065042272842888e+01
-1.680736182535853018e+01
-1.690971845511313276e+01
-1.675667580387207778e+01
-1.714133239782039198e+01
-1.711668214481446881e+01
-1.689494516437162730e+01
-1.718051407364610128e+01
-1.733946197739559381e+01
-1.755125254538070934e+01
-1.768987367491378038e+01
-1.801083802769951347e+01
-1.802301065822716808e+01
-1.758140617684396290e+01
-1.754257930118114928e+01
-1.717178555857652356e+01
-1.727533594580321008e+01
-1.688138809212405533e+01
-1.678029417080761121e+01
-1.678136922082286731e+01
-1.684425017663981095e+01
-1.723003204847849190e+01
-1.756127279914823447e+01
-1.768616882155945191e+01
-1.722848872358230210e+01
-1.704218956278591435e+01
-1.762547600137354920e+01
-1.773714504339914200e+01
-1.788715710540030557e+01
-1.754571128921666912e+01
-1.749748878789642959e+01
-1.719719120860533934e+01
-1.739409343644591033e+01
-1.713272168939043993e+01
-1.716334017896981834e+01
-1.731637544609453272e+01
-1.756156225295469397e+01
-1.750079487991222038e+01
-1.756809962162189365e+01
-1.749544356816648261e+01
-1.732891441352399298e+01
-1.812950251036480154e+01
-1.808203828646877298e+01
-1.800563972222665399e+01
-1.806444542735327019e+01
-1.828866002928096890e+01
-1.758400873011540000e+01
-1.740146231065126514e+01
-1.682185625419963060e+01
-1.667160615973076077e+01
-1.643005797036135718e+01
-1.661326035200924878e+01
-1.651222327049249117e+01
-1.618275939630258975e+01
-1.636826442341742194e+01
-1.597098154570190509e+01
-1.602876998273240261e+01
-1.626512217432351548e+01
-1.618479697222144864e+01
-1.562393486004914855e+01
-1.485687734944782434e+01
-1.471608205841775074e+01
-1.513415862487383023e+01
-1.477693567836196564e+01
-1.468702937953458587e+01
-1.424155294658189774e+01
-1.409776905651864176e+01
-1.452485591075988758e+01
-1.491477888458322099e+01
-1.480466036056192713e+01
-1.528965518670755763e+01
-1.518539708678965106e+01
-1.526229754388717552e+01
-1.537315872902463454e+01
-1.485796740474638433e+01
-1.525159586524380728e+01
-1.513662250547423938e+01
-1.524975050186115944e+01
-1.490072027371918040e+01
-1.504925706103530381e+01
-1.547978037733500045e+01
-1.529762221513319531e+01
-1.496354859645724744e+01
-1.471303296323505982e+01
-1.479469500364279533e+01
-1.509619970839771241e+01
-1.525993948318940596e+01
-1.502700865120645091e+01
-1.523458590175059513e+01
-1.557757875018768345e+01
-1.551600344015324140e+01
-1.593687980120232872e+01
-1.631229673562321381e+01
-1.667249355711495085e+01
-1.672467747503844393e+01
-1.664356907398438779e+01
-1.640852868217444183e+01
-1.635134890800942387e+01
-1.540527810988244539e+01
-1.475723723634705031e+01
-1.479603622810835972e+01
-1.532663344948079676e+01
-1.490195929607356717e+01
-1.516914944653835917e+01
-1.505469195587076570e+01
-1.499277559554370143e+01
-1.505884098801390536e+01
-1.427610611764605331e+01
-1.420999041126171569e+01
-1.380392636948302609e+01
-1.409419569866163613e+01
-1.413601166714440538e+01
-1.386197412809692864e+01
-1.384829448765553828e+01
-1.391134021570337431e+01
-1.384853971071483691e+01
-1.405987586568391734e+01
-1.415732779813951225e+01
-1.395509957270995471e+01
-1.429171106378536393e+01
-1.404709672497027384e+01
-1.408974308221445604e+01
-1.388257846552531483e+01
-1.403800861960733926e+01
-1.405803213011813924e+01
-1.371543946266733727e+01
-1.376189585065011656e+01
-1.370437858511687246e+01
-1.361303888773543491e+01
-1.369306736022594251e+01
-1.411898640134232075e+01
-1.391261859026761449e+01
-1.391293981358641396e+01
-1.403733578873675469e+01
-1.463286586111273202e+01
-1.402112510614668572e+01
-1.445092861530915940e+01
-1.409374404932238356e+01
-1.438852763921289935e+01
-1.411419013676907674e+01
-1.372214156257275164e+01
-1.376028889352099149e+01
-1.368652026792944199e+01
-1.330869613918082095e+01
-1.327503535409821289e+01
-1.298760911431022436e+01
-1.304624297293365665e+01
-1.301770678153169136e+01
-1.310636074663065642e+01
-1.405280762523441318e+01
-1.368392793755720938e+01
-1.406272289985214208e+01
-1.410988955724306315e+01
-1.390493092576040901e+01
-1.400511824486730816e+01
-1.388702113178509201e+01
-1.410520602621760133e+01
-1.412906836266643218e+01
-1.398877457381667355e+01
-1.391650989509519043e+01
-1.380975481812667205e+01
-1.398294885963881029e+01
-1.423490462606632789e+01
-1.373460066336888907e+01
-1.367708044841406512e+01
-1.334028885981080137e+01
-1.332773392076666141e+01
-1.381135226269073790e+01
-1.432633496881971880e+01
-1.433476455355326706e+01
-1.444891071589962728e+01
-1.469583237142851573e+01
-1.470481034479785976e+01
-1.512109395966520431e+01
-1.516553994419631657e+01
-1.487960473699857644e+01
-1.509235568522378301e+01
-1.478833529772951749e+01
-1.406675896480911092e+01
-1.418382029529933774e+01
-1.431939514234933775e+01
-1.422230266840544033e+01
-1.430159944630145752e+01
-1.447989097054197849e+01
-1.452823076888077658e+01
-1.451795039398537135e+01
-1.415962900382830369e+01
-1.403049144719465779e+01
-1.407727047171957402e+01
-1.378138446931039773e+01
-1.397060954690502932e+01
-1.466720246790773352e+01
-1.470570246285739202e+01
-1.485953939556713443e+01
-1.532668279016407631e+01
-1.545281674332429489e+01
-1.532239855494366232e+01
-1.504593527054094437e+01
-1.508071679905905071e+01
-1.500957767475184390e+01
-1.524737125271161631e+01
-1.487629500536650617e+01
-1.456307255930640565e+01
-1.454018481483502079e+01
-1.470821079250655217e+01
-1.460313062854562638e+01
-1.449889857870496890e+01
-1.470864281793833150e+01
-1.445379322833940172e+01
-1.502752274957684619e+01
-1.474453912105949271e+01
-1.494180844993968726e+01
-1.494329185090577639e+01
-1.484035148400323756e+01
-1.458288221360625236e+01
-1.466082745911959329e+01
-1.497314012381474591e+01
-1.486721578917790154e+01
-1.492466335485160123e+01
-1.574906032702665648e+01
-1.568433662503869108e+01
-1.542561635036422807e+01
-1.549452501386898895e+01
-1.566963401357938324e+01
-1.586678382550481992e+01
-1.565587508550844120e+01
-1.616565296177122946e+01
-1.596863192301702483e+01
-1.649796638115475034e+01
-1.652917695746303295e+01
-1.687818962388152855e+01
-1.707143559713185610e+01
-1.678557792895054490e+01
-1.706903851528118921e+01
-1.727037370787537540e+01
-1.722344828444798637e+01
-1.624812743409512450e+01
-1.617291074662591654e+01
-1.607741385386339772e+01
-1.589917784950063506e+01
-1.598430202347222817e+01
-1.590318020944973121e+01
-1.615204435870308686e+01
-1.599819170301179838e+01
-1.609932698231293102e+01
-1.588940898924081502e+01
-1.563787177636684156e+01
-1.534810075558706011e+01
-1.540635513066740714e+01
-1.510812148236451868e+01
-1.521364367833782971e+01
-1.496942997409341558e+01
-1.492232328521070883e+01
-1.484731359921675420e+01
-1.500970451785185844e+01
-1.492523158697553143e+01
-1.466290916761475849e+01
-1.483192876597668430e+01
-1.468408059242753438e+01
-1.483675504414037150e+01
-1.527250448152073936e+01
-1.541731525728137697e+01
-1.512519565673629707e+01
-1.497329600918921066e+01
-1.446326240938183183e+01
-1.486554528970947331e+01
-1.542092165642493029e+01
-1.517961276294225925e+01
-1.543331207900441981e+01
-1.517633834089181732e+01
-1.547187858711254194e+01
-1.556127875784148884e+01
