4.786560143445392157e+00
5.326599447295035539e+00
4.038696868440143639e+00
4.767457598326633850e+00
5.554510740539718938e+00
3.627810094179208633e+00
7.075552787567251478e+00
4.911278890490227589e+00
4.767322323549920249e+00
5.482791487131090769e+00
6.293226906082070471e+00
5.588239826675406086e+00
6.248470126372103195e+00
8.583215810585276273e+00
8.779904220997948983e+00
7.693819595214124618e+00
9.030892204701174819e+00
7.716869057171748203e+00
9.949047187402753067e+00
9.136376365347825157e+00
9.189395360533358925e+00
8.045084260472888715e+00
7.367025501328767767e+00
1.019099335703478459e+01
1.052039814266971618e+01
1.027891175926466261e+01
1.096178763957408364e+01
1.074270161669257817e+01
9.435336601425142078e+00
9.885740900891018867e+00
9.110327195388567390e+00
9.611861005706611394e+00
1.004166376459965626e+01
1.099677273835501268e+01
1.056015333430790193e+01
1.083025774572687361e+01
9.062059939328751312e+00
9.966711629221244095e+00
9.167884286049030607e+00
9.838643754752563808e+00
1.141281788156708643e+01
9.951955822544560348e+00
1.110776217099923002e+01
8.936896033625728819e+00
7.576027057471302228e+00
9.478665168808426245e+00
7.849342976526903826e+00
8.799503399321046970e+00
6.921722884509599716e+00
7.085688365072779327e+00
1.061001890931329328e+01
8.798096356176781541e+00
8.563571594667854114e+00
6.634298940717270554e+00
8.068578034663659082e+00
8.434341351783528395e+00
9.443473102188534085e+00
1.029495722547866521e+01
9.674044925400195893e+00
9.040797804730331677e+00
1.073405856811121240e+01
1.078086553277504578e+01
9.912133870443192052e+00
1.021353104305653758e+01
1.144837940051422898e+01
1.082000182391320919e+01
9.768208193994093236e+00
9.447987276031479809e+00
1.192009209879194209e+01
1.065908020639025011e+01
1.002093896471919976e+01
1.036255006095764841e+01
1.153454094308281697e+01
8.833554870942265325e+00
9.202211172164002306e+00
7.791292417351815658e+00
7.913630107714674011e+00
1.072492755435190226e+01
8.164136911830025767e+00
9.382479139556807013e+00
8.947610156907847667e+00
7.719983229265833913e+00
1.132035088528765066e+01
8.607730927764304596e+00
8.005711912816980913e+00
8.656794392369326019e+00
9.567348169574787065e+00
6.941249472113493191e+00
7.789770333101278865e+00
8.146148548072623896e+00
8.891516457458010336e+00
8.076279608851240965e+00
7.120128344552120403e+00
9.216600216439438498e+00
9.083668862255011689e+00
9.393217010000061151e+00
7.975781903157196595e+00
9.524386759272040592e+00
9.235953285955712744e+00
1.077987549389234267e+01
9.111893217947015344e+00
7.979524792362965968e+00
9.179928438041413230e+00
1.108058710864388630e+01
9.110814086443390636e+00
8.249490314722056183e+00
1.037730027084927897e+01
1.122325277571712121e+01
1.052686239988081240e+01
1.178251642041946390e+01
1.039609446045389340e+01
1.008329337851851548e+01
1.039593197380068723e+01
1.129311191295076533e+01
9.108482694787035427e+00
1.097405104100949558e+01
1.086312859907468464e+01
1.156909858987947004e+01
1.126170293397951738e+01
1.022323869168839394e+01
1.043344613300280344e+01
8.158696276949708448e+00
6.777795018099085134e+00
8.622009334099956845e+00
8.383386929363286555e+00
9.021226899668805643e+00
9.788322539177354287e+00
6.704565959265492481e+00
8.899384938442636894e+00
8.859738139761006437e+00
9.063784888725514577e+00
7.405960970739825733e+00
7.237458161372366305e+00
7.085170696772431498e+00
7.904400293554370904e+00
9.671686550741082300e+00
8.072879357834590763e+00
7.560894360608060971e+00
9.079782971558142179e+00
7.975411508194218513e+00
8.831203801434392986e+00
8.501394577343361902e+00
9.279428807329068718e+00
8.288091476871917607e+00
8.505861153747787284e+00
7.833694882958011974e+00
8.705226929131853808e+00
6.149572038188367173e+00
7.012041821215629689e+00
9.511790788411373043e+00
9.231955929816484385e+00
1.072471375838277297e+01
9.637987631678125666e+00
8.228303137219533880e+00
9.934125775248608292e+00
6.995625800195972133e+00
8.806448163887800717e+00
8.570616926446525952e+00
1.082655203136914324e+01
9.382455418723322893e+00
9.542628255396543580e+00
8.239857943106322580e+00
1.077013910152240328e+01
1.041256004531666868e+01
7.369573747369813077e+00
8.740386320234376782e+00
7.272303333001902459e+00
7.626540676189121015e+00
8.253346348051213255e+00
9.427961780341686193e+00
8.015825763260254533e+00
7.193000578990909943e+00
7.981930697268952102e+00
7.184391380461844001e+00
6.132480349080230653e+00
8.483359218341654184e+00
6.616649695093825834e+00
6.363610996044128498e+00
1.045743779613018809e+01
8.182713515421689010e+00
7.421969376389383477e+00
8.534541225419129518e+00
8.838017522390813951e+00
8.227422705272832815e+00
9.543270912412385343e+00
8.399644645254225495e+00
7.583842374186460233e+00
7.162022230776144305e+00
6.136219891290854100e+00
6.914097509964225452e+00
7.308125676690531591e+00
6.798022523476641155e+00
5.838768955793166349e+00
6.285869535603247016e+00
6.510311446328818086e+00
6.136083826195006807e+00
5.575586347242550644e+00
6.595700361121627608e+00
5.595100086094959124e+00
5.741567422102754392e+00
4.987308522817935241e+00
5.645271238528852820e+00
5.861023572286494066e+00
6.258243006864069535e+00
5.328467910154242482e+00
6.658678543606627365e+00
5.960738882781912551e+00
7.073612935242119093e+00
7.403541585255885238e+00
4.868142794743056001e+00
4.972155260662994181e+00
5.658539855969046073e+00
5.454230819698912214e+00
6.560330352951172728e+00
6.924701849106684293e+00
7.311090327339456962e+00
6.109900471370584896e+00
7.947748088780533848e+00
5.992990451016301456e+00
7.977345069201663641e+00
8.501867267771059389e+00
7.898617239785932220e+00
6.576996312531218081e+00
8.319911587975809653e+00
6.711176819204068167e+00
5.633295685571305000e+00
5.516661021316797253e+00
6.993517793980501551e+00
4.942274679485002764e+00
7.646659388020822234e+00
6.815428794579974969e+00
4.933235094546331467e+00
6.928149732707030495e+00
6.633335851042220455e+00
8.055154946490938883e+00
7.176893854511638970e+00
1.002179754829145963e+01
8.989179033355894077e+00
7.867726154387077564e+00
5.681043264270163817e+00
5.913101849867040016e+00
7.432973901419597240e+00
9.010178994098897221e+00
5.065253144488130133e+00
7.363698036689907411e+00
5.511232813254148155e+00
1.044662891247606851e+01
1.018886700487909103e+01
9.166418603702567225e+00
9.229170412062407181e+00
1.059425867472982219e+01
9.102212634459160512e+00
9.964820289115071006e+00
1.078343618128805659e+01
8.010655495850514285e+00
1.042217854244375452e+01
6.835796932313813024e+00
1.019848556085231550e+01
8.918617626106694729e+00
9.309971587549998873e+00
9.521496803888149785e+00
7.366934586785408356e+00
1.123942070370407365e+01
9.051241256317981154e+00
9.723504708819177722e+00
8.348419403238670711e+00
1.137720854377267798e+01
8.998824827096786549e+00
9.255084308772659085e+00
8.194628944938362025e+00
9.207721932213544846e+00
1.028849591528878804e+01
9.820168665687063481e+00
9.526879156539189708e+00
9.174374805375201447e+00
1.050232833073092920e+01
1.051630937485768769e+01
1.246070546892484465e+01
9.737814318225773036e+00
9.689168816699421427e+00
9.718791459508288710e+00
8.565293780410197400e+00
9.762890810666466024e+00
1.022069593360944850e+01
7.320559312452625811e+00
7.300881748685169370e+00
9.244410833455763310e+00
8.216130624958731588e+00
9.895157451566536366e+00
8.622992544784970903e+00
8.547240052295467905e+00
9.839439074141107966e+00
8.451068402774748023e+00
9.172078781964936312e+00
1.000651236414448775e+01
1.114602382790649671e+01
9.827076929711966002e+00
1.086939841400952922e+01
1.014865749474101975e+01
1.109403832668631651e+01
1.065035712658026057e+01
9.574763549669089713e+00
1.050110380775242902e+01
9.738413843935042280e+00
9.353681158254564920e+00
1.031905933700669209e+01
8.094348650622315233e+00
8.833464849439025102e+00
1.019231661536026223e+01
7.879558735829757410e+00
9.779477468008368035e+00
9.002921824666529460e+00
1.070371901025087880e+01
8.209144675842559025e+00
7.349404062960394057e+00
8.988975272000754302e+00
7.381225717087616545e+00
8.118360056760133503e+00
9.831791001935551222e+00
9.968091019045097312e+00
9.992182746853583097e+00
6.966425752518929038e+00
7.831599735846675792e+00
7.370956108349533409e+00
9.191062790836641128e+00
8.863368058401196237e+00
8.865976186101006462e+00
7.250100722573573186e+00
7.340398108914809150e+00
7.626414718151337979e+00
6.871948423832645148e+00
6.783631967763060544e+00
6.807824851589810322e+00
7.081637323982667986e+00
5.819663142788119359e+00
4.532602135442373559e+00
4.473307780358508623e+00
7.230995379320379612e+00
7.747944892061187971e+00
4.696154211014976099e+00
5.779727074960284483e+00
6.626938162757045170e+00
5.493989832311611643e+00
7.583896246908525818e+00
7.201064070968980602e+00
4.936627879686445119e+00
7.107110059534670121e+00
5.340044040401343395e+00
6.184282413893495089e+00
6.607724876893574795e+00
5.293793907113675701e+00
3.784530542685656140e+00
6.216385944906784644e+00
4.957790560841170091e+00
4.599187711693033975e+00
4.828079703153421498e+00
4.303283100003647554e+00
3.430827128037844176e+00
3.838021068589630325e+00
6.137380970615651243e+00
4.064169334401180222e+00
5.817097244426458147e+00
3.024597783866476597e+00
4.539344782264707057e+00
4.834584283987576114e+00
3.479888679999310064e+00
5.233984262834296963e+00
5.443455840619618513e+00
6.018590760576397081e+00
4.074188007376614351e+00
5.968035175716805085e+00
4.858652268573727007e+00
4.690724585272747937e+00
4.234335260603401707e+00
3.624845924757452487e+00
3.119484687105679832e+00
3.061802207791374908e+00
4.152546958870486193e+00
3.548791741516039266e+00
4.440000810028223555e+00
4.903756466098199596e+00
3.287780739511505956e+00
3.772185763402357228e+00
3.263730465352454146e+00
3.978205114893865080e+00
4.622440342678593161e+00
4.936284258118293522e+00
2.965056453750110954e+00
2.491971071145044903e+00
5.892353052038496131e+00
5.352724876085444450e+00
3.032633428306492185e+00
2.738896559280542764e+00
5.138271056430230743e+00
8.089805189688339837e+00
5.529724379588087046e+00
5.993991915550512140e+00
6.507441572911464078e+00
5.969753765249858901e+00
6.382248226417663872e+00
6.804482697174208283e+00
5.098845944452528478e+00
5.035739589958553530e+00
5.199672140302870282e+00
6.485548983133741174e+00
5.661264886073439584e+00
5.006890159488421865e+00
5.746715612276956264e+00
5.851792966663945883e+00
6.158339187693899319e+00
6.152211344332749299e+00
6.664200259751178024e+00
5.214507892908097908e+00
5.313657012081497655e+00
5.785273601696097501e+00
5.549550494752803154e+00
6.391681170018133074e+00
5.978170264026733349e+00
5.933971784346511846e+00
5.886866833365187901e+00
4.194748820123491484e+00
8.226482063084256779e+00
5.380089794925435598e+00
5.050359296144473653e+00
5.659040369839755336e+00
6.682286313083823259e+00
4.939520874673973161e+00
6.930835688933250083e+00
4.227351887929213348e+00
5.508154989301253579e+00
7.246290020565715473e+00
5.310257882608124369e+00
4.420778025179664894e+00
6.462623622623561381e+00
5.621854249728279740e+00
5.129158238802654424e+00
4.903755308687911096e+00
6.727108357015342044e+00
5.717001888410342403e+00
4.372906126237063873e+00
5.800171418475147611e+00
6.195806563311916371e+00
4.880846575834159928e+00
4.553244483334315973e+00
5.565641327175995912e+00
4.141150736462176241e+00
4.229011807889381025e+00
5.892356467674538578e+00
5.654544271912323339e+00
2.553624046741926001e+00
4.138842404268714859e+00
3.729987288231760623e+00
4.010051909755460997e+00
3.880740522284286342e+00
2.999443743181395838e+00
4.185891262761352039e+00
4.174187304205438487e+00
3.870022537451949241e+00
2.563611904318436885e+00
3.671845033488990939e+00
2.957101575502942392e+00
3.787877903746122321e+00
4.698314860093113055e+00
2.461539886892473827e+00
2.345642783809816834e+00
4.210331706683581032e+00
5.484626691528286635e+00
4.903695840513740301e+00
4.184609517517839272e+00
2.275161127674355743e+00
4.411865492608525230e+00
3.304382123193578380e+00
3.200986150330404456e+00
1.922078312616557705e+00
2.533732390959190894e+00
4.871845843680080002e+00
2.868912736621156867e+00
2.230639247468851671e+00
4.175775083218119299e+00
4.432380709689810239e+00
2.986285377607844183e+00
4.867347161426403446e+00
4.921544031887210124e+00
2.161809580698801359e+00
5.742485310582849500e+00
3.325322333859639379e+00
4.979262815025397693e+00
2.579997365690318567e+00
3.768397850139475036e+00
4.774304194729666051e+00
4.358697919305083879e+00
2.601680993614591486e+00
1.587312804522023724e+00
4.347418864069264366e+00
1.830956106798517169e+00
3.663283075614255146e+00
3.025202095057659690e+00
4.621745645753149390e+00
2.206152151040708276e+00
3.954561005754102077e+00
5.293733195830930605e+00
