-1.798843931450788136e-01
-2.707617039863130515e-01
-1.895602829430348690e-01
-4.435838403049549572e-02
9.371235364736477114e-02
1.164009568689873264e-01
3.641469695440692211e-01
4.722891008981104366e-01
7.246538449538950655e-01
1.084347305333685618e+00
1.122800407213110585e+00
1.366913020529835654e+00
1.783660662243106598e+00
2.273821966522781235e+00
2.231517578432887561e+00
2.092070051288380750e+00
2.475472012400363298e+00
2.460385623458907212e+00
2.787027766988498190e+00
3.208677439466472769e+00
3.459977990638075873e+00
3.646465648777364787e+00
3.689958336127602934e+00
3.919645212481692731e+00
3.978845362763189009e+00
4.328144049613885436e+00
4.827490484408837546e+00
4.729147448818861399e+00
4.624549243212619842e+00
4.622615027081860894e+00
4.722832584689400370e+00
4.287663684058887981e+00
4.671921211755497794e+00
4.985368055660531539e+00
5.063819630907205216e+00
5.145039743057133741e+00
4.970971905216602593e+00
5.861041286240772585e+00
5.631480370958549031e+00
5.350546641777695456e+00
5.202953251808441593e+00
5.342317980502708785e+00
5.221338986714791908e+00
4.523681248635186947e+00
3.962853258784620802e+00
3.813737738688741885e+00
3.392244959686725014e+00
2.833072224288586405e+00
3.158962110345696406e+00
3.543144105621452766e+00
3.773644338315261582e+00
4.064051300614481832e+00
4.108480584705647587e+00
3.714925103096285319e+00
4.499948494539960819e+00
4.592650784490518667e+00
4.767532984763805715e+00
5.157537770888645845e+00
4.888486385723685324e+00
5.025781807823380909e+00
4.900825555860343741e+00
4.407725131799513640e+00
4.819394861755728954e+00
4.990753909715039960e+00
4.627116372168781133e+00
4.751332039658803019e+00
4.718733781727985743e+00
4.508935890984470340e+00
4.832600832214392739e+00
5.273003120768692931e+00
5.582165000504354602e+00
5.065234138342271208e+00
4.908859411298073461e+00
4.156425982182692991e+00
4.074025197600744441e+00
3.866205521088000197e+00
3.701470700506158895e+00
3.990834201440540685e+00
3.710751767793857958e+00
3.633090558708563567e+00
3.986706999779100258e+00
3.584168157759926476e+00
4.355369736016198701e+00
3.870769228014093954e+00
3.986299690683891672e+00
3.601972970391502216e+00
2.840269767922688704e+00
2.934373133056448424e+00
2.770362096855623069e+00
3.085422233160278527e+00
2.503392642534455703e+00
2.493966714130265938e+00
2.812552368250923251e+00
3.263104778800861805e+00
3.362950895180018218e+00
3.396673468074338675e+00
3.111742714299606138e+00
3.261631530177408145e+00
3.409439575699153124e+00
3.590608245415434663e+00
3.724089046821475346e+00
3.879595475350195333e+00
3.935274327988711018e+00
3.959693591585738304e+00
4.322952054413728540e+00
4.137564390660909197e+00
4.257783520345234329e+00
4.323814689890048690e+00
4.625725892215224455e+00
4.582448521280364062e+00
4.607577915722051110e+00
4.676206845907911358e+00
5.265368483339941896e+00
5.416886457740519134e+00
4.874344275091912593e+00
5.281390101765923717e+00
5.591233070866216792e+00
5.822467741496321736e+00
5.697354566221354943e+00
5.400114782418793169e+00
4.366969518682870977e+00
3.912566781739966970e+00
4.151912580642136419e+00
3.672449199840174039e+00
3.435884700237607614e+00
3.661550895573481679e+00
4.121684661196664656e+00
3.797633626212079783e+00
3.824985992985334704e+00
3.551681858127014646e+00
3.486245176491563846e+00
2.768571741987281953e+00
3.195975448282618814e+00
3.022343864684553960e+00
3.232605489552117017e+00
3.122252740607490029e+00
3.040550952398478390e+00
2.759490688938575076e+00
3.141735799280528152e+00
2.821862293586194337e+00
2.985100708203358710e+00
2.677274085173159346e+00
3.117687140430428716e+00
3.109012023559392990e+00
3.082546426094195713e+00
2.876909812397793420e+00
2.994149207400343293e+00
2.460345090357592746e+00
3.017758040575032830e+00
3.496263857702393008e+00
3.737615202617720289e+00
4.036062860119193019e+00
3.713297965844425619e+00
3.731416459481240455e+00
3.807207472376009871e+00
3.663602293399476295e+00
4.151555956193335284e+00
3.741465044642426463e+00
3.959477069806756511e+00
3.496091516510876573e+00
3.785730790293451609e+00
3.546469316412363071e+00
3.836493074120785884e+00
3.743423793113998865e+00
3.372924507473567868e+00
3.015267279185680938e+00
3.366476207546445831e+00
3.207367165891164440e+00
3.045027961291899121e+00
2.826360659974127998e+00
2.523254044714562827e+00
2.542457958264466633e+00
2.824083492149056518e+00
2.936208027010517974e+00
2.897891594548676064e+00
2.992646318774567771e+00
2.810667165014211211e+00
2.959682323095707890e+00
3.061885136507426441e+00
2.730468052352790664e+00
2.968648608010998835e+00
2.713510540298530671e+00
2.779583508199402253e+00
2.511318958861182615e+00
2.793222656725903086e+00
2.979221971793712065e+00
2.652202618465502315e+00
2.432750335855734747e+00
2.410318015153927629e+00
2.461145945692708725e+00
2.244659673252450194e+00
1.711269189081922271e+00
1.264246692538623762e+00
1.112698469273843749e+00
8.232483312591416524e-01
9.508825692026969811e-01
8.681764813659724744e-01
1.124394966680508201e+00
8.104676363231021474e-01
8.794830444144696724e-01
7.816990481623589115e-01
1.258725885690109347e+00
1.550312578580825607e+00
1.290659106467722639e+00
1.279281835408005108e+00
1.183505077635028435e+00
1.170807885394445913e+00
7.851982418697436295e-01
1.024489174526802771e+00
1.132218470541742183e+00
1.256751357208328645e+00
1.300168372696936192e+00
1.586318725609715319e+00
1.957873452548215543e+00
2.173786422815642272e+00
1.972220328827172242e+00
2.294701715404810383e+00
2.508563610389480392e+00
2.269166253733119198e+00
2.756803307663289182e+00
2.853146890567929805e+00
2.523877651879478101e+00
2.716857795461014913e+00
2.427047455119927477e+00
2.342212545040311955e+00
1.890350700017481955e+00
1.869052207103347518e+00
2.222554628511516306e+00
2.291162967202452272e+00
1.562726024869950159e+00
1.521341563659025731e+00
1.722581917799507867e+00
2.379292954794693937e+00
2.116792849104808916e+00
2.937982619382755178e+00
2.203526228163783074e+00
2.752114144424836262e+00
2.680908593314703658e+00
2.802858969483336793e+00
2.543763740509402904e+00
2.460924702485522531e+00
2.887533323863480383e+00
2.985031529248213467e+00
3.251255738558407771e+00
3.366082414303188219e+00
3.663926861049164430e+00
3.707377351398841281e+00
4.314346262208214711e+00
4.343322537083409429e+00
4.129163239040897437e+00
4.473742133521031228e+00
4.729989830638688275e+00
5.168599570076911398e+00
5.241747610229829490e+00
4.890155043592931960e+00
4.377896711027085885e+00
4.252469700539958986e+00
4.189730678798690100e+00
3.707145088936302457e+00
3.458994869027860908e+00
3.805838809382580123e+00
3.818768736614435610e+00
3.708055269684703337e+00
3.984726005664647186e+00
3.932364354885844016e+00
3.907485171271518620e+00
3.686673168748558105e+00
3.746295897323138835e+00
3.927040197328812265e+00
4.301664101813607921e+00
4.422104937461035945e+00
4.598523727626166568e+00
4.745381570587781539e+00
4.530438376636421793e+00
4.532754301628842519e+00
4.839618268235478915e+00
4.907501280731998428e+00
4.471137230096985604e+00
4.336494881296169446e+00
4.599188731868216529e+00
4.759052332640242966e+00
4.589187731286624050e+00
4.421602695212383694e+00
4.120636247477936109e+00
3.924932913498030196e+00
3.368813704604282755e+00
3.431342798778691972e+00
3.524751711432772883e+00
3.636180055481533557e+00
3.736065665726702623e+00
4.050463946526720704e+00
4.007642419091578923e+00
3.906351832683514491e+00
3.422957162148545951e+00
4.394863234382020423e+00
4.821267872952200051e+00
4.812847401720020457e+00
5.160327979687732380e+00
5.000584460854731184e+00
4.912560703535684858e+00
4.633963068779515915e+00
4.243138585011716479e+00
4.188314432720646963e+00
4.133807675353483368e+00
4.250410207898879911e+00
4.306093449961267083e+00
4.230021632656006503e+00
4.070434791863378088e+00
4.235157110918511769e+00
4.178228685721635749e+00
4.011572513297340770e+00
4.395638884994320428e+00
3.922630094637577614e+00
3.558544348200728180e+00
3.550854930002525389e+00
3.627568879269950752e+00
3.887441731508221476e+00
3.909598052851007477e+00
3.756845644407715401e+00
4.145534913864656446e+00
3.773533351358794974e+00
3.084379616959130210e+00
3.198330341334719940e+00
3.277867234715268641e+00
3.686299652621599865e+00
3.452171097427783053e+00
3.005962432595858491e+00
2.897089681856149568e+00
2.722386388443135630e+00
2.704091122074678388e+00
2.701119046683619462e+00
2.412364454099400479e+00
2.210740918644528374e+00
2.236798882593545201e+00
1.507513420026252771e+00
1.472387746539579600e+00
1.512018053321348532e+00
1.606039811919754534e+00
1.511535112928174440e+00
1.863145116373361665e+00
1.597085138483083977e+00
1.546345586136504524e+00
1.478189256162694143e+00
1.491424468650579760e+00
2.001316960867677963e+00
1.941347108267460708e+00
1.780574397080362026e+00
1.078045196164078234e+00
1.145042955681297769e+00
8.371198796755825455e-01
5.761067356260918260e-01
3.653506397246518156e-01
4.954640552320411784e-01
-2.773200511116655775e-01
-4.789503802423418777e-01
-3.583712390237266954e-01
1.223834557534602130e-01
-3.844507962433978410e-01
6.004122326468225301e-02
1.798267763418733289e-01
-2.681314837180973631e-01
-1.177939938395078379e-02
-5.847719440781576905e-01
-3.550265556174714843e-01
-4.388451667897855235e-01
-5.369697274159140887e-01
-7.590957961350675021e-03
-7.333215223754603607e-02
-1.105571626781026023e-02
-2.841571215619492219e-01
8.485425132147383920e-02
3.892659074955991810e-02
-3.917189624142755622e-01
-5.636548323917096592e-01
-7.942753052619497822e-01
-9.224170192216547548e-01
-9.808904439728638458e-01
-2.085537596606642508e-01
-6.667962638557514143e-01
-5.700237649234217718e-01
-7.489606088996745292e-01
-1.096313115321630116e+00
-1.138309604045113499e+00
-1.116285095942751937e+00
-1.540585578626440189e+00
-1.465328557440780166e+00
-1.705169367061638797e+00
-1.299150395502309818e+00
-1.181764128345544229e+00
-4.664777221841149846e-01
-5.188701450701974638e-01
-4.457466386238915224e-01
-3.108875484014973489e-01
1.211044020726481651e-01
5.547574508522135073e-01
7.201357516985009699e-01
8.561743745453721521e-01
7.297105540970054705e-01
1.276720709429360223e+00
1.192610434148313470e+00
1.050753342200099194e+00
1.124675797844307601e+00
1.288931035575965778e+00
1.072955268184233146e+00
8.895448172921631702e-01
7.073819074122481565e-01
8.380426189545167048e-01
1.225850477197237609e+00
9.731384514004612907e-01
1.199765586450087129e+00
9.451582729490801693e-01
6.511763325049634288e-01
6.578608853943072043e-01
7.595133720365763175e-01
4.630016806434652521e-01
1.109563825988064023e+00
1.070600577176608059e+00
7.564924679241515904e-01
6.498681979950268195e-01
3.555663133668880427e-01
2.367120309004940859e-01
5.261527154436720366e-01
5.548559181102928894e-01
3.912246365756616440e-01
3.050712837567906566e-01
4.153501811107103703e-01
6.250249052223617596e-01
9.836808675346131459e-01
8.105181503752051375e-01
9.116604782416739550e-01
8.951097544648618509e-01
9.207508704863379689e-01
1.074406481225607557e+00
1.153753808934289360e+00
1.258298976392637325e+00
7.400238247955709392e-01
7.421645709465388707e-01
7.353874707977717806e-01
2.281176085850038504e-01
4.166085481627587739e-02
-2.266833685954192934e-01
-1.916363408218599296e-01
1.241589842378363340e-01
1.281288618931214485e-01
6.379912375941825253e-01
-1.540616573734366890e-01
-1.067459386813243843e-01
-1.843865485151436057e-01
-7.242610585448854277e-01
-1.217652200392672412e+00
-9.379046371244881275e-01
-1.032256843946964375e+00
-1.137790549247307714e+00
-1.205273002180779152e+00
-1.394672787958845417e+00
-1.372617774360334497e+00
-1.603954807050186782e+00
-1.347238616980472647e+00
-9.253670843719465910e-01
-9.067315507817368392e-01
-1.235037893500525730e+00
-6.700935196396945459e-01
-7.855001088079551774e-01
-1.507829309303762244e+00
-1.419410374457366286e+00
-1.439673194802143508e+00
-1.456098123536158084e+00
-9.143532172538932912e-01
-9.968581771892174315e-01
-1.041759513074718146e+00
-1.393443716465364579e+00
-1.715453235437840007e+00
-1.411417009567527359e+00
-1.707403719200112802e+00
-2.017722857425922278e+00
-1.818423466769379715e+00
-1.444896199620836263e+00
-1.208906475358906052e+00
-1.401369215790910117e+00
-1.292972413205069282e+00
-8.273309686061021129e-01
-1.046446176048246635e+00
-1.042852469469325083e+00
-1.061491148087966518e+00
-1.080659902088157764e+00
-3.455642302984218706e-01
-7.105611392177522134e-01
-1.221825563710306817e+00
-1.484523589392553244e+00
-1.672708638272967452e+00
-1.680412506595084787e+00
-1.714961607245175434e+00
-1.080980472828917849e+00
-1.085776022007572950e+00
-1.880557715650372330e+00
-1.568675781147295778e+00
-1.356338148608829952e+00
-8.435139211117255176e-01
-6.399186827973453173e-01
-1.274977642779406839e-01
3.088414275145617838e-02
