4.749795160072094902e+00
4.824597884259123504e+00
7.005690765862936153e+00
4.519649800302158127e+00
3.808318847107238447e+00
4.284815787084552241e+00
5.257532726471889184e+00
4.243541749123353135e+00
4.188841047290948083e+00
4.505406684458032274e+00
3.333417690164535152e+00
5.738527166579147298e+00
4.718847826824585034e+00
4.949674342701262830e+00
4.144992988401993372e+00
5.893533661754721820e+00
4.877623653648890389e+00
5.002395190484837606e+00
5.176611233080854468e+00
4.183163512951428409e+00
5.882305631292718218e+00
4.177757454368099310e+00
5.161972600848693915e+00
4.347916989501257490e+00
5.005924603222546843e+00
4.392140536184105493e+00
6.902207063712281432e+00
6.875083810458605171e+00
6.659429894379580439e+00
5.341707028161146731e+00
4.930134261675510388e+00
5.663302883365789242e+00
7.464291754667962131e+00
5.715812384080484421e+00
7.288196878179639349e+00
8.528477822961869848e+00
6.133006912757861251e+00
5.609319946160134407e+00
7.785426335917625451e+00
4.996713292641328685e+00
6.929955815201298108e+00
5.148877740108305012e+00
6.123629407246411915e+00
7.872271440580617785e+00
9.036325791769705518e+00
5.575095324541724295e+00
6.653779984785202828e+00
8.455283674557779960e+00
5.678537023094295755e+00
6.996801012910663253e+00
7.385614597548973315e+00
8.428105116186678458e+00
6.052916514214759403e+00
6.119912494302612416e+00
4.749737867102107103e+00
6.615749626527142269e+00
5.910417700339952951e+00
7.932586397970257330e+00
5.969766613374044795e+00
6.045821484796028322e+00
7.514894704922873814e+00
6.662298624066561814e+00
3.897996918031047642e+00
7.542450556315204224e+00
5.585037892072882926e+00
7.687394969341964313e+00
5.443455981199456062e+00
5.727150962469528039e+00
7.804823273092839742e+00
5.639202223330983976e+00
5.902860756213785365e+00
4.452274473366385266e+00
5.836604378220034306e+00
7.265120845837090613e+00
4.865687361762454088e+00
5.201380874485791672e+00
8.325710420021897207e+00
5.266850877733949332e+00
6.404924134858825724e+00
3.829022067740803337e+00
7.287878241553220171e+00
6.111405679288717252e+00
5.639017421103700300e+00
6.664777918695651948e+00
6.117050146490364604e+00
4.680547582433992382e+00
7.054127567494719919e+00
7.114268890144256119e+00
8.916882795184019272e+00
4.409015701710147006e+00
6.153203209034331600e+00
5.781517528019740837e+00
6.931419869383391941e+00
7.940819234340707133e+00
7.352534012974992095e+00
6.298093426488137858e+00
5.418464613895540793e+00
5.686023654889149626e+00
8.043769574599858529e+00
6.410300492657009741e+00
6.201269223400410979e+00
6.762568940280488050e+00
5.641578515104652247e+00
4.880263963915437486e+00
4.691634196311947669e+00
6.836679538372635534e+00
8.529621723388085996e+00
8.832536606363163401e+00
6.796215367255169504e+00
8.146843005208902255e+00
6.375153837335557405e+00
5.573051430661880801e+00
8.598464955991184766e+00
6.880111598449751398e+00
8.218409440512221664e+00
6.448656978548669372e+00
5.903181576754660043e+00
7.147550082302956298e+00
8.102425902492861098e+00
6.222827824174853362e+00
8.465201286801439906e+00
7.846831585936493880e+00
7.242122344624936758e+00
5.933960905649652062e+00
8.518961474008069246e+00
7.185417705459769877e+00
7.836390751154079126e+00
7.529866530629452548e+00
5.750340226983810865e+00
7.036252950102429793e+00
5.028049354251825420e+00
6.057954895292748887e+00
7.435571008886734390e+00
7.009202993512413826e+00
7.511563687516291665e+00
5.679870142449724213e+00
5.342321387645871056e+00
5.991854589744900039e+00
6.381216213376902147e+00
5.271421950622333874e+00
5.897518979150784268e+00
8.070377910985163439e+00
6.349974598907133227e+00
5.505105819156818292e+00
4.810648195192675836e+00
4.838454369391138599e+00
5.265169659662955581e+00
5.359735001174905200e+00
5.713685633267099107e+00
6.151254601202825079e+00
6.600022062104995868e+00
5.797916504369034385e+00
6.201868526180101426e+00
4.523533267623145449e+00
6.944547744638875919e+00
5.710045135575171571e+00
5.766257606724488838e+00
5.746817870916516746e+00
6.415130707229172558e+00
7.225171094287003548e+00
6.233488577356641969e+00
6.864521774626429540e+00
6.100399072799839395e+00
5.380798745193520638e+00
6.825251053284706160e+00
6.790125471706096150e+00
6.469446560088590203e+00
5.239882164942262222e+00
3.257342790581899017e+00
5.217875796564888979e+00
5.462405793688954958e+00
6.872618794416832877e+00
4.462556824568643776e+00
3.111620870332305611e+00
6.892388303273685679e+00
4.147275563470592452e+00
3.977251415406791946e+00
4.934263211791327208e+00
3.705488575961577435e+00
3.689477697887645569e+00
4.310869413391403171e+00
2.696886985376817591e+00
4.289054310522489644e+00
4.351973497515013278e+00
3.528514947027084681e+00
2.547509280570158463e+00
3.373208469707480006e+00
3.878371130049660387e+00
4.886957376235025130e+00
2.703858307248098392e+00
4.788192104222368961e+00
3.822799524691911532e+00
2.467416128341810566e+00
4.087347740240248051e+00
6.737785281765082956e+00
5.992470508047015088e+00
5.424306153929918217e+00
7.228362612401508791e+00
6.149779067891022244e+00
6.172323503898488717e+00
5.590087632763762748e+00
6.996365609699861210e+00
3.644950627728447579e+00
3.260643549713658995e+00
4.949375861513029662e+00
4.377438767210262149e+00
5.938024333965913115e+00
3.744883010524187039e+00
3.408937862650024631e+00
4.085583228021021363e+00
3.987810590469737626e+00
4.693394987578231259e+00
5.588900236340463401e+00
5.333035225797507550e+00
3.061057346492776610e+00
5.261860696064125875e+00
4.162007498554114449e+00
1.648851216386226337e+00
4.669409683606610351e+00
2.561342888626619185e+00
2.080632737405986532e+00
5.364749488170867942e-01
2.787760604829352395e+00
1.865738104417412391e+00
4.091107795402491476e+00
4.976744395116840636e+00
3.210154634981461808e+00
3.722218628479196045e+00
3.825543576339649476e+00
3.648113342236807277e-01
1.871744183404929096e+00
2.387006917285935170e+00
1.126811815552335450e+00
3.671234475921238527e+00
1.759811341969510057e+00
1.894784635495553093e+00
3.320389711773276353e+00
4.539805209855769519e+00
2.353217486015529047e+00
2.254873501356966958e+00
3.565524799758695185e+00
3.532653066475789139e+00
2.784334787031648162e+00
3.460406535044032950e+00
3.094479275069687230e+00
3.413118533702367952e+00
6.544113436514424897e-01
3.319086879446030203e+00
1.499789850086729714e+00
3.158461562222556918e+00
3.115116729219335134e+00
2.855392088209657953e+00
1.575903502580326077e+00
4.165230510204997572e+00
1.188348633232800822e+00
8.943391509065250489e-01
2.358068873751137495e+00
3.628653610461609169e+00
2.175114016628899805e+00
4.882539235309359960e-01
2.549705422183450310e+00
1.219825142625721170e+00
-7.246290474210228538e-01
2.139446304325954173e+00
7.225736480258388994e-01
-1.290559101674295661e+00
1.278409561883693257e-01
2.646025371990337050e-01
-1.279320791960616432e-01
-9.249272814020894629e-01
-2.218668035187040033e+00
-1.671592347542060430e+00
-1.921360878297603492e+00
-1.089064697678691296e+00
-2.658615439271565073e+00
-2.116015645291201785e+00
-2.134565205627993123e+00
-4.043893392118622643e-01
-3.450180506221462551e+00
-3.105241948015852849e+00
-2.211358009463527452e+00
-3.410998682909974100e+00
-4.424652902831981649e+00
-4.918123240093322579e+00
-4.432103264682534238e+00
-5.619986617511061766e+00
-3.704038375876106848e+00
-4.605698668685897168e+00
-3.789975468053382812e+00
-4.079964543423193035e+00
-4.730987378135313115e+00
-4.380556965093649779e+00
-4.790263767077399315e+00
-3.631385325042614909e+00
-5.853874180103902702e+00
-5.895749529570139202e+00
-4.533563201517699426e+00
-6.156941175513487075e+00
-4.333047722667106250e+00
-6.572538807062543675e+00
-5.918534809704148358e+00
-4.568648205934399797e+00
-4.004565996176810749e+00
-4.970036368634771051e+00
-6.881885898302134486e+00
-5.848031539692012615e+00
-5.216577604032441862e+00
-4.196150015475472728e+00
-2.893124503488958332e+00
-3.862705454838071262e+00
-4.993156716778331727e+00
-4.223170897429005421e+00
-2.494763736477910498e+00
-2.069377808835100474e+00
-2.965024715639603237e+00
-2.295606975734845179e+00
-2.228488806949790124e+00
-3.791655443711286821e+00
-4.412132635847019202e+00
-4.109238336472528452e+00
-3.134076321292018186e+00
-5.171842365637207450e+00
-3.867540436383580804e+00
-4.968309592586535928e+00
-4.315882945824801808e+00
-4.366782952351596414e+00
-3.088483692145150172e+00
-4.377706197479189321e+00
-4.356047015938003142e+00
-4.468997429622776352e+00
-3.701650752528328425e+00
-3.462928953001417121e+00
-3.738287109290518551e+00
-4.728555366966827656e+00
-3.957653637789106504e+00
-5.320682258351095761e+00
-5.582561696366767023e+00
-5.239734624069847690e+00
-3.808081259804189322e+00
-4.929615106325470286e+00
-4.096283974349169021e+00
-4.729877119087590565e+00
-6.616905784944219882e+00
-5.697141154231395888e+00
-4.214278753071551975e+00
-6.371605693391211744e+00
-4.500888334094571341e+00
-3.137095244340205369e+00
-5.731075291764158308e+00
-6.580835809683915905e+00
-5.100786453226530348e+00
-6.201936651841567283e+00
-3.987384831158792053e+00
-6.661366441171038488e+00
-5.637895921999692916e+00
-5.677217213901612602e+00
-5.256092790745770849e+00
-5.092499295585612096e+00
-5.504673014309965140e+00
-3.467854824021894267e+00
-3.102329932822146752e+00
-1.597697566417013881e+00
-3.695682675360780323e+00
-3.626499640681354109e+00
-2.755933792198142385e+00
-3.915787724314343521e+00
-2.624219412302375432e+00
-3.781588009897822289e+00
-5.475746663730348018e+00
-4.921716528534123114e+00
-4.559061385663379262e+00
-1.136814310077675749e+00
-3.913920112405578244e+00
-5.245799305747450347e+00
-5.067462025521281888e+00
-3.868402704005359460e+00
-5.885981224367906606e+00
-4.319856266544608303e+00
-5.305004995499899678e+00
-5.501723352594809491e+00
-4.055026051309778445e+00
-5.432847258581256611e+00
-5.922417394750432607e+00
-4.060626248887373890e+00
-4.064896419464021804e+00
-5.390339900577206578e+00
-4.440991347453453031e+00
-4.428431946309698830e+00
-3.711004365775258051e+00
-2.192338659890045172e+00
-3.712141901214950579e+00
-2.690086171326061759e+00
-4.307588091295965427e+00
-5.399074997230010275e+00
-2.019873299090038543e+00
-2.786891233608749019e+00
-4.326636906570727525e+00
-2.348627811870693805e+00
-6.679747694081482834e+00
-3.285801711375404111e+00
-4.856190599315693746e+00
-4.598432372813797464e+00
-4.479990301773937311e+00
-5.636448295624084004e+00
-3.933567623260866064e+00
-4.787022770635334545e+00
-4.579398424733129858e+00
-5.380182011738128267e+00
-5.623645792066790605e+00
-5.175341868230158404e+00
-3.698972253718048719e+00
-4.727962410944009264e+00
-6.929190887800276144e+00
-5.030196374347525534e+00
-6.110552871106758488e+00
-6.309934160737971531e+00
-6.275728956761531308e+00
-6.461711764301245609e+00
-4.209316521306547543e+00
-6.267120026637995167e+00
-6.394358482032457935e+00
-6.527577909169267834e+00
-4.892323586365307619e+00
-6.051415473689230495e+00
-8.453576416978753727e+00
-5.995554959165167119e+00
-6.608810684195746354e+00
-6.791266929303173328e+00
-6.941184246719513062e+00
-7.298368456911489055e+00
-8.516568548053726317e+00
-9.661332241163160361e+00
-9.430542058062098221e+00
-8.915260299149657897e+00
-1.051064442604061355e+01
-8.448889710133130393e+00
-9.258578718485601655e+00
-8.549554925630706848e+00
-6.819082437683022135e+00
-9.247928020815603389e+00
-8.216921223417980258e+00
-9.011760295904418072e+00
-8.688023092525920532e+00
-9.150513958483958987e+00
-9.031885762205934753e+00
-9.412628365167048372e+00
-8.867734885231080000e+00
-9.545555323888624599e+00
-9.749671854799188964e+00
-6.921901658667152901e+00
-1.010600346195779764e+01
-1.013444492745533410e+01
-7.265365518905064768e+00
-1.066144696741951847e+01
-1.038741493621988887e+01
-7.991217971063772296e+00
-1.027624931010081966e+01
-9.243952781513055328e+00
-9.756382951183084629e+00
-1.083135180240698325e+01
-1.055377542618163567e+01
-1.086804844104153744e+01
-1.361715611710610041e+01
-1.330358368270724156e+01
-1.163058144298418739e+01
-1.068054483588847070e+01
-1.198817672403706780e+01
-7.741338368518919211e+00
-9.401820084259055577e+00
-1.086038016209864487e+01
-9.559463436417505733e+00
-9.351203269217531755e+00
-1.228431436885245631e+01
-1.023770932064646999e+01
-1.020600332610615624e+01
-9.970339242617681563e+00
-9.404582423086422338e+00
-1.029701211095972191e+01
-8.607765441388915306e+00
-9.719420877167159745e+00
-1.121252719703258549e+01
-1.135741687872524253e+01
-9.625267431651474581e+00
-9.020348638265545560e+00
-9.178096888585450586e+00
-9.315702565255127965e+00
-8.860477774967829845e+00
-8.111038462231885404e+00
-1.059804204649320880e+01
-9.785515571505252197e+00
-8.985488986805089340e+00
-9.943701508674104517e+00
-1.057390734154839862e+01
-1.130072254389436281e+01
-1.091178567176323710e+01
-9.063039684418022546e+00
-9.811072301406429830e+00
-7.542607441580914340e+00
-9.015725017352487214e+00
-1.022738013019469250e+01
-1.025121975457155798e+01
