-1.063534794400466804e-01
4.455412820744686364e-01
-9.977376897931433675e-03
-6.055200094232024988e-01
-8.933010415705311402e-01
-6.942263800497586734e-01
-6.660245952378657242e-01
-4.866482800120234820e-01
-6.331797362454555378e-01
-6.236231493149476668e-01
-7.813595855512680544e-01
-8.694047108137512581e-01
-3.383171620868260510e-01
-6.772314899710647484e-01
-8.464466187739581038e-01
-4.981690430047538976e-01
-3.532103474326652726e-01
-2.728418091988401573e-01
-2.677291740714515256e-01
-7.245787311194296088e-03
2.585415256479790536e-01
5.329673628273247088e-01
1.271704591840004395e-01
3.083677783551963536e-01
8.113751773984967386e-01
6.527024742123028744e-01
1.180027506961285333e+00
8.394183600800250167e-01
1.520770257173786888e+00
1.796217454958519699e+00
1.183486148098699786e+00
1.221960154237789142e+00
1.480289880717138962e+00
1.377722383932912686e+00
1.546581531398540932e+00
1.633613935280238794e+00
1.779962230769736919e+00
1.449983604609510035e+00
1.567828315393100524e+00
1.386008687296862441e+00
1.785187303747217680e+00
9.840853364088697486e-01
1.625840066064073497e+00
1.691014405513930008e+00
1.912861199191241646e+00
2.060350759875063442e+00
2.132383323450625756e+00
1.921687426154021772e+00
1.623903020275227815e+00
2.007723270069187826e+00
1.830128666948501293e+00
1.495457201156001226e+00
1.709161270504131691e+00
1.377668524714449561e+00
1.460476925427387940e+00
7.239736829724275902e-01
1.197720643981656785e+00
1.280812853511196892e+00
1.376184595602133465e+00
1.418639914727444884e+00
1.344903163367390020e+00
1.389093487905305402e+00
1.238784850427245621e+00
1.373465369059506447e+00
1.376669483247342729e+00
1.432096485145938347e+00
1.306821213674884241e+00
1.734667849451604127e+00
1.776461621765229371e+00
1.434032963540046168e+00
9.707714723868440254e-01
1.077839817155980651e+00
8.269612460703648082e-01
5.457034461406532477e-01
7.912811815765202761e-01
8.856415640771714282e-01
1.264475224861870251e+00
1.111323787367900717e+00
1.262831853669230453e+00
1.229075391197245626e+00
1.582032482319191358e+00
1.309816978586155756e+00
1.422143589239342365e+00
1.246459339420370238e+00
1.104109731826209861e+00
1.168046978145672377e+00
1.500708262229170087e+00
2.023169477312014131e+00
1.916352363964935579e+00
1.556937123355901065e+00
1.889680927236521590e+00
1.795931719076274247e+00
2.161700837934806607e+00
2.398698959232977934e+00
2.656367758531108514e+00
2.679417024424187943e+00
2.077778613116719075e+00
2.163058734006408024e+00
2.274700690498723699e+00
2.162013904400726272e+00
2.145435102867224941e+00
2.084389109087289693e+00
2.026720378833430924e+00
1.834332590703763977e+00
1.838033000154153829e+00
1.991004451222620597e+00
1.872744519180073119e+00
2.117781118612525937e+00
2.740909588983800660e+00
2.622197483617582758e+00
2.631462109815772443e+00
2.692092791440879207e+00
2.649426442237835300e+00
2.586180192215399298e+00
2.469554394724005508e+00
2.380878161483937827e+00
2.228467578719119047e+00
2.295384140857442024e+00
2.239207603172093997e+00
1.756786546695248585e+00
2.265634906336425836e+00
2.237986666208772402e+00
2.378737088273563671e+00
2.184529699430951766e+00
2.268354386966542791e+00
2.167998962996223522e+00
1.384477318349833563e+00
1.456963501502960279e+00
1.111161554611975077e+00
1.393838960424965467e+00
1.569029247958271256e+00
9.139750791666944041e-01
1.331244294732665256e+00
1.134431129108296243e+00
7.089545426003346362e-01
1.066871753211422469e+00
1.076255140104802610e+00
4.576978590975756545e-01
6.239218642251999070e-01
7.639459614517531971e-01
9.011288224923423851e-01
4.654505684310135671e-01
4.177034431926918145e-01
4.257798167397635059e-01
2.695755491521735769e-01
8.825798641778823672e-01
8.273364376270092579e-01
8.679165161009121388e-01
5.561871753091816029e-01
7.899672961410734162e-01
2.986984221235162718e-01
2.778026636119377279e-01
5.320186748986968084e-01
3.826205677596847821e-01
8.414943759146497060e-01
1.264984114867826914e+00
1.311575669035279557e+00
1.113144285919376308e+00
1.546551444692361166e+00
1.662572580346767026e+00
1.208916266074127055e+00
1.108530432345356864e+00
1.040592794118823550e+00
1.361734615850813457e+00
1.163218312606689064e+00
1.224653969748881854e+00
9.277521335172045358e-01
8.223472345808329198e-01
9.925052813918899819e-01
7.215106668609216900e-01
2.823573934855256318e-01
2.518892208186573889e-02
2.262930596998327104e-01
9.146591361060357750e-03
-2.136908126880030234e-01
-4.721517992952276588e-01
-7.839728055305275056e-01
-3.118038098053787510e-01
-6.198328270894654102e-01
-5.499346032311765997e-01
-1.029433005705112425e+00
-6.359331596140015419e-01
-5.179441439600163122e-02
-4.029103190119768807e-01
-8.990424086348047794e-01
-1.014646224620740167e+00
-1.177103721479381138e+00
-1.189134212132343604e+00
-7.926049921933648879e-01
-1.022608108225871337e+00
-3.536514078206105527e-01
-3.197064183055516318e-01
9.411324148022870428e-02
1.276663774330729639e-01
-4.093971413059507292e-01
-8.046877679450542553e-02
7.742366841593908977e-02
6.560471921515976801e-01
4.954891813309318382e-01
3.731141504984719637e-01
4.363602958745275706e-01
7.717037689041654769e-01
9.786304461874151261e-02
-3.423035310785454977e-01
-3.218014905511545898e-01
-1.540944691796355126e-01
-4.037491310640427267e-02
-4.670721808088668103e-01
-2.221360996497866447e-01
-7.084522939076129955e-01
-5.313176911825576720e-01
-5.030891252062658081e-01
-1.129314017893491062e+00
-1.119185234082463065e+00
-1.182230740116916756e+00
-9.901084591798745560e-01
-1.159506719830733612e+00
-1.118432784549829417e+00
-1.089279979863212233e+00
-1.414394633219773878e+00
-1.878702104005075535e+00
-2.176221737772226383e+00
-2.477612371792712764e+00
-2.261636550872754281e+00
-1.548516462142099481e+00
-1.213626810166582803e+00
-1.506201898106327430e+00
-1.751974770561187444e+00
-1.638466936945354613e+00
-2.110101071521151450e+00
-2.650153466535204672e+00
-2.547591469579901347e+00
-2.586507477286061008e+00
-2.282633490559345724e+00
-2.054722172870587560e+00
-2.122591041256205013e+00
-2.406173832895110998e+00
-1.723497075265289613e+00
-1.873700435340690973e+00
-2.043534039140481706e+00
-1.699298000877756731e+00
-1.697740389582110154e+00
-1.752494503321652575e+00
-1.624997879791077793e+00
-1.967719740475545098e+00
-2.074375112932074661e+00
-2.525388927334973665e+00
-2.528080647790819313e+00
-2.691477424409511876e+00
-2.383276515783570471e+00
-2.144972804707493630e+00
-2.316801213082543942e+00
-2.121405648499154584e+00
-2.033627158211420038e+00
-2.883873610902247364e+00
-3.075955251426558679e+00
-3.189717420513461299e+00
-3.113906287665583861e+00
-3.187677676186895681e+00
-3.375459799022411556e+00
-3.485159821691524940e+00
-4.221832664711662630e+00
-4.470713223970179229e+00
-4.337241092566385348e+00
-4.345669893241852932e+00
-5.106293658113544964e+00
-5.490471700015801204e+00
-5.583109366736941581e+00
-6.046865895515490585e+00
-6.211165933237521308e+00
-6.226937251719138366e+00
-7.009636118705072860e+00
-7.316811175726828154e+00
-7.293922071182676881e+00
-7.281893756961268060e+00
-7.344699617607076902e+00
-7.601370966521971084e+00
-7.455601501625396033e+00
-7.564865115906654225e+00
-8.105291081512094209e+00
-7.907916325235312627e+00
-8.321311527107649653e+00
-8.929116097953897935e+00
-9.251064484884258476e+00
-9.305410451117603898e+00
-9.477404899970080621e+00
-9.533813469863314793e+00
-8.819853357605783373e+00
-8.898026154151066791e+00
-9.741019708015921097e+00
-9.676223425210569218e+00
-9.886909885506044660e+00
-9.778902648663185815e+00
-9.754612967552386493e+00
-9.842073010979692782e+00
-9.916634409349402546e+00
-1.004016508350084536e+01
-1.030370340333822554e+01
-9.551785213886260451e+00
-9.862660769569229657e+00
-9.985048471821299287e+00
-9.805553156294470440e+00
-9.290103549203029942e+00
-9.299990807274953752e+00
-9.453416813684288655e+00
-9.659243598567575972e+00
-9.641223886043714941e+00
-9.353796354667464286e+00
-9.244400356344726788e+00
-8.765088246512917181e+00
-9.422966631847650376e+00
-8.908058833581206315e+00
-8.514395060304792651e+00
-8.180868449952637178e+00
-7.907754562837912893e+00
-7.716036018418758857e+00
-7.683834313243377956e+00
-8.116965178162111272e+00
-8.501512845361537174e+00
-8.523995810312968047e+00
-8.650951411748019737e+00
-8.578304735952126947e+00
-8.711602418708336515e+00
-8.514649216938911636e+00
-9.124061644537871274e+00
-9.085310503347319155e+00
-8.452723297856225670e+00
-8.631592870754724700e+00
-8.643861051916227112e+00
-8.477888117578268989e+00
-9.014554719568591779e+00
-9.267984740539830568e+00
-9.331648567699152963e+00
-9.606419133153579537e+00
-9.373506528059174059e+00
-9.783768006216245539e+00
-1.002554283823724290e+01
-9.509044321928296739e+00
-9.547428081376892806e+00
-9.595622503143028226e+00
-9.213555450166648342e+00
-9.721443369972934789e+00
-1.001385142280569163e+01
-9.558834615029592641e+00
-9.713887420931683891e+00
-9.474620928384744900e+00
-9.795536178013833251e+00
-9.601942136971441499e+00
-9.577326849786324203e+00
-1.016260880606310657e+01
-1.007911558885995262e+01
-1.007852437407271395e+01
-9.911034402074779592e+00
-9.519361598326698370e+00
-9.631519244370812416e+00
-1.009648443354710778e+01
-1.003261515273684523e+01
-1.013224153354255819e+01
-9.914651982246875050e+00
-8.711089615878659487e+00
-9.311702805675931671e+00
-9.137696122861104442e+00
-9.243202408172779272e+00
-8.733750883308577073e+00
-8.232940176027536694e+00
-8.412036907640599637e+00
-8.345433340771222674e+00
-8.975382332300823052e+00
-9.230755080071013197e+00
-8.553179355749882973e+00
-9.035494124354819689e+00
-8.800281060115919374e+00
-9.150951841512538820e+00
-9.301662953905298181e+00
-9.389396419507582081e+00
-9.202608636626719019e+00
-9.479792418119918906e+00
-9.878030796229097632e+00
-9.525800457869900484e+00
-9.866472756040469250e+00
-1.000060405807939112e+01
-9.653852296081499418e+00
-9.356885993126029533e+00
-9.325724444876341224e+00
-9.369706824949776802e+00
-9.670478454337549934e+00
-1.000273873412492698e+01
-9.386723634560631524e+00
-9.281721426231094085e+00
-9.006246870136608962e+00
-8.817138596455013300e+00
-8.637504791549126537e+00
-8.665570291552780802e+00
-8.938083227642202644e+00
-8.937604710227979865e+00
-8.901269400513518448e+00
-8.855392848062104250e+00
-8.751419359814846644e+00
-9.076638719768178376e+00
-9.129509987436378537e+00
-9.117420647859750815e+00
-9.105653714605409732e+00
-9.164863969676153133e+00
-9.740450727997355784e+00
-9.513154765254402179e+00
-9.825479174188117781e+00
-9.911068967939220542e+00
-9.837822067377926416e+00
-9.837456819815038500e+00
-9.297048674886495334e+00
-9.563988982364490354e+00
-9.382007435565220987e+00
-1.022070768997154744e+01
-1.021814017123002394e+01
-1.043414406766172142e+01
-1.087276883840098129e+01
-1.069780415024143316e+01
-1.067723048197349023e+01
-1.080148633514875733e+01
-1.075247752333928553e+01
-1.110267007859451915e+01
-1.116237384342088035e+01
-1.130260354587449712e+01
-1.177871621233352073e+01
-1.210407228486695530e+01
-1.193201202848256415e+01
-1.214077945273670878e+01
-1.232902222043698792e+01
-1.277196353923200434e+01
-1.264784814520249512e+01
-1.347310127588062301e+01
-1.362774918493466814e+01
-1.435390552770192407e+01
-1.421414903959932374e+01
-1.407858494058569221e+01
-1.404523532428582477e+01
-1.380782675610426580e+01
-1.367035089051337238e+01
-1.395926072394932049e+01
-1.366521213577868288e+01
-1.321635265618911781e+01
-1.356749363188033719e+01
-1.375399596006046288e+01
-1.398643536088083650e+01
-1.429191414349547884e+01
-1.474429206832550676e+01
-1.452387435534874527e+01
-1.472870886949505298e+01
-1.449401672885898051e+01
-1.444827579349103885e+01
-1.474763735826226885e+01
-1.468337493440611929e+01
-1.454955314606630523e+01
-1.471346810864465482e+01
-1.496555081491697692e+01
-1.475889681131524434e+01
-1.499063863865702473e+01
-1.513332122037057559e+01
-1.518480382286342767e+01
-1.595585630762217555e+01
-1.669796386737014160e+01
-1.662079027264351794e+01
-1.660377135083800226e+01
-1.654655445995414098e+01
-1.573069654853471278e+01
-1.564506088925570282e+01
-1.564558708014165411e+01
-1.558342252479490853e+01
-1.530199057286965747e+01
-1.492724859732180320e+01
-1.503561916140732713e+01
-1.515875307843886333e+01
-1.481503750763562088e+01
-1.536409650056858744e+01
-1.503489091425312374e+01
-1.511511468434258809e+01
-1.519291736482347233e+01
-1.503603036556003758e+01
-1.454886918572894672e+01
-1.485101599269000516e+01
-1.482622154085189159e+01
-1.487299146229885238e+01
-1.479977173960854131e+01
-1.472229849351145781e+01
-1.449919306779238504e+01
-1.436933320424574134e+01
-1.435342382566855335e+01
-1.488506633083822983e+01
-1.501620780519827747e+01
-1.463832616140044962e+01
-1.445594927907469263e+01
-1.492999991917848668e+01
-1.583483882441510104e+01
-1.521013827628088855e+01
-1.523907891330982523e+01
-1.489130004300198884e+01
-1.456751628587679015e+01
-1.452895503702815105e+01
-1.466261686048286350e+01
-1.414711697284998770e+01
-1.413167635267884847e+01
