-9.944337982396647679e-02
7.165964757838186316e-02
-1.693502111981770863e-01
-2.054198854747212311e-01
-3.529635790006450113e-01
2.494797536591817355e-01
5.119512926668572383e-01
3.790579484085808692e-01
1.016600875004261884e+00
1.029946118811333911e+00
1.119376435240810874e+00
8.178148940658065413e-01
1.188758246352134229e+00
1.370335859387176836e+00
1.415961763601490953e+00
1.279378102175257270e+00
8.475624740026981296e-01
3.740330993148009431e-01
1.235923023727651948e-01
1.808819082644830267e-02
-5.900665806528712087e-01
-3.226698989230867287e-01
-1.957148953975126893e-01
-6.878819336907416870e-01
7.641368748388654986e-02
2.200745550025578201e-01
-2.213904009365804948e-01
-3.307567470538214094e-01
-2.390415795697450607e-01
1.031112058888115357e-01
1.171396352426293253e-01
3.788363467115329897e-02
-4.533239233512429966e-01
-1.066976388219975647e-01
-3.218534646378417574e-01
-4.878874450962523701e-01
-8.137910821296181485e-01
-7.537270327759032496e-01
-4.452276987194863644e-01
-3.342912740776035618e-01
-3.622036435434330959e-01
-6.071009181489983586e-01
-1.005960024714099843e+00
-8.684842658328491005e-01
-1.160704714316984631e+00
-9.410583122731313033e-01
-7.538390623187209982e-01
-3.450608682592522514e-01
3.393962345152778393e-01
6.293203928848770667e-01
6.222467220047794845e-01
6.279131172424866625e-01
7.230389438806579250e-01
9.309505939646913752e-01
8.014113541857892375e-01
3.584997141642169982e-01
6.763531002925075031e-01
8.884278938047501795e-01
1.345900823332695229e-01
3.375066513710362481e-01
4.813063021808814401e-01
6.254347227663048514e-01
1.531445539069625772e-01
-1.421014380230208318e-01
-7.225914854912696139e-01
-6.135724597453608986e-01
-7.810672897564476802e-01
-1.146093645574945974e+00
-1.460793309981267996e+00
-8.569408925144484934e-01
-1.884533057385038290e+00
-2.183640690836914366e+00
-2.608385024903750793e+00
-2.455011926556471380e+00
-2.668107769301066412e+00
-2.978788632630003264e+00
-2.998347732226250173e+00
-3.747302693636767046e+00
-3.842430129459722732e+00
-4.129520917203519659e+00
-4.176338740241779313e+00
-4.113169499907084692e+00
-4.640424227609797114e+00
-4.649201780065010503e+00
-5.058460233217672908e+00
-4.952041644661139941e+00
-4.735900144185454685e+00
-4.617821364651795157e+00
-4.492639921680526172e+00
-4.359229603203017334e+00
-4.579890696440737763e+00
-4.333630472913784892e+00
-4.617258847977121938e+00
-4.699098673669676707e+00
-4.443044847107169737e+00
-4.502645211122044522e+00
-4.384589092940903932e+00
-3.723438081151541290e+00
-3.812172089535863950e+00
-3.266607720434991702e+00
-3.453414650490071569e+00
-3.491750001642380585e+00
-3.872256641432445967e+00
-3.649388013435399980e+00
-3.574465412870046599e+00
-3.083251581493398064e+00
-2.772041613311563957e+00
-3.184984016989945488e+00
-3.613781920695437577e+00
-4.038041930203416285e+00
-4.225979366433563200e+00
-4.690084205305130816e+00
-4.505157075818805090e+00
-4.245390403822142389e+00
-4.601751224339730051e+00
-4.693718989897596394e+00
-4.694552346246021024e+00
-4.646456681660003696e+00
-4.682697333493071490e+00
-4.658736009752106000e+00
-4.932705738867367629e+00
-4.946110860335031667e+00
-4.689451594696942394e+00
-4.395402093222506856e+00
-3.865709181625391455e+00
-3.839816047786763331e+00
-4.060355590564880934e+00
-4.582170680607459801e+00
-4.657759158871429328e+00
-4.250395850119973673e+00
-4.109054650891544647e+00
-4.026516836298872803e+00
-3.500991835399526853e+00
-3.526135524657944220e+00
-3.450572808860118190e+00
-3.723884925804068047e+00
-4.413798914688461750e+00
-4.946646669257570572e+00
-5.266178313081063322e+00
-5.370668783747103880e+00
-5.260442000495657133e+00
-5.294164683541996652e+00
-5.264217272812037329e+00
-5.406099818896890952e+00
-5.768584191088128144e+00
-5.961366984259583113e+00
-5.916229325825293373e+00
-5.822700797468703726e+00
-6.089285553573197340e+00
-6.494491747979024510e+00
-6.368854887929769504e+00
-6.285850247037391370e+00
-6.175749202871884336e+00
-6.074364878948326663e+00
-6.543324951790536304e+00
-6.931736484115701202e+00
-6.806074116731795520e+00
-7.242026291609118260e+00
-7.326566930830817448e+00
-7.793942151130825557e+00
-8.259751232060233761e+00
-8.524717673911219151e+00
-8.448794660061105688e+00
-8.767600309683324156e+00
-9.050929465988573952e+00
-9.169259951843741874e+00
-8.120558007685996671e+00
-8.297268908401159493e+00
-8.436487376335680466e+00
-8.642889272556868008e+00
-8.521079771847043460e+00
-8.837194632707786823e+00
-8.865764841800178431e+00
-8.726044652155902526e+00
-7.961845509270001564e+00
-8.352245977538077071e+00
-8.460283124607990146e+00
-8.021619510653549057e+00
-7.976493837271205756e+00
-8.074330688903454956e+00
-8.266805144284202100e+00
-8.244031100190158057e+00
-8.398145201503732338e+00
-8.884865655237618398e+00
-8.789500198716824642e+00
-8.825814724206288986e+00
-8.560517639631617826e+00
-9.117493818280724582e+00
-9.314460494339355634e+00
-9.248516196125999400e+00
-9.218344463678914025e+00
-9.507145733164968249e+00
-9.244644284408721546e+00
-9.316091364743421366e+00
-9.063184902018543099e+00
-8.732107538017453763e+00
-8.796514797312200429e+00
-8.534854503740261222e+00
-7.874021965136621226e+00
-8.043519158736334163e+00
-7.701730988210802487e+00
-7.629381168849312722e+00
-7.708323400844892426e+00
-7.518139415117962798e+00
-7.545164904607795542e+00
-8.044029427121463627e+00
-7.373664856996408723e+00
-7.373838831535298510e+00
-7.332180352580475180e+00
-7.146104371139869293e+00
-7.282541498283754855e+00
-7.583810364683429839e+00
-7.647443156771181805e+00
-7.787040523011684812e+00
-7.775661884518854983e+00
-8.227316765132776766e+00
-7.979882931148756242e+00
-7.917906820837222526e+00
-8.290758897669547878e+00
-8.436850253490749907e+00
-8.458317528915792138e+00
-8.047824321368782563e+00
-7.706292887635616040e+00
-7.618322678341684195e+00
-7.182176052832261348e+00
-7.026882204517628239e+00
-7.039684432953665194e+00
-7.476510065188023191e+00
-7.561226317826826637e+00
-7.607603516117180220e+00
-7.435509702000735466e+00
-7.241859014018257490e+00
-6.879840262629982384e+00
-6.861320778810053866e+00
-6.891773765924233075e+00
-6.655646794139445710e+00
-7.264302458235525783e+00
-7.410255904397835103e+00
-7.294769553073565227e+00
-7.475723844801057005e+00
-7.845090459734942456e+00
-7.241179667423762290e+00
-7.366927263712757856e+00
-7.245496346154865819e+00
-7.439563867463913738e+00
-6.971548974431400758e+00
-7.105510443792299569e+00
-7.244822857470466282e+00
-7.007030824777101152e+00
-7.088500143816357735e+00
-6.944614011321077029e+00
-6.271228276463417295e+00
-6.599139197339239260e+00
-6.624416480333465529e+00
-6.644885512674907346e+00
-6.504909031950578679e+00
-6.956209682589535426e+00
-6.894416259304318118e+00
-6.785772974019219639e+00
-6.525071572428894129e+00
-6.208108097893317634e+00
-5.354281428355946559e+00
-5.265414384445811002e+00
-5.142667465225761347e+00
-5.245577734583075191e+00
-5.373598997461911608e+00
-5.572432097582754373e+00
-5.467166071494632185e+00
-5.548011287409523540e+00
-5.371092814407070648e+00
-5.665873211526699649e+00
-5.627606369508844963e+00
-5.348045454956126932e+00
-5.611879721601229498e+00
-6.068472833728664639e+00
-5.958573955023296342e+00
-5.890494096303062754e+00
-5.549382225501213739e+00
-5.389850206179702674e+00
-5.293345571571116182e+00
-4.703190795506960953e+00
-4.566693476641274785e+00
-4.115510330124567240e+00
-3.769722561806225336e+00
-4.507885346756370204e+00
-4.692007217241240369e+00
-4.475207207242881680e+00
-4.448545196915056898e+00
-4.812717980817942554e+00
-4.624329535175927930e+00
-4.535417825747448006e+00
-5.151722763522363024e+00
-5.230916916706584097e+00
-5.284924341767031741e+00
-4.861572884776065528e+00
-4.358085740948752118e+00
-4.281328905331535317e+00
-4.219724120462447381e+00
-4.592259164922345427e+00
-4.905684033744062589e+00
-5.155666864625890966e+00
-5.127332332553958594e+00
-4.676917792103396643e+00
-4.318422058650135398e+00
-4.428131302480306175e+00
-4.376956470345510830e+00
-5.272209411982242244e+00
-4.942545422525884469e+00
-5.245001092546674570e+00
-5.097936131941424698e+00
-5.077147653447140918e+00
-5.366370733692427564e+00
-5.628953579140422825e+00
-5.535552659961491706e+00
-5.531349564267126873e+00
-5.478752483035318477e+00
-5.795986867682626276e+00
-5.464414940382789077e+00
-5.463901746186794028e+00
-5.719793498857713487e+00
-6.116567423947351756e+00
-6.401436112266382317e+00
-6.327067805514504428e+00
-5.899781218764206692e+00
-5.850259552941284191e+00
-5.479107002406010452e+00
-5.468742373816665392e+00
-5.539942890961122579e+00
-5.164570435264983495e+00
-4.760008339910524633e+00
-4.620032613034590341e+00
-4.678246821463321048e+00
-4.497100426088432634e+00
-4.467990608184160273e+00
-4.817372352673737090e+00
-5.092540431470602869e+00
-4.918214883240991320e+00
-4.901569448910369609e+00
-5.735800339561176742e+00
-6.172572351503744059e+00
-6.090742630714535366e+00
-5.745060487711897146e+00
-5.470602503297543606e+00
-5.411677155123949312e+00
-5.831037474738154813e+00
-5.702447358065621863e+00
-5.584107476932999248e+00
-5.501417313911455942e+00
-5.655655130343551384e+00
-5.746757049440526011e+00
-5.825134791947848889e+00
-5.553042004107251906e+00
-5.677448287707697716e+00
-5.588988078999665987e+00
-5.245478861775896284e+00
-5.593212788011136638e+00
-4.867073426998318020e+00
-4.435379600715948278e+00
-4.337935002157115250e+00
-4.268933900188220498e+00
-4.517857058011546911e+00
-4.465595296356374533e+00
-4.966820837066046934e+00
-5.175272161588289066e+00
-5.553649159852887429e+00
-4.955756178070266138e+00
-4.935473270863896644e+00
-4.702342055205457783e+00
-4.800294037892024690e+00
-4.027344998132200260e+00
-3.919503783750768466e+00
-3.824519462816009963e+00
-4.126928065814356117e+00
-4.599353053141333803e+00
-4.704405692427538810e+00
-4.541294991283670868e+00
-4.746659827139602328e+00
-5.233464827993767443e+00
-5.354663710548869915e+00
-5.178489833396535680e+00
-5.444730262354992689e+00
-5.563572282192013496e+00
-5.164124530822982173e+00
-5.134375306487041435e+00
-5.192860126573344282e+00
-4.896556187678784866e+00
-5.571600063472655684e+00
-5.695551747092813422e+00
-6.118498734389275384e+00
-6.466482027237669961e+00
-6.179959348041814238e+00
-5.771804668851601150e+00
-5.883559500730680902e+00
-5.497830198886362929e+00
-5.366620702744748783e+00
-5.204106323265585310e+00
-5.425942985262858897e+00
-5.321570290801029834e+00
-5.179657374242795598e+00
-4.949453860535315997e+00
-5.173284884603789102e+00
-5.137345018220916160e+00
-5.744460313049953193e+00
-6.430728681456764129e+00
-6.593808922401602324e+00
-6.451561171061213962e+00
-6.058660207245112339e+00
-6.366320509699770369e+00
-6.599061120183849383e+00
-6.734491956071114949e+00
-6.840528836783734690e+00
-6.512051765719829355e+00
-6.530684954447136370e+00
-6.470163459755081448e+00
-6.476089475823379793e+00
-6.478630067885989163e+00
-6.189150242482553743e+00
-6.255906738364396702e+00
-5.940831559527328665e+00
-6.091482056278814561e+00
-5.841562496653555314e+00
-5.805704692393283572e+00
-6.262025893571059321e+00
-6.211415580473444109e+00
-6.809761365234327180e+00
-7.205696455122256872e+00
-6.970431982531881232e+00
-6.929490050141110302e+00
-6.556734721478218120e+00
-7.053606817309968413e+00
-6.767180580002992052e+00
-6.831904273760608604e+00
-7.142213908143329348e+00
-7.422524914672332663e+00
-7.923195037134583174e+00
-7.868537616493623155e+00
-7.562539792391635984e+00
-7.067289000238387686e+00
-6.635654789939378517e+00
-6.492892332867956640e+00
-6.258124194688857500e+00
-6.141556608171758747e+00
-5.990731922262649611e+00
-6.049807533157333772e+00
-5.779650989497246982e+00
-6.027369994780935158e+00
-5.349286437539065631e+00
-5.042054131220662150e+00
-5.445012319556401970e+00
-5.748931471454505449e+00
-5.872340238881664121e+00
-5.681587788086750912e+00
-5.932864474699647062e+00
-5.770370379927003412e+00
-6.378627101703933100e+00
-6.744788158341553874e+00
-6.903209832019087777e+00
-6.530760118936742131e+00
-6.349098559095152083e+00
-6.243557027974338425e+00
-6.893670514771224944e+00
-6.898265860948311179e+00
-6.913932878650766334e+00
-6.403902524848351874e+00
-6.545996128012009585e+00
-6.197239153634242825e+00
-6.400576187859461363e+00
-6.152814599883493329e+00
-6.091322180294839406e+00
-6.078501688858976237e+00
-6.368509888579638734e+00
-6.142747199844306394e+00
-6.363697983499342570e+00
-6.487677151652726515e+00
-6.493014072045220075e+00
-7.024712227460342184e+00
-6.979649666489819992e+00
-6.649751016004247006e+00
-6.770413332399831674e+00
-7.338361249358134941e+00
-7.313386057385350192e+00
-7.752289595628970353e+00
-7.570513911339928903e+00
-8.098573833412206824e+00
-7.953677655310278816e+00
-8.049402750901734294e+00
-7.764087747232390591e+00
-7.877788711041404213e+00
-8.001905176145481136e+00
-7.861754652180578340e+00
-7.829153723720995828e+00
-7.924809450231250274e+00
-7.808907181933057551e+00
-7.838770854388238618e+00
-7.511268116257947547e+00
-7.416293228344371435e+00
-7.692111119437680777e+00
-7.570264729554410543e+00
-8.081234292110258011e+00
-8.283086449020895969e+00
-8.177732347424141679e+00
-7.821341064417044464e+00
-7.483458490574162347e+00
-7.569927786387184554e+00
-7.931173355321330831e+00
-7.476914648499731086e+00
-7.134753763106297164e+00
-7.217112150225649891e+00
-7.039726986951617249e+00
-6.769620090119149225e+00
-6.295160768297770382e+00
-6.785627397264121896e+00
-6.446823469671215889e+00
-5.867657166393431822e+00
-5.181466967131080459e+00
-5.110173238967000486e+00
-5.017020031211918862e+00
-5.166227037594670612e+00
-4.804634447440735201e+00
-4.530104277001442803e+00
-4.296556891442745219e+00
-4.613911449278590204e+00
-4.569665378412598677e+00
-4.544850590780916022e+00
-4.505049100299983067e+00
-4.152227021728867484e+00
-4.127698991172086274e+00
-4.019986858807937047e+00
-4.139178088263503419e+00
-3.956564420187364650e+00
-4.110021806945268530e+00
-4.177330463103069214e+00
-3.851801797966355245e+00
-3.511686324708865659e+00
-3.834543408529274000e+00
-3.609002634027530743e+00
-3.419857234973112892e+00
-3.964135862242607722e+00
-4.042038312692854518e+00
-3.898104506650292844e+00
-4.428781626487202416e+00
-4.995653762129557585e+00
-4.731421267950738141e+00
-4.686527002498009686e+00
-5.132521936753970948e+00
-4.980448193610262919e+00
-5.211534932396914677e+00
-4.985036831918305822e+00
-4.817721981910536577e+00
-5.220949238788858970e+00
-5.452675042035205699e+00
-5.894560651804614082e+00
-5.924654615476435460e+00
-6.099129988143293879e+00
-6.637231783159761811e+00
-6.530117294941987893e+00
-6.588144991901199177e+00
-6.591697200583880090e+00
-6.305753278583647869e+00
-6.100464891822077185e+00
-6.123694183574718508e+00
-6.201089376689997046e+00
-6.547862175087827197e+00
-6.111533587581468474e+00
-6.311164440104402473e+00
-6.165097443088009221e+00
-6.077275649303043537e+00
-6.136243919975685301e+00
-6.295358911322876949e+00
-6.264268075747035702e+00
-6.386753775817760825e+00
-6.195515827690153188e+00
-6.077350777803373738e+00
-6.203041443302502067e+00
-5.935340983815881266e+00
-6.238631901864314599e+00
-6.258440723172783215e+00
-6.196280676064243487e+00
-6.351493437817408605e+00
-6.577393729660535371e+00
-6.206017695194550932e+00
-6.464913516345894173e+00
-6.477479006305794762e+00
-6.513119999687502215e+00
-6.236845365157345000e+00
-6.064501696600547831e+00
-6.129966430500623176e+00
-6.521103198793616329e+00
-6.593959640272953671e+00
-6.541193185668242371e+00
-6.271401044935912772e+00
-6.128529200756966944e+00
-6.287933148054467125e+00
-6.874456672102773780e+00
-6.733984069287898500e+00
-6.476008918242804668e+00
-6.486651283290640890e+00
-5.963050917837062315e+00
-6.009099227795677400e+00
-5.950741055544189528e+00
-6.158434151496781084e+00
-6.473660806522550715e+00
-6.339833348994353024e+00
-6.431641715576626339e+00
-6.372402897314955794e+00
-6.260461432986438979e+00
-6.475524140929361572e+00
-6.119021571907290458e+00
-6.182593408040178318e+00
-6.364640142441450266e+00
-6.152651203645536526e+00
-6.257807029441378788e+00
-6.605329423831314273e+00
-7.000509132428037518e+00
-7.005058074861712392e+00
-7.258180718055895930e+00
-7.122990613746368105e+00
-7.464301077817743213e+00
-7.725643694030734032e+00
-7.336562394898312078e+00
-7.391008163633195238e+00
-7.853900573741393387e+00
-7.760024987893997306e+00
-8.010315711450568088e+00
-7.980093567569769952e+00
-8.256469656056497186e+00
-8.769304731156292831e+00
-9.052479089281057156e+00
-9.127816422237081895e+00
-9.241950160879579101e+00
-9.315552112001867613e+00
-9.259057042921352121e+00
-9.243864222047703194e+00
-9.265156178009812393e+00
-9.832219815336472379e+00
-9.845620788042815263e+00
-9.870460115680522506e+00
-1.042367650076267971e+01
-1.026328942082629858e+01
-1.090290531273224417e+01
-1.086442872963716688e+01
-1.151100855309117676e+01
-1.164074623647889695e+01
-1.119766675439433712e+01
-1.150844088953074085e+01
-1.120167650685108995e+01
-1.131548308987824214e+01
-1.148462382720933128e+01
-1.115971487516276461e+01
-1.126808246115595935e+01
-1.084873636112516415e+01
-1.134973802845681234e+01
-1.200864965768703030e+01
-1.194901122668034965e+01
-1.191315000359807641e+01
-1.188534854684496267e+01
-1.229053509808567313e+01
-1.264362490912467507e+01
-1.281191723230137036e+01
-1.284821312168706697e+01
-1.348028342275892477e+01
-1.315339078320385013e+01
-1.354489158455805864e+01
-1.363587477668932380e+01
-1.397698341255961552e+01
-1.417698482463882570e+01
-1.392003777647473228e+01
-1.392174963844606594e+01
-1.428563886048618592e+01
-1.426608588357525420e+01
-1.424490897485548047e+01
-1.436019891769116263e+01
-1.441385144362489612e+01
-1.427426213065529303e+01
-1.445461148317819244e+01
-1.454773871522350426e+01
-1.458970568909350618e+01
-1.512881380705583467e+01
-1.469622712470273740e+01
-1.442889128939418697e+01
-1.447128792857463075e+01
-1.454413471161442395e+01
-1.492518452243866278e+01
-1.470995433567992983e+01
-1.538674973043486460e+01
-1.545199618814802278e+01
-1.572748436094715174e+01
-1.590239813181277562e+01
-1.602334660035884895e+01
-1.623672253999603043e+01
-1.591338406754019097e+01
-1.609531483967583299e+01
-1.627471127796096795e+01
-1.643959512156726532e+01
-1.630846390663075596e+01
-1.553833558499438716e+01
-1.576645755725618514e+01
-1.537868197872261433e+01
-1.547393107953084979e+01
-1.582272020595903150e+01
-1.598131860136412818e+01
-1.655890138742351070e+01
-1.683098469759797666e+01
-1.701577369948120477e+01
-1.684070899615955952e+01
-1.669015037908583210e+01
-1.658953707653253673e+01
-1.654553866530478246e+01
-1.662519937801503644e+01
-1.701506438305993285e+01
-1.711667686322401494e+01
-1.702563832798095689e+01
-1.707310274768681779e+01
-1.717865005515439236e+01
-1.686457178696406345e+01
-1.674292618993023396e+01
-1.702142601603900829e+01
-1.697152720203888521e+01
-1.728629728519210929e+01
-1.724337976658984317e+01
-1.730690874963138626e+01
-1.706238092378120896e+01
-1.725646794437694354e+01
-1.776245533455518455e+01
-1.776309131558097931e+01
-1.781792786559645947e+01
-1.816355291457184506e+01
-1.790640062638826180e+01
-1.780796513292116146e+01
-1.715685239164172771e+01
-1.776602900287486975e+01
-1.745214868382943152e+01
-1.726009432924987408e+01
-1.762592742834048565e+01
-1.747225444215967727e+01
-1.762159184228475439e+01
-1.735887059041030156e+01
-1.723640072944557033e+01
-1.761665685637487044e+01
-1.744291343335252620e+01
-1.684839804684123976e+01
-1.638366744644732265e+01
-1.641912132600040408e+01
-1.647792683518262535e+01
-1.618689428431624222e+01
-1.644641966873293981e+01
-1.661804740371752942e+01
-1.657294725332454277e+01
-1.670653125373047843e+01
-1.665873205566911963e+01
-1.671619405874853825e+01
-1.666652269879990911e+01
-1.642929227529272396e+01
-1.677733141883036794e+01
-1.649820562586180372e+01
-1.633315971309786363e+01
-1.604157188953809055e+01
-1.575157669388921633e+01
-1.591288136337132109e+01
-1.552203286481836564e+01
-1.588005448934162622e+01
-1.582552412845271483e+01
-1.554799521586080324e+01
-1.475937480505700705e+01
-1.488696798285911882e+01
-1.550908301921078980e+01
-1.549225492813507898e+01
-1.569672127579927157e+01
-1.490762082770703678e+01
-1.466679509251426161e+01
-1.509601173974859911e+01
-1.488465384401198399e+01
-1.506000545014706837e+01
-1.495353505557473817e+01
-1.477877277514222598e+01
-1.494307153333391724e+01
-1.452177322640871360e+01
-1.445537664494195695e+01
-1.438756637325584187e+01
-1.388721227102959865e+01
-1.391243177518835061e+01
-1.382792587643752569e+01
-1.360172818203923306e+01
-1.358687885887354518e+01
-1.337940888063958056e+01
-1.326276717736491761e+01
-1.346413977003508755e+01
-1.364892399053949035e+01
-1.358138769984232574e+01
-1.388095133986146124e+01
-1.382435915590073705e+01
-1.403387978927655411e+01
-1.422465711918017384e+01
-1.410770639964919937e+01
-1.410650701056814249e+01
-1.429947971745016133e+01
-1.440588208524503422e+01
-1.420414153118750455e+01
-1.454310440630762713e+01
-1.459649703643689378e+01
-1.512486239766838203e+01
-1.507499569875952794e+01
-1.497157486703533635e+01
-1.500466720081162109e+01
-1.512544111896873744e+01
-1.539254880230734379e+01
-1.598000606695226189e+01
-1.606169663620817900e+01
-1.623665415100473908e+01
-1.612200090150529874e+01
-1.617857977851271301e+01
-1.648824389347396746e+01
-1.730979770742637314e+01
-1.747211037727283411e+01
-1.751462343432265811e+01
-1.756689924059590524e+01
-1.773364753703252461e+01
-1.751155683630195625e+01
-1.765715619097612787e+01
-1.770813286891698368e+01
-1.816023457266922492e+01
-1.774317562792271019e+01
-1.791507302585666750e+01
-1.741980052998915340e+01
-1.690704926009512121e+01
-1.673177317058510027e+01
-1.654235794281552785e+01
-1.634667704735795013e+01
-1.644953205129523255e+01
-1.651680909015992782e+01
-1.676013677055787454e+01
-1.655884788816425157e+01
-1.614688614349958229e+01
-1.570865507623703294e+01
-1.600314940765199623e+01
-1.585428076174414613e+01
-1.607731164989443684e+01
-1.659135112211510688e+01
-1.656705425772456763e+01
-1.665540726343807165e+01
-1.671788492645794477e+01
-1.672609871295236417e+01
-1.612580810801544828e+01
-1.627530811167609315e+01
-1.673687952439643212e+01
-1.707369759511853147e+01
-1.761509530000371626e+01
-1.782638514314865219e+01
-1.784268166930999300e+01
-1.789519060662244243e+01
-1.818074081088263227e+01
-1.813290151462757294e+01
-1.840803301650558410e+01
-1.844032285826654061e+01
-1.792064017506073981e+01
-1.811133574765658949e+01
-1.831303935422256046e+01
-1.894061115194944378e+01
-1.919758769394425357e+01
-2.005213973600438138e+01
-1.988112646986838072e+01
-2.045814119156657895e+01
-2.012626846547276926e+01
-2.047767096135013176e+01
-2.067548735060548992e+01
-2.046413123191234362e+01
-2.082316400224453545e+01
-2.047937256417290541e+01
-2.092356234769994572e+01
-2.122316592530290791e+01
-2.126070554856897843e+01
-2.144952862243735581e+01
-2.164530964548289305e+01
-2.162845169484844376e+01
-2.180118088998657555e+01
-2.119471898175267555e+01
-2.089354255886954093e+01
-2.070707104548879940e+01
-2.029932809073301669e+01
-2.068850409997641648e+01
-2.037563512298435597e+01
-2.011972778296314601e+01
-2.038287094755247963e+01
-2.053964167122076034e+01
-2.087714877153085524e+01
-2.039058330006027120e+01
-2.014993366887469151e+01
-2.029067922033832971e+01
-2.000536285039706641e+01
-1.966613863564140985e+01
-2.037341372482228508e+01
-2.063954417401913943e+01
-2.032654143788687051e+01
-2.050225323273176414e+01
-2.066794863448079766e+01
-2.008871676787684990e+01
-2.039367320563292907e+01
-2.005984107482761303e+01
-1.997733197182641618e+01
-1.985980349616727381e+01
-1.974484903423426374e+01
-1.980389490251001661e+01
-1.990837032847724331e+01
-2.035350832698009071e+01
-2.003812547043071390e+01
-1.986010210033975198e+01
-1.955466964616790548e+01
-1.975897216818971813e+01
-2.013164804175663036e+01
-2.012094148160216633e+01
-2.068650646837517115e+01
-2.019091070746130256e+01
-2.009615922181917824e+01
-2.018981420708797359e+01
-1.976462295420215298e+01
-1.926546851724042497e+01
-1.947637376171060453e+01
-1.913084790267240365e+01
-1.943410994062606534e+01
-1.945299028025701560e+01
-1.919691097346894182e+01
-1.952874707564579992e+01
-1.920121259871194042e+01
-1.897332533558329359e+01
-1.915440244626532973e+01
-1.932928284546742148e+01
-1.935906205257863277e+01
-1.910470758303483052e+01
-1.904562625968186396e+01
-1.944321567923060812e+01
-1.895021314989340411e+01
-1.906871159115030778e+01
-1.923910050876343547e+01
-1.952917761810511266e+01
-2.012758169210972525e+01
-2.023286435005171668e+01
-1.990691576252590878e+01
-1.957922786372521884e+01
-1.947076432518536748e+01
-1.928608333033544397e+01
-1.917836243975336075e+01
-1.957238544509499079e+01
-1.992389965963585041e+01
-1.966165028188146380e+01
-1.963689436179609871e+01
-1.962515363007435809e+01
-1.924526155941737571e+01
-1.918123386059334479e+01
-1.883813039206076212e+01
-1.876925332454370832e+01
-1.902005193328077937e+01
-1.888895381356407910e+01
-1.906195649253892910e+01
-1.898905906639737751e+01
-1.917487412039902495e+01
-1.911328908174132124e+01
-1.864744188658046653e+01
-1.876832859317393343e+01
-1.851430399634537594e+01
-1.841009836053366655e+01
-1.889799033281326501e+01
-1.905725175267163962e+01
-1.923832493784238196e+01
-1.939365337817256929e+01
-1.938092481414902224e+01
-1.931719332890230234e+01
-1.888758999317657938e+01
-1.946669482974081689e+01
-1.974806275699647529e+01
-2.020419790901935286e+01
-2.066733007734764627e+01
-2.047525091194423652e+01
-2.032854202387161635e+01
-2.035270365189524711e+01
-2.028101172904344196e+01
-2.042822621422978813e+01
-2.041680192012370298e+01
-2.068333459839707444e+01
-2.090701128954229304e+01
-2.114211478213286100e+01
-2.105906628254342294e+01
-2.035924564964558314e+01
-1.978764141150513822e+01
-1.932756153982297675e+01
-1.887615382783587492e+01
-1.913890502065496690e+01
-1.848981620701529849e+01
-1.817792089112389320e+01
-1.830560235575357808e+01
-1.847838108200768659e+01
-1.839422996599596161e+01
-1.858361184738753735e+01
-1.849611189326263982e+01
-1.872929257460410568e+01
-1.926793125243165505e+01
-1.933004441938260243e+01
-1.922109182386748572e+01
-1.934992733607311877e+01
-1.936681811513654949e+01
-1.922133377985380065e+01
-1.912484298810538164e+01
