5.649451234284802226e+00
3.963205972731283833e+00
5.072648908532429779e+00
3.998259390688720494e+00
4.695127085449132487e+00
4.815125888774062446e+00
5.031768333697634432e+00
3.886624010780091343e+00
3.559938936917134367e+00
3.435735643865424294e+00
4.130902419855922325e+00
3.891785900593764946e+00
4.018716763515564061e+00
4.570034298592930533e+00
4.354389922460306650e+00
4.346957556388447941e+00
5.440502194204361430e+00
5.835482181374716859e+00
6.004096287327762127e+00
8.002629785996868250e+00
5.826738491621124894e+00
6.941152472398338880e+00
7.336553724292739886e+00
6.481541568999780623e+00
7.986894032744602079e+00
7.377371318737452555e+00
7.297674536120654309e+00
6.506861276758533208e+00
7.556962131448072384e+00
6.793488360144410265e+00
6.614203091567430803e+00
7.559919262813261653e+00
6.687298989523242199e+00
7.560262457428814642e+00
6.712824827505149194e+00
5.305565304333482501e+00
4.850993934423128984e+00
6.997600707040966483e+00
6.324233023238114981e+00
6.455568763685857192e+00
6.946284301202151568e+00
6.314518140438422300e+00
6.151218660986360831e+00
6.393851098454632620e+00
4.203511668453395522e+00
4.940022914553314770e+00
4.298841094616078884e+00
4.351600808899397599e+00
3.672482108209353946e+00
5.112127986739868568e+00
5.370309572061570336e+00
6.409378471361414142e+00
5.358975745585179418e+00
3.129294451058560966e+00
5.009004607297437239e+00
4.136411373950359405e+00
4.775033329127018611e+00
2.934916163955869628e+00
3.084439037252321825e+00
5.485759818985113334e+00
2.640489249002039962e+00
2.504640886190945270e+00
3.302592646574004753e+00
3.434889477664599955e+00
5.030233497725946634e+00
4.249417055098218654e+00
5.926916672533282693e+00
4.175064489256360645e+00
4.809370764181626789e+00
6.615206418307664649e+00
5.424019787570022899e+00
4.365008111273848357e+00
5.413393375434572441e+00
5.306637737312124514e+00
4.410723335607421802e+00
4.730375743463112848e+00
3.940028396135462518e+00
4.483859608649936490e+00
5.023872832377960229e+00
4.853261179197353670e+00
4.197176598645273593e+00
4.456461448063506303e+00
5.932081276891789656e+00
4.903460795831207086e+00
6.030008548197494989e+00
6.748762547148405844e+00
7.111944648601228991e+00
6.285034466982130752e+00
8.213491668076825292e+00
6.792117669234546184e+00
6.467237529805727192e+00
8.171721358203683394e+00
8.131421462192363947e+00
7.486281726759715482e+00
7.727551487273732533e+00
6.324424879806780808e+00
7.709732870655003012e+00
6.375663021484780479e+00
7.178425416219070598e+00
7.159112166037706615e+00
5.978249924259174897e+00
5.618137149910614525e+00
7.416846217125101504e+00
6.606324469624592410e+00
6.530037214230000053e+00
7.098716110938378065e+00
6.229489271838914988e+00
6.027510250067901865e+00
6.116873564104823302e+00
5.553131141175011720e+00
4.887866578776831616e+00
4.461370331836161718e+00
5.591918177331252515e+00
4.644095326036138616e+00
5.666215049743713372e+00
6.877377900481905115e+00
6.330931509499446719e+00
7.243358644971670479e+00
5.859284738611600929e+00
6.846612444889647264e+00
6.707967000322101470e+00
6.271297581701043455e+00
7.847141605332542014e+00
7.800364383867735896e+00
7.246238748308417854e+00
6.369708579269552473e+00
6.485165938058313984e+00
5.780239610374638737e+00
6.843746945344744148e+00
6.715653929379497455e+00
8.158094046367292407e+00
7.814228563791363769e+00
7.935732850704876107e+00
7.032680147186720632e+00
7.474176152554090180e+00
6.829678581669821114e+00
6.530885283734253477e+00
7.215843755883151189e+00
8.342155373466090040e+00
7.540282140364682917e+00
6.980470305915559948e+00
8.577275653370712405e+00
8.276948101155774395e+00
8.653837812381340200e+00
8.629884944562403959e+00
8.632952095905004342e+00
7.747948709443279292e+00
9.384155559678154290e+00
9.431001193675662364e+00
9.804037511435316432e+00
9.096689730474505353e+00
9.855473980248635968e+00
8.452308474444174990e+00
9.080330272669238312e+00
8.727112966139824124e+00
8.146035691141753077e+00
9.809221598259952657e+00
8.889401411333119896e+00
9.437047326794584023e+00
8.323300199623769657e+00
8.416286022213977702e+00
7.850563251589508518e+00
8.470044286696506219e+00
6.408697948067974437e+00
7.829095339987500957e+00
8.761394059651184563e+00
7.877098612030217772e+00
9.465346375298944182e+00
8.680841586008282817e+00
9.298177597983730891e+00
7.494015002144610804e+00
8.498676442248520146e+00
8.273865248931214111e+00
8.598794243471424181e+00
8.051217293809818543e+00
8.337281141452601574e+00
8.960039761528483027e+00
7.868969989963375156e+00
7.541856749678347072e+00
6.552799816432327340e+00
8.005049252478311672e+00
8.113252228349299600e+00
7.936898176931975968e+00
6.562171029245075893e+00
6.721662973493797821e+00
7.813289234376420644e+00
7.398626955857163345e+00
5.013359377888745527e+00
6.147982944547662143e+00
6.879384981946587097e+00
6.205381380908766786e+00
5.475134753518302588e+00
5.398656999956342517e+00
5.854773045085915228e+00
4.288885826256844780e+00
4.917763362908231350e+00
5.050617591874384082e+00
5.873876094419365756e+00
6.071823373877975882e+00
5.912028397755708653e+00
6.621693307083301505e+00
5.138227988198327267e+00
5.420188509671330479e+00
4.954532021356500948e+00
4.986289994102777179e+00
5.397930849073972581e+00
3.362324044052638961e+00
5.379594791527969377e+00
5.359531848323521253e+00
5.222123436253386153e+00
5.229642048476547345e+00
5.387062404247874525e+00
5.140370471878910053e+00
6.076142241048726689e+00
6.093744002655514080e+00
6.121029723942185363e+00
5.266624620168155246e+00
6.682913459446495175e+00
5.823018329992571296e+00
5.086808844824297182e+00
3.723500274091827933e+00
4.452341065663906861e+00
5.089783876988982492e+00
5.370579745466139698e+00
4.633477235816951811e+00
3.792195106275877414e+00
4.819681950994429087e+00
4.565446103102708264e+00
4.624588826302515443e+00
5.768447312907078128e+00
5.953029774556105380e+00
5.725806074986330430e+00
5.780032602687286136e+00
6.423026034280618468e+00
4.088714018264975714e+00
4.588693438360696319e+00
3.719220301371710669e+00
4.672130310587455426e+00
4.815162172037903865e+00
4.704241272078686364e+00
4.489764737929576199e+00
4.245653263549080236e+00
4.872692651682804410e+00
4.075894975320836444e+00
4.231508734758179457e+00
3.812100711240666406e+00
4.937087246074190361e+00
6.088584589472974429e+00
5.628145820702904700e+00
6.277989296261258012e+00
5.913635777903205160e+00
6.166047107536186900e+00
5.937963001788516770e+00
5.865502714410055773e+00
4.066740080404163571e+00
5.668722299925834207e+00
6.109510670865003767e+00
7.071778891365291031e+00
5.457438869650599322e+00
3.522231064323914307e+00
3.082326626740002240e+00
5.409505496450828232e+00
4.039245402804782614e+00
6.490992944737172365e+00
5.155673240859863782e+00
6.026538413588807153e+00
5.744990670579367631e+00
4.536075492740416770e+00
4.452818346888895107e+00
5.541229182924255703e+00
4.450802648284976293e+00
5.511478276221822625e+00
5.684497309991861869e+00
4.227645327802507680e+00
5.987467405086009720e+00
5.317456244765550899e+00
6.091433167337401144e+00
6.061674809142083120e+00
3.750834081347989013e+00
6.116757300326017166e+00
3.760456311543954655e+00
4.447257819902856291e+00
3.522642525308608885e+00
3.859604519335544381e+00
4.615454704893537041e+00
4.439976732258333669e+00
4.690461968575395879e+00
3.498093684231085021e+00
4.460897720640837782e+00
5.247680590935734024e+00
4.939545093704031942e+00
4.957012756235162243e+00
6.144165331888807202e+00
5.207226144403039214e+00
7.158007115717379243e+00
4.189837235316453246e+00
5.761068635189906750e+00
4.962797510121547795e+00
4.156969658716080041e+00
4.400736226347291336e+00
3.918634996710060214e+00
5.429623004226627359e+00
5.605894665547396905e+00
5.382397099932139994e+00
6.818206152323750935e+00
3.351554761746180944e+00
6.101563361380262229e+00
5.482050401405737183e+00
5.366109997087651351e+00
4.939063600731808279e+00
4.396172774354188739e+00
4.600880334879862588e+00
4.167416661275102463e+00
3.912125532730187594e+00
4.274144285885117966e+00
3.387933329188235643e+00
2.357759557905134251e+00
3.637054139650968132e+00
2.473471844132942632e+00
3.482285177539739429e+00
3.497414648502704004e+00
1.821413707366562829e+00
2.437205503495675885e+00
2.309664319405045241e+00
2.945409623582931236e+00
2.194330658192743311e+00
4.055886373416384139e-01
2.401527460189314400e+00
3.066616974667830675e+00
1.604758826924645554e+00
2.595499766579457468e+00
1.203903082521649903e+00
1.272508393407460137e+00
-4.378386129779232583e-01
1.845496406444549375e+00
2.632991807650835625e+00
1.136357003683570177e+00
1.756621375770421878e-01
8.395075642692368945e-01
3.232266980060567896e+00
-9.046562749200814935e-02
2.549751897534147105e+00
2.032727364316919250e+00
1.833992280131869990e+00
1.623247086784577853e+00
1.452891420839142356e+00
1.470549855520077998e-01
3.272905171308320149e-01
1.267550898199480969e+00
1.878776772007630935e+00
1.661258048803041731e+00
-1.899937297379601375e-01
-1.597216915840862228e-01
-4.389766473118399404e-01
6.217223228467867457e-01
2.992263946199105185e-01
5.373251136394445737e-01
5.456182510179274914e-01
3.794094163487287119e-01
3.374102292043978935e-02
6.565740572179947776e-01
-3.810694162635241966e-01
-5.444785978347610467e-02
-7.439525024191073754e-02
5.022477478330591438e-01
3.067062538215559186e-02
-3.261808661204108617e-01
4.859290993468077247e-01
8.435935939156822272e-01
3.022274197217251768e-01
6.471944421313846618e-01
-1.303027727375860145e+00
8.254385389819578478e-01
-1.386387350178215350e+00
-1.325543227732031148e+00
-7.625878298134463051e-01
2.031106965661726882e+00
1.754317736359212176e-01
-2.810393510601629785e-01
-3.649989931754973327e-01
-3.328613419802541884e-01
5.880840919837506675e-01
-8.037081966885839535e-01
-2.129544110553708514e+00
-4.861637933248834642e-01
-8.068587090832712860e-01
3.456758596377973447e-02
-1.623900221168647739e+00
3.799041331341790340e-03
-4.186914054609891522e-01
1.498989554097536647e+00
1.540934086544289983e-01
-6.975360498827933853e-01
-1.004877220037715624e+00
-3.797736301426146710e-01
6.677550090223682844e-02
-1.444144348723397364e+00
-4.237027042915233466e-01
-2.905478915474226653e-01
-1.650035692549061572e+00
-1.318172748218445989e+00
5.740381338921292098e-01
-6.495076983895140543e-01
-3.568757786832437162e-01
-1.057029821579544837e+00
-1.506745153701128714e+00
-4.511693430379537517e-01
-1.675526793089260558e+00
-1.966569682275606468e+00
-1.086107048892241522e+00
-1.357593944238477235e+00
-1.174614359443809875e+00
-4.771321001121764382e-01
-1.165330079290574083e+00
-6.110560678142125113e-01
-1.360919967133201958e+00
-1.842117543446582850e+00
-1.267613289165234747e+00
-6.895586625775287359e-01
-7.667930822087356546e-01
-4.308767990287227789e-01
-5.616939786866712581e-01
-1.468855821976362108e+00
-1.227672767399421438e+00
2.011391341228012664e-01
-6.522112700341420322e-01
-2.002044368480484060e+00
-1.881546251627289834e+00
-3.044914470552252617e+00
-5.270109389107391351e-01
-1.703520123136511799e+00
-1.208828544138921046e+00
-2.328615001501971982e+00
-1.602381844309509695e+00
-1.458007520997036899e+00
-3.353107587608761264e-01
-8.238134448854932401e-01
-2.340157974162221599e+00
-8.521894288241060877e-01
-1.601348752264462050e-01
-6.994544164816929310e-01
-4.249351800792400269e-02
1.485593597720580306e-02
8.298927413936638686e-01
-1.720953667506218920e+00
-1.327899351058333899e+00
-2.085596698369174717e+00
6.518451174308195206e-01
-3.093767893454089091e-01
-1.977229575754459567e+00
-1.553748335595379615e+00
-4.542607635533810750e-01
-8.502689191073340425e-01
-2.896680738159770563e+00
-1.626544730904988079e+00
-3.169420832254691511e+00
-2.753517888839247085e+00
-4.309217846289032039e+00
-2.583868272864888738e+00
-4.103016032750248065e+00
-3.984381118317768422e+00
-1.658456410792033431e+00
-3.493765710250056777e+00
-2.660598344517182134e+00
-2.604831287705099641e+00
-2.091080841471066876e+00
-2.575161082403075063e+00
-2.691015345854219198e+00
-9.621685892948068641e-01
-1.212936190727741170e+00
-1.289822758972976047e-01
-1.556548610207035388e+00
4.555717602259079513e-01
-1.284138932050762349e+00
7.337069423779984945e-01
1.250400510992371039e-01
-5.128981556151188670e-01
-8.438910211278978224e-01
-4.778670613157247615e-01
-7.457467317374062432e-01
-5.480793337019762568e-01
1.113384394165435332e+00
1.239823713325827192e-01
9.339507582886428239e-01
9.106793624412290455e-01
2.093196156021178478e+00
2.414200691613556771e+00
1.192042169740994861e+00
3.648601727219835666e-01
3.020828759076286119e-01
2.781909348777631408e-01
1.048515435829007636e+00
-4.619859950074642896e-01
7.791966152044071947e-02
-1.248802918940891793e+00
-3.371312331136318008e-01
2.021838831623394839e-01
-1.823345405906033889e-01
6.665972226582086435e-01
6.918990476542985490e-01
-8.026452280730200783e-02
-7.969069779890540772e-01
-1.500983240876241354e-02
-3.300149815235151607e-01
-3.740737773681299672e-01
-1.783890401955590121e-01
-8.876075809255121740e-01
-9.632299065206346711e-01
6.221769201356508461e-02
2.993636459428401508e-01
-4.225999964573929901e-01
-1.220701478445959332e+00
-8.632496294633176248e-01
-1.106500532633148737e+00
-6.403284197851242254e-01
-9.936934972282056577e-01
9.156806064173572679e-01
-9.979865734911044228e-01
4.703270251927733625e-01
4.522408149755667850e-01
5.024792528742594300e-01
-7.218912130823857964e-01
-3.549425426897903080e-01
-2.356522512597347685e+00
-1.277809655531953581e+00
-1.831473356771483374e+00
-7.160179457300355210e-01
-2.900313682532394743e+00
-2.757599308593800647e+00
-8.971948951819124218e-01
-1.456654163824979697e+00
-1.547715632216940307e+00
-1.294448416844214300e+00
-4.960211260759610497e-01
-2.785377827590678201e+00
-8.355633543377205541e-02
-1.118931986383246979e+00
-1.728345281283241164e+00
-1.219564692514599535e+00
-1.632240165499870166e+00
-1.516739928812339322e+00
-1.537238596028028148e+00
-1.688143629344018848e+00
-1.597288178474184583e+00
-1.664634692216972134e+00
-1.939615688681894490e+00
-1.305728317924814696e+00
-2.412339055944496380e+00
-1.866746337430209124e+00
-2.261412987340115421e+00
-1.251194466333318545e-01
-2.485581188404006880e-01
-1.136535387833918165e+00
-2.970078806655030768e+00
-2.296060089335098198e+00
-1.783082802879749629e+00
-2.377365976002305814e+00
-1.927186029786032151e+00
-1.565351347991650321e+00
-1.759189657206079005e+00
-1.630890590998735235e+00
-5.054868048998546470e-01
-1.556866756833794163e+00
-1.360899995181745759e+00
-1.314404024926332681e+00
-2.693166507691410416e+00
-7.220168848932679850e-01
-8.490647917168283598e-01
-1.577614060266872897e+00
-4.336033424966814209e-01
-1.580754387894981683e+00
-2.316733570120541152e+00
-3.347043804564631131e+00
-3.585963423285507545e+00
-3.085957539214395418e+00
-3.533880339608859167e+00
-3.265084308024708726e+00
-4.657140159179932404e+00
-4.078123908110209861e+00
-4.164874669034589694e+00
-4.139759502008041103e+00
-4.069777896113212279e+00
-3.160638789720367825e+00
-4.220928156194410974e+00
-3.083070164301089378e+00
-3.121607085285790895e+00
-4.916762016806140778e+00
-2.824688613968921125e+00
-4.307821405146508020e+00
-3.796204953324700426e+00
-5.236285658556172784e+00
-4.417152728705125320e+00
-3.113417549384188909e+00
-4.917145674603806249e+00
-3.852771503176803947e+00
-5.040775036575889878e+00
-5.321656102221891338e+00
-5.790297220342181639e+00
-6.632548907527994864e+00
-4.816728415533447993e+00
-4.440313159952833821e+00
-4.704061871700465858e+00
-3.853530372770791246e+00
-3.898206809877513557e+00
-3.493444338996421372e+00
-4.124409446640884269e+00
-5.029604051241843621e+00
-5.336153557190028707e+00
-4.170185044213141623e+00
-3.140284499439077059e+00
-3.768703472302791013e+00
-4.261394116742865279e+00
-3.333884856090663540e+00
-3.884025990684761176e+00
-4.250386936587673858e+00
-4.092977144320178340e+00
-4.666924809587603917e+00
-4.534368691491016179e+00
-3.274457416928640896e+00
-4.236629391561428370e+00
-2.913916036444181401e+00
-3.807851334702312407e+00
-3.153711347668116893e+00
-2.472470381097955361e+00
-3.062474709600292222e+00
-1.302042885158109620e+00
-2.616785640432193638e+00
-3.270126992222208706e+00
-3.432356899567560404e+00
-2.429443206980825387e+00
-1.451400751594765559e+00
-3.478096961556722988e+00
-1.995039054544362145e+00
-2.604785877138944272e+00
-2.457315566971681520e+00
-3.213928696312621902e+00
-2.941839034912349327e+00
-1.817951337523104449e+00
-2.318895515205046998e+00
-2.029384165798527206e+00
-2.075254598467868306e+00
-2.960919823886199787e+00
-2.460195656585540291e+00
-3.322900215521350731e+00
-4.059512515237895691e+00
-4.198489260457008321e+00
-2.231454639099303527e+00
-2.707061013101913716e+00
-4.137370327964243977e+00
-3.150028345862096124e+00
-2.726601866222831738e+00
-3.019162510400176025e+00
-3.502782743894859330e+00
-4.248868242678227602e+00
-3.925448176333674155e+00
-4.277451717841816325e+00
-3.772031300151581945e+00
-1.978256459193155514e+00
-2.674832580895376566e+00
-2.458329269728074529e+00
-1.402734050212442796e+00
-3.165086212850767744e+00
-3.347636071962958759e+00
-2.928260750628968623e+00
-3.054036229262513835e+00
-2.713883964689157935e+00
-3.636822150545318877e+00
-2.664341277308319711e+00
-3.688153017809235656e+00
-2.121843758406293468e+00
-3.600883893549052139e+00
-1.967485442707820553e+00
-1.710744961831561994e+00
-3.592708615427476104e+00
-3.702691307335936877e+00
-3.841888099863656869e+00
-3.598957410635012621e+00
-3.185458206141121629e+00
-3.798235306116492183e+00
-4.159263248446397832e+00
-3.628815923634024720e+00
-2.874306495526792737e+00
-4.375080700467073314e+00
-4.079059824180538030e+00
-5.657290628610208927e+00
-4.412022497482050554e+00
-4.457291591302827705e+00
-3.384248901415831234e+00
-3.906971375533204949e+00
-3.986890768062772317e+00
-2.981499083149861562e+00
-2.958200784625336865e+00
-1.193814212099530536e+00
-3.174220783816680047e+00
-2.542786598256581598e+00
-8.706756969544908742e-01
-1.049102454693990438e+00
-2.843158872655324743e+00
-2.569464828706868431e+00
-2.712639191360206148e+00
-2.579697947809478364e+00
-1.196759380867218781e+00
-1.381740306760651293e+00
-2.457041197345005479e+00
-1.279998433465319607e+00
-1.559561721311164106e+00
-2.245419648980091054e+00
-2.752011341591322768e+00
-1.564777554380653690e+00
-2.134426855646936794e+00
-4.494739630393638663e+00
-2.957773407345279715e+00
-4.658498090764133792e+00
-3.398798580361305888e+00
-3.874198101776200609e+00
-2.800424363823467822e+00
-2.987229454314173083e+00
-1.975204292677502416e+00
-2.012269804769227122e+00
-2.604759990199229769e+00
-4.034265562912271008e+00
-3.507185840559755796e+00
-3.548139109367776101e+00
-3.280192779523024349e+00
-2.752612703171593012e+00
-1.788159819842560339e+00
-3.310948821095846206e+00
-3.452296216998075096e+00
-2.236794157633097413e+00
-2.963308701680144708e+00
-2.641488296187624485e+00
-2.847937155979802348e+00
-2.595867892171360047e+00
-2.210130219870956481e+00
-1.243272469559892457e+00
-3.470161707691571173e+00
-1.999186180808139035e+00
-1.129831457211039947e+00
-1.258405329610149614e+00
-2.565864272727507611e+00
-2.286539130280645260e+00
-2.170540575838215247e+00
-4.182148841296143615e+00
-2.185541613973668085e+00
-3.298361491947128243e+00
-2.593350014622646249e+00
-2.278945772643569789e+00
-2.810044337471079068e+00
-2.782991276103002676e+00
-2.874017771819577849e+00
-9.675881965729082879e-01
-2.225855025575047996e+00
-1.932641403963084592e+00
-2.388694281810749054e+00
-1.396155670538989035e+00
-2.488024806653839072e+00
-2.134853935544162695e+00
-2.853561453009572091e+00
-4.810449499397652318e+00
-3.255381705195201647e+00
-3.906519322134210270e+00
-3.018957795007365164e+00
-2.899054315158142714e+00
-3.489181103689356078e+00
-2.629725462286871540e+00
-4.227076495821540547e+00
-4.109383269236143832e+00
-4.234228796639976089e+00
-2.893430919337073526e+00
-4.814327962936114425e+00
-3.659454307574858234e+00
-3.416755120018779124e+00
-5.069876832330782790e+00
-3.995518909938510888e+00
-4.205193320222582187e+00
-3.236211452155135504e+00
-4.422301431109079140e+00
-4.609890714977691317e+00
-4.799850280421193105e+00
-5.761552284559652293e+00
-4.921413051158725516e+00
-5.663251289452783332e+00
-6.591893624171191846e+00
-5.966147271195230140e+00
-6.217441274056664469e+00
-5.258375832343194389e+00
-5.222976363413763146e+00
-5.930246606908342599e+00
-4.187973835138127932e+00
-4.234317823646130741e+00
-5.652220948233365405e+00
-3.308530171248669660e+00
-3.684044168056192170e+00
-4.618873475743668244e+00
-3.423619408939371667e+00
-3.319768349809613994e+00
-3.650789368320566552e+00
-4.048870433337370400e+00
-4.525519994209443730e+00
-4.316679061636216730e+00
-3.463072080747528148e+00
-3.197159274537622053e+00
-4.638009039121656407e+00
-3.336755999840413267e+00
-3.817043282462710074e+00
-2.891365447242307596e+00
-3.223913719261926936e+00
-4.208375806573454447e+00
-4.405768719268051470e+00
-3.722393284635648669e+00
-3.317177141472385848e+00
-3.477136696227822732e+00
-3.052017807745623479e+00
-3.719559949391817000e+00
-2.701375634506311130e+00
-3.468062057510683083e+00
-3.729451878682806587e+00
-3.360019287823667433e+00
-2.284929456112359425e+00
-3.136255591125010511e+00
-2.939510647688899247e+00
-3.129009489675496525e+00
-3.642600727032594854e+00
-4.023962560956985790e+00
-4.133059986596475888e+00
-2.809496098673219144e+00
-3.994287882249802024e+00
-5.604410990342540089e+00
-5.437448504316762410e+00
-6.162908586939940037e+00
-4.574336016606572741e+00
-4.259754469749212902e+00
-5.475317235774070923e+00
-5.977855397495755341e+00
-5.332182562168435780e+00
-5.489255199526268392e+00
-6.418735209311654977e+00
-4.909822893685305445e+00
-4.684162309161153281e+00
-4.256497140339799756e+00
-5.808434296809199537e+00
-6.355289108733845893e+00
-7.044803338595847286e+00
-6.152671321646835167e+00
-7.411972479367414657e+00
-5.975031261423135120e+00
-5.766690258471149910e+00
-6.233939020881003046e+00
-6.025564196136608430e+00
-5.501154282024461217e+00
-7.107045394964321972e+00
-4.460405156940218774e+00
-5.413193829705906346e+00
-5.496156434301345151e+00
-6.690004296128215344e+00
-5.928018842168333968e+00
-6.514132525383355521e+00
-5.705375733681239403e+00
-5.054746937255737649e+00
-3.678012474010825983e+00
-3.944726123105948723e+00
-3.819670006677875485e+00
-6.437039234009860778e+00
-4.866636221995533695e+00
-5.533781670887963244e+00
-5.303889400155192391e+00
-5.231651195234165996e+00
-5.006626066382935392e+00
-5.630056073035579978e+00
-5.396526663276120850e+00
-5.702819819629197262e+00
-5.204546125671212664e+00
-4.330404944923645694e+00
-4.242544165371167075e+00
-4.475964303527826260e+00
-5.563358348319738411e+00
-3.881557839833007506e+00
-4.342359666086144543e+00
-4.830734732850078039e+00
-5.328843551753750241e+00
-4.117398843807820619e+00
-5.884662839490531816e+00
-6.142926256383889339e+00
-6.976064008444588183e+00
-6.128359964198877741e+00
-5.321268420750193684e+00
-6.555251379766763975e+00
-5.045562217241681857e+00
-5.258866580910193100e+00
-5.743955601112196163e+00
-6.094741904203082150e+00
-5.655177644123213554e+00
-5.445956797948928063e+00
-3.892586734778923585e+00
-4.965664946316396211e+00
-4.590497621872278167e+00
-6.933298042281600182e+00
-5.622087648364134438e+00
-6.243561077187601782e+00
-5.604338686764083199e+00
-4.595740285058780294e+00
-5.061044713793689809e+00
-7.600350697132669531e+00
-5.648908234142584917e+00
-7.020245027284810035e+00
-7.235981265070621227e+00
-6.114328449762395756e+00
-7.314906209563377892e+00
-4.803566033023492388e+00
-5.558779768766433982e+00
-5.931837913781124350e+00
-6.429915905419643529e+00
-6.473706543991433193e+00
-6.071849918932653800e+00
-7.039778376437051399e+00
-6.785644166258282262e+00
-6.618300463812800238e+00
-6.800025468047257604e+00
-5.150334049572737882e+00
-8.261684010419298119e+00
-8.422474440789422090e+00
-1.001790193207392932e+01
-7.483431169098682112e+00
-7.533832444826933816e+00
-6.150776035359401206e+00
-5.123912502379927680e+00
-5.635476904816512089e+00
-4.789552531741335883e+00
-6.290499182207047291e+00
-4.174179161888090128e+00
-5.418960314772979459e+00
-5.956750059805406394e+00
-4.118989097028585178e+00
-5.432123519485083207e+00
-6.699375491547304939e+00
-4.038914896917003006e+00
-5.317596769332529227e+00
-5.308810857141907924e+00
-5.203296037549582032e+00
-3.407552437778706533e+00
-5.406401407330503339e+00
-4.044396846200535300e+00
-4.170482472249104511e+00
-4.523731287315279737e+00
-5.000725246088710385e+00
-4.740203341284607852e+00
-4.394029335252773727e+00
-3.784126640239526829e+00
-3.377391399540773165e+00
-4.517204134304501295e+00
-2.734837033718020116e+00
-4.705114654281377540e+00
-3.830832650580176413e+00
-2.873491266137675026e+00
-3.972128885020815403e+00
-4.747513294020853536e+00
-3.773061131431368231e+00
-4.531173115050531663e+00
-4.882496378092951339e+00
-5.298932831149387290e+00
-5.325943931490733974e+00
-4.829131831653822537e+00
-4.293349654619101230e+00
-2.588042374709138116e+00
-4.239327146292337645e+00
-2.638623594790964866e+00
-3.302579653716529506e+00
-3.113374666953267145e+00
-2.636585336468216134e+00
-3.875296520854718096e+00
-5.089903558975805709e+00
-3.265718810429462771e+00
-3.971936298844349622e+00
-4.872819137288733060e+00
-4.112774265649775884e+00
-3.903494059317125675e+00
-4.960119743766143507e+00
-3.851893711785873364e+00
-1.956800363515525554e+00
-3.277125990431597025e+00
-3.970279679646854021e+00
-4.175820276982507018e+00
-3.387260957643047021e+00
-3.267762698321940995e+00
-4.537378749016706792e+00
-4.575237109060908303e+00
-4.213315744429444010e+00
-3.732581165869158113e+00
-4.440160202987158300e+00
-4.234937447427777890e+00
-4.342354192040247973e+00
-4.983895401959186344e+00
-4.299997903918725939e+00
-5.120494402136450240e+00
-3.983320110550054416e+00
-5.980776947864758775e+00
-5.015267307256530138e+00
-5.618941933513818654e+00
-5.560275408284596210e+00
-5.756083138341422156e+00
-4.873669059306424245e+00
-7.041374554768303540e+00
-5.704046314657202466e+00
-5.196080991298339669e+00
-6.078944502005470873e+00
-5.797876623769081306e+00
-6.058372115124448065e+00
-5.867396135691038239e+00
-7.792170827742772587e+00
-5.135839092765337455e+00
-6.224581060677037314e+00
-6.766204375114583058e+00
-6.813278391762185748e+00
-6.962231149094691318e+00
-5.065009686859863969e+00
-6.088732612451312143e+00
-6.540747510715902990e+00
-6.047816579100471657e+00
-6.446546856150925819e+00
-6.779562315495827107e+00
-6.055033250335181805e+00
-6.098046579874703887e+00
-7.633856976276730322e+00
-7.037652239518390473e+00
-8.368576567726194071e+00
-7.171703249557943138e+00
-7.233205167339549213e+00
-6.885008717731621708e+00
-6.495629210516842278e+00
-6.902034633173542488e+00
-5.088389912119499314e+00
-5.102756581790322876e+00
-5.412675199068248233e+00
-5.608924509264969771e+00
-5.983343041838922183e+00
-7.107683589698008397e+00
-5.937315684217031375e+00
-5.104923882228872500e+00
-5.098698772556816472e+00
-5.084229396364991160e+00
-5.450935473578002011e+00
-4.034782078099132363e+00
-4.979443315905545120e+00
-6.160424055682629074e+00
-4.309733262041554269e+00
-3.269416892987264234e+00
-4.778885024656169378e+00
-4.065187570238764536e+00
-6.460822430348299505e+00
-4.625505572277132771e+00
-4.035566754161919789e+00
-4.392377005969484216e+00
-5.643813118301925336e+00
-5.356868381231717713e+00
-5.073994435628752520e+00
-5.999643618010371604e+00
-6.151069447981801552e+00
-4.418126716170664992e+00
-6.359535130475880926e+00
-5.938123127120943145e+00
-5.232124044298713805e+00
-4.946265749349680441e+00
-6.439875783958707522e+00
-6.523325530028404096e+00
-6.631721140945281867e+00
-5.763777174655594138e+00
-6.365468206896560233e+00
-6.395029162446652649e+00
-6.118979652873210107e+00
-7.540085399114341058e+00
-8.176838648605450288e+00
-7.826184018580895518e+00
-8.308017443638792798e+00
-7.986791172771654956e+00
-8.471330803007006693e+00
-7.316826000626530657e+00
-7.365567683095094687e+00
-6.965788520551787322e+00
-6.141810326561968125e+00
-8.142388080449222798e+00
-7.678329361709484324e+00
-7.433218755472889683e+00
-7.189568039537939548e+00
-6.505321162337331486e+00
-7.705791826036483272e+00
-7.762329199527392198e+00
-7.940284184372434773e+00
-7.767364343791934189e+00
-6.581560495890014018e+00
-7.896636956953477338e+00
-7.507046308332716578e+00
-6.323303846437018372e+00
-7.033737456163215995e+00
-7.192792777478879351e+00
-7.708580427487239817e+00
-5.696386293744327034e+00
-6.013628931789960497e+00
-6.624090666836156771e+00
-7.273017230253580045e+00
-6.665538631769312161e+00
-6.849136333832669621e+00
-8.519106402075522055e+00
-6.110016217969648444e+00
-6.652322952373213027e+00
-6.052723882162859503e+00
-7.149918691198029030e+00
-7.685139387351127560e+00
-8.635669872648984224e+00
-6.451702169724848446e+00
-7.001303699152246374e+00
-7.026154059844298416e+00
-4.644170794096880606e+00
-6.859474291673132385e+00
-6.431641398897292916e+00
-7.176821563639786739e+00
-7.794920205563859561e+00
-7.349682048533502154e+00
-7.565580340959154881e+00
-7.386468229527120677e+00
-7.914361210512155687e+00
-8.197027225350399959e+00
-6.591328969511904390e+00
-7.342659042224839894e+00
-7.240509879124728876e+00
-7.165114273367401587e+00
-5.790717456414554931e+00
-6.083257788826987422e+00
-6.452327681771918400e+00
-4.956609979585480552e+00
-4.875780644311134004e+00
-6.366571444355050069e+00
-6.532040755514298525e+00
-4.610170493384238455e+00
-6.087472306399913435e+00
-6.527389440805309029e+00
-5.757946476267154168e+00
-6.314220228688939507e+00
-6.335162612586082709e+00
-7.255551287216143841e+00
-5.882271465742643812e+00
-5.653846562736760895e+00
-5.233429951221788556e+00
-5.014280185877334262e+00
-5.564125990333233851e+00
-7.366636909633500707e+00
-7.704246850608217123e+00
-4.963952406296188613e+00
-6.401686930000913378e+00
-5.872692840997588704e+00
-6.327110673858308054e+00
-7.622618021886293782e+00
-6.471509787316511719e+00
-7.999277872686972657e+00
-6.356143025679230618e+00
-7.400613468966496633e+00
-7.242450453468002536e+00
-7.685176950165398146e+00
-8.062239861011452291e+00
-8.200385207980740887e+00
-7.695390302318424247e+00
-7.628335487235009538e+00
-8.550654223827621081e+00
-8.418117105911935738e+00
-8.161085375111028384e+00
-6.605013470405470599e+00
-7.289621778628336379e+00
-8.247675689249666320e+00
-8.304173743014850118e+00
-8.091256543546361257e+00
-8.863305149000497707e+00
-7.251115665216571138e+00
-7.511231535745232613e+00
-6.434234644523614932e+00
-6.905466612051953668e+00
-5.518967497612194073e+00
-6.698747152439748831e+00
-5.814254271782840711e+00
-6.128091572719183588e+00
-5.342608963336246575e+00
-6.582969237942955409e+00
-6.085326942315378851e+00
-7.929100727701495543e+00
-7.722650133135561035e+00
-6.610754611916454415e+00
-6.088255289483399224e+00
-7.000511125142150348e+00
-7.605334193363451512e+00
-6.342746117024383956e+00
-7.072149206292476897e+00
-7.775947068384736482e+00
-7.162818970649269090e+00
-6.643388400338579025e+00
-7.548785999823554249e+00
-7.155049127370473272e+00
-6.956255387364747911e+00
-8.921819727782178688e+00
-6.996870888099883778e+00
-7.318508743827996099e+00
-7.268848964668907620e+00
-6.412408511225904384e+00
-7.109468724268044326e+00
-7.419443919821913980e+00
-6.550152973233871911e+00
-6.619552200738858083e+00
-6.691139484614875954e+00
-5.869931746145844897e+00
-6.479122171842906397e+00
-7.294944890024390283e+00
-7.535206589233387930e+00
-5.696250153634013991e+00
-7.244553738583237923e+00
-6.505399191432325701e+00
-6.971129279383546873e+00
-6.304269227599112568e+00
-6.014137460510660560e+00
-8.677087198013451186e+00
-6.272304574334895300e+00
-6.134302352643201672e+00
-7.945175127381602920e+00
-5.891556235859608748e+00
-7.699412211623105406e+00
-5.685688815740117086e+00
-6.052796113464024685e+00
-5.598943465521297291e+00
-6.087983985915315088e+00
-5.404318926190608607e+00
-6.330062626558196293e+00
-5.240320984601529730e+00
-4.539133692833140721e+00
-4.559171286592804684e+00
-6.216830242710115861e+00
-6.062162075179198695e+00
-5.417092237683533540e+00
-5.485526348149377895e+00
-6.593579306515702676e+00
-6.777803143910939632e+00
-6.220869012105125329e+00
-5.662838461060340833e+00
-6.225000613148437445e+00
-6.481871327165769969e+00
-6.067161002430170313e+00
-5.510638323025100149e+00
-6.333311414109883408e+00
-6.861314042440426419e+00
-7.107608777311563486e+00
-8.009046461229683445e+00
-7.521952341331173741e+00
-5.696792936780761707e+00
-6.942693048908276765e+00
-6.625978086046831805e+00
-7.533950508338518759e+00
-7.643931350761286936e+00
-9.037554223655998697e+00
-7.845866954879778810e+00
-7.098742872754979061e+00
-7.692435959776164900e+00
-8.032832351675198268e+00
-6.935869574574812901e+00
-6.378495245102611122e+00
-6.050031766375039588e+00
-7.224061737690631091e+00
-7.277093477486195283e+00
-5.960704714199798637e+00
-6.237250895096511094e+00
-5.001365294922413440e+00
-6.168561336668259898e+00
-6.198378583383166607e+00
-5.355730503523421504e+00
-6.193853093606647597e+00
-5.620830328069435389e+00
-5.978752977777528343e+00
-4.757774696138899806e+00
-6.323183548298245249e+00
-5.921637044080241274e+00
-5.852480570315272246e+00
-6.866513386767884697e+00
-6.686758861004373777e+00
-6.549305367750434037e+00
-7.652068333287355806e+00
-6.596561745482896200e+00
-5.803417222596154446e+00
-5.818591661901574952e+00
-5.487960413472961818e+00
-6.706075457843108545e+00
-6.645580752955788206e+00
-5.296028175315419695e+00
-7.463083905375586191e+00
-5.984729565115096683e+00
-6.313861312908866097e+00
-5.017514317423289683e+00
-5.410533655858721147e+00
-5.313686487802850245e+00
-5.242786539560015946e+00
-4.979535904151259906e+00
-4.651873247090726693e+00
-6.967115077034032211e+00
-6.291348061097394861e+00
-4.865767178282861316e+00
-5.335673483106893045e+00
-5.304169033720055104e+00
-6.307623861028277545e+00
-4.541613098028103757e+00
-4.770760070133854391e+00
-3.100285059682014399e+00
-5.898075808139868315e+00
-3.384563036889325360e+00
-3.510396761699119850e+00
-3.287827163919709861e+00
-4.278237786795698661e+00
-3.977667338104009964e+00
-4.630797304536190317e+00
-3.119724960581581996e+00
-4.861777215317393264e+00
-4.731727181297265439e+00
-4.693628981504966546e+00
-4.563873846018856817e+00
-3.839525439619267289e+00
-5.598822875618909123e+00
-4.268132211613345106e+00
-2.895451065767694843e+00
-3.881528713820531884e+00
-3.342180365761750593e+00
-4.117046087750124705e+00
-3.794201791263409618e+00
-3.266528991362257273e+00
-3.738560369126465055e+00
-3.673267203723868057e+00
-4.824702516851052003e+00
-3.615505764609916461e+00
-3.105152857242735820e+00
-3.519674740434319382e+00
-3.001893492068765212e+00
-3.464502091306910003e+00
-3.657981709698916006e+00
-2.850110904063130057e+00
-2.886099591320016700e+00
-2.885192746726239932e+00
-3.139398854122175564e+00
-4.409641849403262981e+00
-5.078962504472748662e+00
-4.818452760265131474e+00
-4.839035632218194216e+00
-3.283175316109855579e+00
-3.205683950395897597e+00
-4.092811618025482545e+00
-1.650121388494792285e+00
-3.239320381986678044e+00
-2.264658533142521968e+00
-3.361330327888151448e+00
-2.513603683100773978e+00
-1.654031907227563991e+00
-2.031215946504145720e+00
-1.888648882238257443e+00
-1.168277847407337866e+00
-1.711924665367685172e+00
-7.707769116079461469e-01
-5.099716245509533508e-01
-2.343638249103440430e+00
-1.995407995591698125e-01
-9.135206542856311174e-01
-1.097052443576752800e+00
6.726844472857189672e-01
-2.083825650713724720e+00
-2.952407512008674129e+00
-1.444394254954540990e+00
-1.828114560957747159e+00
-2.505788869118583229e+00
-1.857884457107566334e+00
-2.841898225212265316e+00
-2.077372615432395264e+00
-1.951445225354226487e+00
-2.349004707656848545e+00
-3.039287018394836615e+00
-2.840775830385861234e+00
-2.268949419042153970e+00
-3.070580026941415852e+00
-4.044436860247007104e+00
-3.058969097624854250e+00
-9.420515017662465240e-01
-2.213908347748488659e+00
-2.515789614216011216e+00
-2.175549023607245225e+00
-1.865091789505191500e+00
-2.387801927695758053e+00
-2.094695266412195167e+00
-1.710504252411423565e+00
-2.586017329035210643e+00
-2.332883145873481112e+00
-1.815642512149571175e+00
-1.509956639251637256e+00
-8.903947699623264711e-01
-1.526273528129167723e+00
-1.370552896420182520e+00
-4.576327497493704044e-01
-1.306242623933288716e+00
-2.069651068100961666e-01
-6.838606044498032333e-01
-4.855142689459119865e-01
-6.784601433909465129e-01
-1.857864907476064253e+00
-1.379840397334150204e+00
-1.206758808168189034e+00
-1.574187569090852890e+00
-2.189706242747697651e+00
-1.882650343466170106e+00
-2.615095070477738481e+00
-1.776641577515500003e+00
-1.645944777799528858e+00
-1.859831859490697958e+00
-1.210269626427854739e+00
-8.738379793861046352e-01
-3.144667916005553288e+00
-1.547102868045623580e+00
-1.941352857572801405e+00
-2.241132125960878518e+00
-2.113299800274727858e+00
-1.277715993356238755e+00
-2.396132585922957858e+00
-3.228568445420631150e+00
-2.295624579137270693e+00
-6.652363695574345925e-01
-9.951426804656673397e-01
-1.585055963232037790e+00
-2.151826139247138947e+00
-9.480008906134989033e-01
-2.606190458360457818e+00
-2.276845223257581097e+00
-2.276107975189914256e+00
-6.616840381659905290e-01
-1.172698610580806822e+00
-7.264142585241062378e-01
-2.303557191525342773e-01
-7.071207105653520841e-01
-4.460312614488533001e-01
2.800427723430507498e-01
-1.179661284584838654e+00
-3.651115019963278030e-01
-1.053962864790596754e+00
-9.389656636777354848e-01
1.358224305145484756e+00
2.766630564181555840e-01
7.984219444665523469e-01
-5.765322299527664285e-02
-8.386081533111564568e-01
-2.094666867380139408e-01
-1.363506049329882508e+00
-9.786163185179148627e-01
-4.547704808084951367e-01
-1.244561954326441899e+00
-1.796691689371195721e+00
-1.497443935507069668e+00
9.918192466956865516e-01
1.828310788346911409e+00
-4.035214465394192374e-01
-3.730607766941860248e-01
-9.895229242741461206e-01
1.100571854412724093e-02
1.653306456196874663e-01
2.009722531140978319e-01
-3.952935575936828982e-01
-6.558168427249899679e-02
2.656377464723114201e-01
1.572292701429886641e+00
-7.426880539983216067e-02
1.114066504025860382e+00
-1.597085913022030290e+00
3.323212614866966064e-01
-1.753610966009979677e-01
-1.448773207530115847e+00
-1.794952817563671310e+00
2.518348822281444299e-01
-1.581868650488991612e+00
-5.930775178805420822e-01
-9.268328700147341337e-01
-4.262304898226911831e-01
-2.256372612087091944e+00
-2.341354361085007163e+00
-1.778089275713067074e+00
-2.407079725224201106e+00
-2.811549508010286580e+00
-1.786078167179905307e+00
-2.995940113321736042e+00
-2.204153078124797993e+00
-2.273450958899133845e+00
-1.164681718633021390e+00
-1.712595506159599879e+00
-1.534596811826368423e+00
1.315137884124517598e-03
-3.285254392225535724e+00
-3.204288373667551149e+00
1.074078223324441694e-01
-2.948843204489548064e+00
-1.382042241624463763e+00
-1.404083168926931080e+00
-2.349691840485039762e+00
-1.912425560222503762e+00
-2.598485412986474508e+00
-3.275961524262429592e+00
-2.968968898520937927e+00
-1.931381699699312726e+00
-2.586729484276482083e+00
-2.440990264072755878e+00
-2.561224149712113984e+00
-4.276373652758231891e+00
-3.859335566205966295e+00
-3.677908336555145929e+00
-3.920260890646310337e+00
-3.343340668864978049e+00
-3.884599435934041445e+00
-2.788650008698321692e+00
-3.531666717582834458e+00
-2.660377197307425057e+00
-4.147477548017818094e+00
-4.236054117384325579e+00
-2.612219163783048081e+00
-4.466712243471242516e+00
-4.288501084197104518e+00
-5.596292987277077025e+00
-4.331425238583971549e+00
-4.898551452693815200e+00
-4.556047968387836100e+00
-3.496203209709245918e+00
-4.368214553416022383e+00
-3.155021134097488300e+00
-4.109355545625140493e+00
-3.265684519100205740e+00
-2.436033345301636288e+00
-3.943531688972001348e+00
-3.832485227124769800e+00
-3.026486844829643807e+00
-3.390793827948081152e+00
-3.315794078404855405e+00
-3.205984270470299435e+00
-2.710431083923221074e+00
-2.246796787799300255e+00
-2.246936047019797655e+00
-1.212942367465657867e+00
8.781051942715478731e-02
-6.539633200868859575e-01
3.817717232416599771e-01
1.563419719093150917e-02
-1.117240857593524872e+00
-3.179173761314046942e-04
-1.080178061499378117e+00
-1.326751903062668880e+00
-1.293477834424114015e+00
-2.204848606878516470e+00
-1.092671550391665747e+00
-2.040750045370081978e+00
-2.326323155236512008e+00
-1.568746740905306858e+00
-2.969855729338624073e-01
-1.443574239270793313e+00
-2.619712476033715376e+00
-1.818804604832003236e+00
-2.557836879647995332e+00
-1.112914374450256538e+00
-1.105398127761552551e+00
-3.087219582991533429e+00
-2.515397942483995841e+00
-1.401629843408513487e+00
-2.517114418233505901e+00
-5.427703088045916502e-01
-2.770453348376227254e+00
-2.071603312625748927e+00
-2.525376884254244558e+00
-2.458294938885993375e+00
-2.594607001947426106e+00
-2.951209754933636908e+00
-2.936597114703674904e+00
-3.290270266555525680e+00
-3.211617082735571671e+00
-3.221494245039981941e+00
-4.269651585633054580e+00
-2.079036901651234004e+00
-2.511478197022408487e+00
-3.836683768892660495e+00
-2.599063836376789283e+00
-2.770478703751786398e+00
-4.500252102418314415e+00
-3.088326875115689596e+00
-3.148371899476527958e+00
-2.847838420479560817e+00
-2.526832354940466097e+00
-3.235262983320432717e+00
-3.064599257477172323e+00
-4.134453319836673302e+00
-4.630802384836163910e+00
-3.076644264854508037e+00
-3.253106995446222172e+00
-2.097202629257211903e+00
-2.882426604722780006e+00
-2.247065354548818839e+00
-2.909802943803295960e+00
-2.824749185406141727e+00
-1.844568283371579298e+00
-1.209754078899061724e+00
-4.548349248431406977e-01
-5.268881147430430900e-01
-1.546448074041400389e+00
-2.566448873992510649e+00
-1.718935102972016793e+00
-5.360610655969102467e-01
-3.059849080642987662e+00
-1.547397177217831654e+00
-1.223990330983427910e+00
-1.880809591195386155e+00
-2.671740726447212388e+00
-3.204654531938996964e+00
-2.334268992304223467e+00
-1.968378946916627292e+00
-2.782281754994071044e+00
-3.215819920466080006e+00
-2.914798330856702258e+00
-1.419102496395550084e+00
-3.087952465585930284e+00
-3.564016724387013557e+00
-1.609011365821221951e+00
-1.839845681867512184e+00
-1.698255645858237628e+00
-2.913729583294917269e+00
-1.347315327057029499e+00
-3.246209682359075366e+00
-1.664486960250290970e+00
-1.342917795981567686e+00
-2.376707309727591699e+00
-2.913599722054000196e+00
-2.498136773947907230e+00
-3.048080675495085323e+00
-3.638535789451660563e+00
-3.818638710874333597e+00
-2.234342467291871692e+00
-3.290082949563088555e+00
-2.860288911289144309e+00
-3.613487492507563736e+00
-2.841134761490303973e+00
-2.368553832857737795e+00
-1.060998945805278204e+00
-2.012058335824771227e+00
-1.104053051588016032e+00
-1.174072263702131913e+00
-1.627542806538455622e-01
-1.245993688653430631e+00
-3.017905209736189143e+00
-3.367978068576964468e+00
-1.578809018065433278e+00
-4.478300533995716037e-01
-8.355747910563717795e-01
-1.370337498987373337e+00
-1.465463381095478468e+00
-2.946925776717958634e+00
-3.632305037292313799e-01
-1.390873391967771155e+00
1.568074638110665830e-01
-1.745613104674646365e+00
-3.649272383304307255e-01
-5.588872592275011542e-01
9.418718615549792617e-02
-7.564952074243311841e-01
-8.008423570600564645e-01
-7.291216346588891284e-01
-8.732213155225956314e-01
-1.784534164735527284e-01
-1.195088249106474265e+00
4.533120379195825222e-01
8.159645235605124114e-01
-5.038812867456110567e-01
5.324560316779880509e-02
-3.763912908055546680e-01
6.029181807444539132e-01
-6.101986328364619183e-01
-9.349913997781627018e-01
-1.007569949991252933e+00
-4.382231729248946550e-01
-4.326650075022229203e-01
3.265532181587431637e-01
1.471437744060661856e-01
-8.060536347518159062e-01
-3.117907906216865754e-01
-8.613407839806699329e-01
-2.150433265293081320e-01
-8.492641593988476956e-01
6.132818370396639907e-01
-2.926920792459224430e-01
-1.217514607147389682e-01
-6.962779692082232685e-01
-2.187055604105630380e+00
1.355630554804578836e-01
9.862617401705042752e-01
6.190934067817055464e-01
1.167133780317541891e-01
8.964902876825666667e-01
-4.831314555334031979e-02
3.063395758845697259e-01
5.328136565760592802e-01
-9.369768540406457902e-01
-5.341088134322982128e-01
-1.883963855169491275e+00
-7.230052463087615067e-01
-8.685332748515772749e-01
-6.919335259313594833e-01
-6.381760528682018929e-01
-2.053468557844437825e-01
-2.174418742408144034e+00
-1.286867632742268341e+00
-1.609680774677392456e+00
-5.780601593631855550e-01
-2.008901269149348856e+00
-6.951112592507069365e-01
-1.311238597544656770e+00
-9.779918579621700303e-01
-1.526694672203817049e+00
-3.053383617306300923e+00
-1.181781513182331267e+00
-1.584746644676260807e+00
-2.176321550798549165e+00
4.704628908469210558e-02
-9.525292382391459256e-02
-5.541922469159512588e-01
-1.206337638882057028e+00
-1.471127651356676225e+00
-1.187143637215693381e+00
-1.570861449012141087e+00
-2.212574400596292179e-01
-2.007226555712730232e+00
-2.259165971018593844e+00
-2.000198995889828524e+00
-7.078953480552954147e-01
-3.202383936367780848e-01
-1.757775987745000990e+00
-1.150659858981113892e+00
-9.596442362224779643e-01
5.592462689362731609e-01
-3.306417713589580032e-01
-5.014588012650378346e-01
-1.518088269811695312e+00
-3.488160660200447793e-01
1.622808234904127289e-01
-4.994137156087292695e-01
-2.248299406724463267e-02
-1.677536563438351891e+00
-2.993173662386521272e-01
-2.399353077464464690e+00
-9.581006544676293757e-01
-2.159590242813970384e+00
-1.299965035755785259e+00
7.059528898145508435e-01
7.626326625338988308e-01
-1.019879566412136285e-01
-6.584216202954351616e-01
-9.321380541600756686e-01
-9.313879900196377903e-01
-3.747608233198054251e-01
-1.464505594807468558e+00
1.181613318336322216e+00
7.871574338297504525e-01
4.029852213802156413e-01
5.865947524677102010e-01
1.416591616081566585e+00
2.262323993598723604e+00
1.302629892369384201e+00
3.398014387560235328e-01
1.807100507186110150e+00
1.695059898780812979e-01
1.420701765945441952e+00
7.661228019644217291e-01
5.217073493628263670e-01
1.914618588617559958e+00
6.869332578998710304e-01
5.542725931727301436e-01
1.886683156693940155e+00
1.307024181703073662e+00
1.134962338574185825e+00
5.454815901505130071e-01
6.081892653784084501e-01
1.804284059858987987e+00
8.317593485040437606e-01
8.797557420585091492e-01
1.096793233696209846e+00
1.481891067646286864e+00
1.216971210411153415e+00
7.108132788964116600e-01
9.703014086678329875e-01
8.366177724406282934e-01
1.633881366966609683e+00
1.291912957820019692e+00
1.619196577172153262e+00
5.438977150698107721e-01
4.831301026607093263e-02
6.728716783815471558e-01
-1.735844594295670618e+00
-2.638962101911790370e-02
2.208159649228438326e-01
-1.509449960956050774e-01
-2.189985831315643949e-01
1.360675723124240122e+00
-7.411653658675358969e-01
8.347076849804846432e-01
5.181483855990105525e-01
-1.657874897344058240e-02
7.020983509734657346e-01
-1.967979216003303833e-01
9.537539321286185867e-01
1.812494989155004621e+00
8.490447561143956712e-01
8.032969142222805559e-01
1.526092487497237915e+00
2.551777091862110769e+00
2.000905250240180955e+00
2.132505246099879237e+00
2.593806228523037216e+00
2.552618931179361894e+00
3.170419888868622582e+00
3.089772569131003177e+00
1.539046487735807656e+00
7.649979194029126184e-01
1.802902134940402412e+00
2.504871063157311006e+00
1.477164457578871382e+00
4.109475500896366817e-01
1.604356474930679344e+00
1.765031660604794439e+00
1.295886448431139204e+00
1.050130357026192396e+00
2.290106640514091296e+00
8.637092903674625788e-01
2.135961208900602593e+00
1.070862293156888079e+00
1.359420948071793589e+00
2.658991104269152750e+00
7.279228255692720140e-01
1.581017963079197841e+00
4.867491264437657783e-01
2.584825163277028715e+00
1.144800384590826337e+00
2.332825453632736412e+00
2.265538173006423683e+00
4.328881329255919397e+00
3.249582790421606582e+00
3.054823367335569806e+00
2.099837588434410485e+00
1.959593333156561368e+00
2.293004590715190361e+00
1.760092270225920075e+00
3.489060176004729730e+00
2.186991273001542169e+00
2.462854895894185603e+00
2.281238150372841833e+00
3.525598586538423174e+00
2.096982029520762403e+00
1.851407795719000715e+00
2.336378266076283960e+00
1.981897652958910072e+00
2.579428261613192941e+00
2.627152341929234414e+00
3.121640830511471343e+00
2.250996192545938968e+00
2.417020799227523220e+00
1.354608588813494219e+00
9.314713743897944376e-01
2.252885594564766336e+00
1.968536784670225082e+00
-9.822418556852863247e-02
2.654587694611265647e-01
1.169626327041807023e+00
4.481162328436276709e-01
-1.063666632484710828e+00
1.013635854007186587e+00
8.497043846045713167e-01
5.140840685186534031e-01
-1.023175315877185021e-01
4.470354206669728825e-01
1.973420424850157673e+00
1.446331023072242150e+00
1.923666067085455289e+00
2.625714323712446951e+00
3.934098001415689438e+00
9.960108804015517237e-01
8.847948395333653515e-01
1.043230396438258101e+00
2.798634434067555965e+00
9.428037362493526530e-01
3.099906575424716149e+00
2.804348882154672928e+00
2.261319060043371021e+00
1.904406012571673301e+00
1.271459979497726600e+00
2.022712438244329558e+00
2.016885895311525623e+00
3.880551652004399887e+00
2.526347716583710490e+00
4.210992019234326200e+00
4.145473499330574185e+00
2.174713714368938344e+00
2.909326824059282224e+00
2.095050170318860427e+00
2.608897359088407253e+00
8.502120301461819629e-01
1.593019784597763611e+00
2.599588641340912609e+00
2.609237709501933011e+00
1.416475217464021608e+00
2.189144166963212346e+00
1.901702910891322595e+00
3.582305695783271737e+00
3.041016155026400991e+00
1.948499618237861108e+00
2.168665064522065755e+00
1.782205998782628864e+00
1.964517383629731384e+00
2.080317493781810523e+00
4.128777422500815142e+00
3.029115580784474737e+00
2.612409233818432597e+00
2.663151144524631420e+00
4.160734476827739670e+00
2.233083750531236866e+00
3.025188554642567418e+00
2.451301709362086800e+00
2.618464898599129675e+00
1.876612257717377386e+00
-5.306828032763535319e-01
2.258832854927906642e+00
2.221170341036553975e+00
1.267195254689938544e+00
7.338816711951716698e-01
2.245134965767078494e+00
1.018749704139311429e+00
1.306291719791317973e+00
1.136890662655418716e+00
1.473184521495787713e+00
8.109082127839464249e-01
2.235837283913288509e+00
1.967442868657547805e+00
1.286896262313017125e+00
8.650848826273476178e-01
-3.188576454436908847e-02
-1.532756756459825453e-01
4.276993252891525543e-01
9.431366472368889475e-01
-9.512577030127289390e-02
8.471169749350062617e-01
7.508867139219592701e-01
1.179219055843478969e-01
4.357575370677722049e-01
8.680998901531591372e-01
1.232481737459754978e+00
2.467301942801106485e+00
3.084318665829677286e-01
2.234777938266878650e+00
8.170126079295965127e-01
-5.162203853389826236e-01
8.570229719936310886e-01
8.623765049732501353e-01
3.608295830974723728e-01
-4.307103892102821519e-01
-6.837324742385435528e-01
-4.212116612346905598e-01
2.962750613239570896e-01
5.492287273955964721e-01
-5.468119386451064656e-02
-8.273304980005846687e-02
-1.903039911259376993e+00
1.957921273956850783e-01
-1.403508437741988857e+00
-6.264333457050996756e-01
7.388739634453997951e-01
-1.297472038447837761e-01
2.635990395025320510e-01
-5.529957409639774113e-01
7.823542384284820628e-02
-2.652556731573429971e-01
9.795466103831396154e-01
1.449022053512050157e+00
-4.562290303567069216e-01
7.891777293255870518e-01
2.067048627086697010e+00
-1.782479059888926187e-01
-1.948760633769524020e-01
9.275340145642392287e-01
-4.283212350990810435e-01
3.916136881784062496e-01
5.309632031535755914e-01
1.800564116825578154e-01
7.526845228557998979e-02
-5.817723455952510392e-01
-4.368781975368563053e-01
5.424711965670576674e-01
-3.356488357794784605e-02
4.080223239384297429e-01
5.777102945449072990e-01
6.704670307777256255e-01
-1.942564592742903606e+00
2.654519030412956226e-01
1.312725214768914128e+00
-6.889815381831843055e-01
-4.585023941952801607e-01
-2.275593857579256252e+00
-1.532276217703406829e+00
-1.854791745347986520e+00
-8.793259530444466066e-01
