4.948917061505889059e+00
5.137599472168723480e+00
4.908277615233750168e+00
4.244050032184426335e+00
2.811128288515703844e+00
4.360351171389878822e+00
4.064349456889980061e+00
4.606544866768153668e+00
4.629310587394948939e+00
3.500591430631802670e+00
6.027433886650199746e+00
5.435164180924148880e+00
4.438521987507023425e+00
2.677882117535071771e+00
3.492850146653565968e+00
5.769907934855813991e+00
5.635859395531180205e+00
5.666301975716844019e+00
3.285989629525052358e+00
5.535706466110417168e+00
3.917341262545010139e+00
3.781977199325614158e+00
3.832781340289769467e+00
3.906351513622597249e+00
4.197491019341830665e+00
3.735160172723673622e+00
4.215162734650469645e+00
3.447616523369407826e+00
3.470951832205964926e+00
3.916358233550864210e+00
3.801170100562319298e+00
4.443622835557336614e+00
5.140164721761792954e+00
5.522502780132307443e+00
5.540148615337934679e+00
4.931935810689692445e+00
3.353337080543604465e+00
3.347581605139258620e+00
4.962641666917394723e+00
4.547512743116751466e+00
3.534820468442001484e+00
2.700118410883210807e+00
4.814625143155389253e+00
4.302370272595474887e+00
4.261487083517088159e+00
4.398679280612150855e+00
3.782915424937261406e+00
6.391790690676333320e+00
4.276175859229998544e+00
4.833182733666608222e+00
3.419109586732475670e+00
3.813930206779692078e+00
1.631142379952449595e+00
4.385084559994391284e+00
4.420754311794212299e+00
4.019956546606797687e+00
4.698133722624280750e+00
3.712530007252971664e+00
4.051904345084457404e+00
3.791001688429163075e+00
3.968095697879925332e+00
3.956551179317220779e+00
3.053253020438719378e+00
2.796913267305448869e+00
3.999167363754542848e+00
3.465840121798875018e+00
3.621081650173209265e+00
3.432430023673026742e+00
3.235676784578879861e+00
3.543700666569160607e+00
3.126658323439670983e+00
2.701018920846965710e+00
3.918524712965885559e+00
3.096712602482272203e+00
3.663742527399139082e+00
4.520670191122762027e+00
4.471976909669410638e+00
3.898684755581570904e+00
3.331292539616558468e+00
5.263676121643293015e+00
5.114614401910479558e+00
3.442672742223938709e+00
5.050478652813699121e+00
4.319791405451969268e+00
4.646032912807560145e+00
3.910667844084990019e+00
5.509868623927681064e+00
5.314985551458191182e+00
5.673671673359730327e+00
4.621648818105055234e+00
4.896740647327933793e+00
4.978259600552057407e+00
6.518863911841192404e+00
6.095117814006536960e+00
5.061008704545594483e+00
5.894439400682862207e+00
6.384535191899862738e+00
5.990566207424920186e+00
5.468415969794978793e+00
5.059462339844747802e+00
6.570876049320495405e+00
5.928272031854318946e+00
5.731073408038796835e+00
4.129459433220608489e+00
5.830606643088092511e+00
3.322947760758518498e+00
3.567722617619906167e+00
3.938119005236587533e+00
3.353833406761101976e+00
3.720071278436647866e+00
3.698033199559580098e+00
3.636534345032882420e+00
3.683665358838016601e+00
4.347444905344346466e+00
4.571077002496068076e+00
3.189233043542854418e+00
3.913212689387641774e+00
3.619469646757650594e+00
3.248001619816149876e+00
3.821647310386567131e+00
2.502253467395624487e+00
3.190066447749055012e+00
1.506108796452186205e+00
2.541326800569359001e+00
2.712951483122275853e+00
2.120663743997198925e+00
1.872130923516826417e+00
2.702108364339955493e+00
2.341468273730756167e+00
1.684404352491394974e+00
2.718503402550117798e+00
2.126645120136616995e+00
2.759487437918325625e+00
3.021744857988210242e+00
3.255138330141277958e+00
4.012648746959039059e+00
2.169628036371793911e+00
4.216194151896399234e+00
3.082963892630655511e+00
2.449189071930548245e+00
1.728107859316159622e+00
1.519555232307393311e+00
1.743063049022077760e+00
5.098008375342111265e-01
1.172347382013669836e+00
1.306848201792703001e+00
1.252447361647678115e+00
1.621280800336917238e+00
2.133847015044869622e+00
5.597836561891895713e-01
2.305104600889128719e+00
1.693288774468204139e+00
1.744177033813389510e+00
2.942105152667508605e+00
1.982701712308357678e+00
2.902015399667056350e+00
6.936143121579387838e-01
1.672098228396255770e+00
2.855290619690169507e-01
6.076408817348806224e-01
7.519391305532856506e-01
6.605603663196086828e-01
-3.785013450545928748e-01
-1.054618484101220055e+00
-3.764846721406822638e-02
-1.773019272167187133e+00
-4.230590320085845235e-01
-1.521082116213137603e+00
-9.686413535957809628e-01
-8.457263545623652234e-01
-5.788235814619122621e-01
4.335644812143959470e-01
2.437300858364750411e-01
-1.354814070323308250e+00
-1.771322869597723226e+00
-1.519439908298385156e+00
-1.050320264959132999e+00
-1.622693676651927319e+00
-1.577632750955126006e+00
1.174655494727989691e-01
-7.367164005166495500e-01
-2.465244102815892013e+00
-1.231885796168188385e+00
-2.104971039761043272e-01
-1.901819462382799308e+00
-1.442745148229567675e+00
-2.014978174422217272e+00
-1.006365695272668503e+00
-8.842303732220608836e-01
-5.259715129175912551e-01
-1.494052842438685857e+00
-8.761475579489488297e-01
-1.005043460438526104e+00
-1.644135769631638766e+00
-1.779959756364752010e+00
-7.286729829063398611e-01
-1.118028451364263987e+00
6.661854066090269200e-01
-4.712167124978421384e-01
-7.742420613136502539e-02
-3.713896863621046762e-01
-4.073939752134272396e-01
-3.844144143337047126e-01
1.878334906444072416e-01
-1.154423067838284744e+00
1.162617539688621804e+00
-4.734727356738570592e-01
-7.849345983339324206e-01
1.414198434197837528e-01
-2.266863910522269876e-01
7.850717558816544539e-01
-5.982192220828377316e-01
4.138444616305161361e-01
7.293948342597555978e-02
-6.936906772269813004e-01
-1.503809157982207267e+00
3.225043276346868382e-01
-1.030695168196637646e+00
-1.421783953169734716e+00
-7.872614373212885042e-01
-9.339768766890648166e-01
-7.579421739546381431e-01
7.965443687135485007e-01
4.996842872509876798e-02
-7.346389022733008645e-01
9.305615742453481332e-01
9.184476767684746079e-01
-3.033401924003298333e-01
3.463574393509807336e-01
-6.536530093187629120e-01
-4.495981071665768880e-01
7.215206280792596516e-02
5.099540401443096727e-01
7.579363306609687712e-01
6.117156714814990792e-01
1.331177598797587791e+00
5.006688046041389839e-01
8.534493547507882028e-02
-1.338618881795330395e-01
-2.824462114895744946e-01
-3.734469374779632034e-01
-3.832655753780560559e-01
2.807126976112472860e-01
-7.298805861549038099e-01
4.214843617165193734e-01
1.030298128456002438e+00
-8.285224896564433728e-01
-8.306901172444876025e-01
8.230095860576662758e-01
5.851950689893987700e-01
9.969816649311304957e-01
-1.000620980792685799e-01
-1.013196799461166187e+01
-8.820008125895503426e+00
-9.170017364604820642e+00
-9.019307770054787454e+00
-9.017823954694792477e+00
-8.771314166976058146e+00
-9.704574390957848351e+00
-1.092394852344227019e+01
-1.028606078049844896e+01
-1.037240964796948006e+01
-1.003290442188342269e+01
-8.292686936822668997e+00
-9.493566035004105785e+00
-9.880406054312853570e+00
-8.296162906967477824e+00
-1.076405637105788315e+01
-8.934070520610104538e+00
-8.818121357150795703e+00
-8.268024729007006357e+00
-8.505383855525069592e+00
-6.506088191660077236e+00
-8.322531848229518303e+00
-8.380676880494382530e+00
-7.902072501021715212e+00
-6.900024614188826177e+00
-7.528120716271306634e+00
-8.132799355815057751e+00
-8.782657931149028485e+00
-8.021899781451088174e+00
-8.909929888467656767e+00
-8.790510091328645359e+00
-7.579349847578263244e+00
-7.906022381179475644e+00
-7.671147334210980162e+00
-8.337518558720258710e+00
-7.340116395463752497e+00
-7.390015021249098481e+00
-9.114854162801055537e+00
-6.462649199532085831e+00
-8.098066353746011359e+00
-6.396360505913460948e+00
-8.561256325421492619e+00
-7.867664374076811740e+00
-6.097118033996765440e+00
-6.783135425438059585e+00
-6.593549916397716260e+00
-7.316255810287213279e+00
-5.452410359367383386e+00
-6.210059010867587936e+00
-6.020019460656834909e+00
-7.317119552171674535e+00
-7.741328258132621265e+00
-7.328247636769268603e+00
-6.654046755620470321e+00
-6.023491911021783274e+00
-6.362707758813747283e+00
-5.445658443242668234e+00
-5.265036984212214222e+00
-6.281669616304631276e+00
-6.287777456864630743e+00
-4.775211436205327509e+00
-6.963977699013533140e+00
-7.122210502959156919e+00
-6.957507138741494401e+00
-7.412886922562478276e+00
-5.549092934535104327e+00
-8.118990089277273725e+00
-6.635638022687511572e+00
-7.698006455667448122e+00
-6.061062155609603153e+00
-7.384291271786419308e+00
-6.252672878292562686e+00
-6.813766031419850044e+00
-6.556125019690248301e+00
-4.791554169837632493e+00
-4.312413697682181635e+00
-4.819865831637795139e+00
-3.512302801591832946e+00
-5.394666008178381489e+00
-4.842050102098707676e+00
-4.688028489222402229e+00
-4.226903501222559534e+00
-4.643120944140371797e+00
-3.719740312293819517e+00
-4.480646695401912183e+00
-4.413890968260762548e+00
-4.237616076717261926e+00
-6.056440531751301926e+00
-4.776153924865282896e+00
-4.193283591675406541e+00
-6.441786191632416170e+00
-4.550937543089028203e+00
-3.606319271791311287e+00
-5.272628860853103561e+00
-5.842837545149688339e+00
-4.714058600638798779e+00
-4.920173881869108534e+00
-2.678825070297049749e+00
-4.188037679828245707e+00
-3.900101820903371763e+00
-3.961911155263167839e+00
-2.710480701124452274e+00
-4.768644215778550688e+00
-4.407911980376505667e+00
-3.364559648099226141e+00
-4.415539884294630291e+00
-4.871592239890219389e+00
-3.386294109855977119e+00
-2.654576383985165045e+00
-2.990110521258466658e+00
-3.328510010236692018e+00
-3.567039282856599769e+00
-3.494327356716284694e+00
-2.688088188535253664e+00
-3.654574492807153074e+00
-2.524910261987048710e+00
-4.012828005765464390e+00
-3.081327242280290868e+00
-2.003540256880085746e+00
-1.693981790835721313e+00
-3.282215612295667828e+00
-2.617667530921940600e+00
-3.035684519821776561e+00
-2.815393545618307236e+00
-3.394005040860981204e+00
-2.475029633806229423e+00
-1.856412434472237916e+00
-1.604494059128866112e+00
-1.788728811448418110e+00
-8.904994512143273866e-01
-1.690187317842291925e+00
-2.232093676966364626e+00
-2.575413540271627166e+00
-3.461538193133710806e-01
-2.749414035645607601e+00
-4.980915912647261301e-01
-3.043126569564569284e+00
-1.740844537392497671e+00
-9.365630013806347520e-01
-2.439245130213499202e+00
-6.493721644585059849e-01
-1.455362364265318398e+00
-6.896325647271068782e-01
-1.285442236788300274e+00
-1.653386097239035291e+00
-2.406945241668794644e+00
-3.051688353179588198e+00
-1.735785534906600702e+00
-1.430058948616297343e+00
-2.380463642417987025e+00
-3.252081869395045288e+00
-3.534831232458227390e+00
-2.030758203125375694e+00
-3.115241817065028673e+00
-2.477392204834177214e+00
-3.095294620129668939e+00
-3.248547580735210438e+00
-2.627717902119455662e+00
-4.317946401942457157e+00
-6.214572845898341136e+00
-4.372202587151040376e+00
-4.031107737440189354e+00
-4.316976593779280336e+00
-4.578822815116509126e+00
-5.196784131757737235e+00
-4.661512809194063856e+00
-4.210276500060532001e+00
-4.668352792520033212e+00
-5.070436077882871651e+00
-5.486632377639204527e+00
-4.757028672461427021e+00
-4.493480968986648172e+00
-5.244511714213816234e+00
-5.971422261646193164e+00
-5.122471886371918082e+00
-4.416857039619944025e+00
-5.738493049379397526e+00
-6.343293114682884593e+00
-4.685166870482207813e+00
-5.442821429870124739e+00
-3.407289713661817210e+00
-3.503093314734319730e+00
-4.739773141289461478e+00
-3.840014932006460047e+00
-3.881901448001317867e+00
-4.666270165876416520e+00
-4.646736771295168822e+00
-3.787138324747886031e+00
-3.186868749285848068e+00
-5.787198980228447809e+00
-3.819480606906194620e+00
-5.160834006911588112e+00
-5.136599537245310820e+00
-4.102996772396020120e+00
-5.270689897111762612e+00
-6.001417015124028254e+00
-6.539811151589454141e+00
-4.459238908503579069e+00
-4.920917909038081461e+00
-6.120516200727362133e+00
-4.760421765544329276e+00
-5.758398090104776657e+00
-5.179550667847331979e+00
-5.260354497178797217e+00
-5.381369701562876529e+00
-5.535338563869422579e+00
-6.415219838443857014e+00
-6.218516294997276539e+00
-5.554859186472071997e+00
-6.457839477425498131e+00
-4.138312808091670014e+00
-4.839405269867150139e+00
-4.945308789542542272e+00
-4.253120344216983817e+00
-4.592502928522065098e+00
-4.187352126682138298e+00
-5.295533549481211466e+00
-4.531257860082774869e+00
-4.700080693378700936e+00
-5.311061761362093847e+00
-4.542668630143547936e+00
-3.944484127883636226e+00
-4.234012348943942960e+00
-5.477860312898329198e+00
-4.153109641112596506e+00
-4.657467909913691528e+00
-4.575723700768836721e+00
-4.143426416935745316e+00
-5.214264917348976347e+00
-4.659029578755252032e+00
-6.028071298588076665e+00
-6.308290061834391338e+00
-6.629257023223752654e+00
-5.149351063824801678e+00
-5.424502269450784731e+00
-5.147270908839636228e+00
-4.234612149587920094e+00
-5.221861108306926624e+00
-6.142753556513866897e+00
-4.973908896170396332e+00
-5.099463229037963785e+00
-4.179931098145495127e+00
-4.673493730160866555e+00
-6.290372798587953618e+00
-6.566461204145046970e+00
-7.748112082686926527e+00
-7.527463917177136921e+00
-6.810947834719621063e+00
-4.279936377640263245e+00
