3.566850307316837831e-01
1.624949486492995865e-01
-4.022697402256225629e-01
-7.906647371607549157e-01
-8.106719779265619819e-01
-4.777603380276213008e-01
-5.147591582334354321e-01
-6.351414052416902711e-01
-8.663034508745671713e-01
-6.568097343990842996e-01
-3.857651387999212478e-01
-4.868233848424082799e-01
-8.515328030724234054e-01
-6.305313096293629904e-02
2.606981605604417884e-02
-3.221264767301045273e-01
-6.456036869389345512e-01
-2.306490382587905175e-01
-5.025068241289070148e-01
-7.398296929491363638e-01
-1.317288392276808828e+00
-1.298468319593883313e+00
-1.180262715838555687e+00
-1.224953978838414503e+00
-7.610982792159887156e-01
-1.333746574176692068e+00
-1.266223066804816888e+00
-7.398732168685424604e-01
-1.514294118241229503e-01
-6.560535157025760844e-01
-9.070716659952609007e-01
-2.543400881721921136e-01
4.892466819171731318e-02
-7.935831760170519722e-02
-1.152708193101065620e-01
-2.418196859745166405e-01
-6.154956365001555962e-01
-8.986476323149472645e-01
-9.329376481463145243e-01
-1.031544842410359708e+00
-1.074131946719776520e+00
-1.127324724587883020e+00
-7.379350125071959532e-01
-8.366433317723840357e-01
-6.956435831289705662e-01
-4.465759692280950044e-01
-3.401326892364571197e-01
-1.350906249866384856e-02
-1.690400291164227686e-01
-6.614246095822242655e-01
-1.081430089367313441e+00
-1.092055338662489605e+00
-1.689551289490301311e+00
-8.689179397731906507e-01
-6.697432917420595988e-01
-9.420064314990608256e-01
-6.637227659909110677e-01
-9.903849305938150493e-01
-1.545034817608875954e+00
-1.562636384362137365e+00
-1.111780296836171411e+00
-1.279144880071797941e+00
-1.925484235288591695e+00
-1.974336712923299819e+00
-1.693238336145025613e+00
-1.272578599410586930e+00
-1.065169226449695916e+00
-1.249132306327781716e+00
-1.585875511555945083e+00
-1.981593301165554433e+00
-2.009656124977138969e+00
-2.219121537587902981e+00
-1.541244271352905759e+00
-1.252106997230178820e+00
-1.093483197425229481e+00
-9.786314579942934078e-01
-1.180418746505682570e+00
-1.432807146669881959e+00
-1.615866144487012601e+00
-1.116392345115226004e+00
-9.649512591176254706e-01
-1.335868823406524353e+00
-7.919929456001308932e-01
-6.585884507149754041e-01
-5.600641215473673995e-01
-3.036780689077899220e-01
-1.218464616350956597e-01
-4.558264595057787139e-02
-2.594420488022461738e-02
-1.630723106527191546e-01
-3.086897847969993780e-01
-2.241236561900894486e-03
-4.384455077298587966e-02
5.137877047514625151e-01
8.485903789927571328e-01
1.225330163725988575e+00
1.179578981408610838e+00
9.681947891976226961e-01
8.415298880688517613e-01
4.799591028017324845e-01
4.814175106907855328e-01
6.753615364424918610e-01
2.654836795027450957e-01
-3.550096425179664061e-01
-9.572514854982165922e-01
-1.509293974286545215e+00
-1.409556823412961846e+00
-1.522837694911919115e+00
-1.439636673363217989e+00
-1.319809911958346627e+00
-1.269320886902055578e+00
-1.324547474871482278e+00
-8.073479071885437675e-01
-6.642078491213183611e-01
-8.157426627189416912e-01
-1.423321953909045590e+00
-1.364175420972128849e+00
-1.960298365750746896e+00
-2.368597560095111021e+00
-2.057034405949556888e+00
-2.399664451697381740e+00
-2.010100004206373914e+00
-2.070334581693128229e+00
-2.287961575963430860e+00
-2.637292695093278461e+00
-2.477441425251825979e+00
-2.954429754527211127e+00
-2.642908363859226561e+00
-3.293380487256012401e+00
-3.147082915794815250e+00
-2.670054697234125030e+00
-2.833351472651589376e+00
-2.823932953954628289e+00
-2.523316173671461549e+00
-2.227517787213065592e+00
-2.440176568829877990e+00
-2.657620022656668191e+00
-2.094772437076001026e+00
-1.749762482481265646e+00
-2.598475437273277677e+00
-3.161141589470515267e+00
-3.523293951447127093e+00
-3.528372331270302364e+00
-4.258963836291987270e+00
-4.335050307760277555e+00
-4.472573057898762805e+00
-3.918592587873739319e+00
-4.072593266416832947e+00
-3.590827006094578167e+00
-3.375889746193680097e+00
-3.124573303078530095e+00
-2.885741889216546063e+00
-2.931247216623050544e+00
-3.260669194711179664e+00
-3.719412429955397670e+00
-3.332392786875270296e+00
-3.700544888746376770e+00
-3.320212190250801498e+00
-4.155958455074023838e+00
-4.482276908473934895e+00
-4.357065695728352672e+00
-4.493899716154904134e+00
-5.014802035178037798e+00
-5.429368228009177955e+00
-5.835993908699609989e+00
-6.046852375078052511e+00
-6.130799346983772935e+00
-6.322506281158363883e+00
-6.144894813475223927e+00
-5.703289860437658731e+00
-5.172958723113005419e+00
-5.345189627191159865e+00
-5.539654668491034606e+00
-5.700392592441352768e+00
-6.182210472490852204e+00
-6.079712277755751515e+00
-6.239065368548726731e+00
-5.957614291128139783e+00
-5.929233808744492684e+00
-6.117291528835998804e+00
-5.841709868251203197e+00
-6.055237493241951263e+00
-5.753147664233798864e+00
-5.902578094343525095e+00
-6.518296015056169068e+00
-6.363993527507957992e+00
-6.476367794280493584e+00
-6.053938743184638760e+00
-6.088984555000196863e+00
-6.169184488128891530e+00
-6.506116689384907836e+00
-6.071600000687495502e+00
-6.371031829426120119e+00
-6.353472713481824741e+00
-5.929299432202256526e+00
-5.990537027168100437e+00
-5.533787600378624383e+00
-5.864252766342375800e+00
-5.613687908012951588e+00
-5.967502674729859180e+00
-6.039938732668879595e+00
-5.600273392499923730e+00
-5.353688360074276176e+00
-5.590451448192250261e+00
-5.821664800022474218e+00
-5.143848786157233732e+00
-5.764510809531031121e+00
-5.727451430236623509e+00
-5.584925081106721478e+00
-5.485989333663894740e+00
-4.968083101104410204e+00
-5.012352289360196167e+00
-4.893878409067281332e+00
-5.250108679569581938e+00
-5.351648221678501294e+00
-5.524941957214553945e+00
-5.766445161100332228e+00
-5.609103491273152109e+00
-5.939126820012588404e+00
-5.676648565391622547e+00
-5.451043632139466411e+00
-5.419792278204638158e+00
-5.129056775189135386e+00
-5.445410627381931157e+00
-4.690226551512473918e+00
-5.057402700849987554e+00
-4.749128801857354532e+00
-4.964059473894146812e+00
-4.842777176944252027e+00
-4.948161685773272644e+00
-5.032067857087681340e+00
-4.940148431190113598e+00
-4.784930916673346246e+00
-4.510096487975729040e+00
-4.812650338355886070e+00
-4.793784988567451499e+00
-4.792667824688680689e+00
-4.901179538194442742e+00
-5.148340172266222758e+00
-5.516968518899059148e+00
-5.252364249302237553e+00
-5.245491670272370399e+00
-5.492980820848879731e+00
-5.362522942721433594e+00
-4.902626169609988871e+00
-4.661578139553649969e+00
-4.536713551108483067e+00
-4.345421746543868480e+00
-4.405966235603954395e+00
-4.192904721210021002e+00
-4.333064864564435403e+00
-4.152556318909924826e+00
-4.071857846177133311e+00
-4.123723785931807662e+00
-3.827026282850226835e+00
-3.922909552719649362e+00
-4.217856415802804904e+00
-4.561797815070614881e+00
-4.823558239955301197e+00
-4.888380205193970873e+00
-5.177232512098820294e+00
-4.597091788030515325e+00
-4.629229056320876445e+00
-4.046516598710276469e+00
-4.254999810161794294e+00
-4.545257757969611845e+00
-4.318775280973599529e+00
-4.202576197309407569e+00
-3.204508165766848382e+00
-3.795367783435802611e+00
-3.354458358828511066e+00
-2.974583991093653346e+00
-2.910192465980229848e+00
-3.316624797836933869e+00
-3.254766803828339938e+00
-3.107434237707838776e+00
-2.749428642867417949e+00
-2.627789337739665498e+00
-2.810069355648775691e+00
-2.879794423237036494e+00
-3.219372655313216924e+00
-3.406885650483608696e+00
-3.388730920640520505e+00
-3.305275990827113652e+00
-3.086745386778232625e+00
-2.744973891270025224e+00
-2.826979774861205552e+00
-2.720140731081472474e+00
-2.555580485531926183e+00
-2.620051705069996739e+00
-2.995226715861314393e+00
-2.634482509045704468e+00
-2.459902011729785176e+00
-2.542501267277454957e+00
-2.131612522768686624e+00
-1.881328510232447293e+00
-2.111152459204152176e+00
-1.931072618463293811e+00
-1.737412142031847351e+00
-1.700862795162432883e+00
-1.665187424332496002e+00
-1.567060461449612196e+00
-1.251061173540630955e+00
-1.613174956753233191e+00
-1.593611744852030609e+00
-1.587367594311520858e+00
-1.397172284442007806e+00
-1.360517355155129948e+00
-8.265328019251171332e-01
-6.752331215402666009e-01
-9.190109396111174611e-01
-9.218674174831166246e-01
-9.041930799839625887e-01
-1.116946703850536071e+00
-1.548752265269670580e+00
-1.536813906380203321e+00
-1.596094577269047576e+00
-1.689701483807076521e+00
-1.649868018324005314e+00
-1.885851312633978649e+00
-2.184016436849701037e+00
-1.962653358698610351e+00
-1.900629446186640870e+00
-1.755699169031323059e+00
-1.437165134888357843e+00
-1.190771753350432727e+00
-1.142764616580374870e+00
-5.606187577033316938e-01
-1.549615509931450141e-01
1.042667208399575274e-01
2.248262914071524343e-01
3.602792813929099336e-01
8.287277761586115954e-01
3.274389432959452506e-01
4.777244157303235372e-01
7.400157855415608887e-01
5.263146249881242023e-01
4.667960474379166946e-01
-9.828407055979648810e-03
1.565913263025880964e-01
1.627685767144695095e-01
4.733184077086733943e-01
1.693905187895938247e-01
4.141204451696002264e-01
8.388046536522815178e-01
4.485421064167955940e-01
5.816988707469546993e-01
6.501577555685787990e-01
1.080289158248008752e+00
9.257752955624941604e-01
4.954065558541790870e-01
7.816852359145642914e-01
9.241952647803253207e-01
1.458351440139116661e+00
1.131373029926153295e+00
5.573695910028313438e-01
6.400037915957966783e-01
1.003658167030964998e+00
1.215041562779387352e+00
1.045210117818922591e+00
9.755519006883519584e-01
8.481248431964818479e-01
1.187306618655590951e+00
1.702034047972761144e+00
1.460121504326520547e+00
1.542525307110687471e+00
1.428414334853635115e+00
1.530677246646364953e+00
1.998002993086213097e+00
1.754741994709035913e+00
2.381204277242586986e+00
2.185045112326156946e+00
2.020450307761220810e+00
2.379168079436503991e+00
1.879462826732140046e+00
2.055784956202862723e+00
2.207679280563994872e+00
2.361482006067376016e+00
2.561717329614336958e+00
2.552054301766117916e+00
2.958371163918469104e+00
2.665840493864044536e+00
3.178252601677664657e+00
3.045331896083377288e+00
3.285841015140604338e+00
3.452061901319664727e+00
3.101130800885593342e+00
3.267380665919724425e+00
3.227737380487854413e+00
3.175983889567062235e+00
3.353506034337248032e+00
3.498979860403638398e+00
3.578715724651334362e+00
3.351647183979526545e+00
3.032170094377715674e+00
3.074267511585012880e+00
2.709501341752215797e+00
2.648686247521920833e+00
2.776265748248120779e+00
3.062538615178149293e+00
2.652656166356145206e+00
2.958114942622270149e+00
2.116203711877028937e+00
2.139656907637199623e+00
2.201869716468647376e+00
1.795206187914426987e+00
1.924901133558558852e+00
1.565311865625271803e+00
1.420483941505518599e+00
9.349050813193066078e-01
1.013760325397529138e+00
6.800605647169417622e-01
3.837169376060298176e-01
4.819858190167561895e-01
8.547172347692268968e-01
5.690606094877136423e-01
5.514817136917468110e-01
9.007395691789159553e-01
6.867089902231171550e-01
2.822833593817367093e-01
1.092156016729899093e-01
-2.388585446481824304e-01
-1.898164570774931725e-01
8.802561562391597594e-02
-6.456499057577244627e-02
1.767932888744158382e-01
1.476531793518187086e-01
-2.523856770880134048e-01
8.437175169449162571e-02
-5.194308511815496354e-01
-2.336766817081303849e-01
8.150044428256913998e-02
7.433002311004612839e-01
5.078847095271297185e-01
3.337800173811653059e-01
1.511841959750496178e-01
8.161251859744533821e-01
3.166020829397560576e-01
6.358756428619293244e-01
6.888006852437423833e-01
9.319209500489115117e-01
8.652523956520207227e-01
4.640821514586784269e-01
-3.314479188155960987e-02
-5.936923015279937932e-01
-4.062659667925870854e-01
-8.983724073252205011e-01
-6.380132198509449459e-01
-1.114092014963502963e+00
-7.357825237280146702e-01
-8.964327630282290515e-01
-9.003983805954992592e-01
-9.542211322358875591e-01
-7.942828516003292982e-01
-5.952144370794986150e-01
-4.183460215529377080e-01
-2.996425856349125283e-01
-1.010868196592499713e+00
-1.141314896314001182e+00
-1.059404415217932716e+00
-8.417681908811044389e-01
-8.188868852659809683e-01
-1.358246532932905204e-02
-1.320117049416572874e-01
1.232590221997290902e-01
6.448350138720097824e-02
-1.032787745449951916e-01
3.701409966798082651e-01
2.075328209588269412e-01
3.834488193258725475e-02
-2.990207499479590192e-01
-2.376216842952770525e-01
-1.382813128430287475e-01
2.987697523708600089e-01
7.875192748109156593e-01
6.584606157646368807e-01
4.392763953005537347e-01
2.512988018317556804e-01
3.418500135943909335e-01
8.400158050934181109e-01
1.897522593137608293e-01
-2.080781008957462430e-01
-4.155597292536274967e-01
-5.095345045709098741e-01
-6.788991598106686176e-01
-2.664445640783739688e-01
-1.469639001789688204e-01
4.606349173837414601e-01
2.596219900962340454e-01
3.557927138081729002e-03
9.524049303737540384e-02
1.436713070533504888e-01
-9.168159084772017908e-02
-5.566232595080696788e-01
-5.744429962645805077e-01
-1.156772093800419343e+00
-9.349428213735627713e-01
-1.203650876905243639e+00
-1.422381938627845788e+00
-1.153046818236588278e+00
-8.536888580806029081e-01
