6.519294775943532128e-02
4.439829648592653610e-01
6.190140866070594772e-01
5.732391482466684396e-01
5.322703346878190356e-01
7.894287141887755821e-01
3.236443042139954263e-01
7.970496931715439493e-01
9.923153988090144262e-01
1.153288957142421856e+00
1.537447408008343785e+00
1.181809944565298531e+00
1.471759846640656288e+00
1.275394574069021791e+00
1.492670385255021603e+00
1.766193497960432346e+00
1.508118439922307319e+00
6.617138497286856325e-01
3.987146622951603381e-01
2.979516161573997346e-02
2.163634276541837320e-01
2.126683619724503149e-01
3.317034064682741756e-02
2.742337909752570746e-02
3.542575426183353082e-01
2.306271399290923674e-01
-8.930268071993160972e-02
-4.993736927513089396e-01
-3.518346849419589084e-01
-2.599506423485724582e-01
-7.815753436348472638e-01
-7.113703577076019302e-01
-5.257663183965970433e-01
-2.914823213973976035e-01
-2.676057968797791453e-01
-2.695601379597475922e-01
-4.610183405096707765e-01
-2.154300755242058718e-01
2.063876764873063541e-01
3.043714523617399581e-01
7.997252777253802680e-01
9.885731495657609225e-01
1.135937109050730864e+00
1.609250517657143442e+00
1.627223880437788317e+00
2.223966260201004630e+00
2.434307789299740676e+00
3.110222043350959087e+00
3.142853904224366168e+00
3.169489733158024070e+00
2.822152915046778787e+00
2.353369528520799392e+00
2.947592236727041737e+00
2.940945345701157621e+00
3.032021517298289393e+00
2.675896608713031810e+00
3.064171568824719749e+00
3.656256037740222453e+00
3.939808941388718289e+00
4.132709230533046174e+00
5.036427450443563991e+00
4.880861201222919554e+00
4.829258614011171957e+00
5.311503737934227587e+00
5.050232059546530650e+00
5.484985433718694736e+00
5.074287389146793892e+00
5.866366546123169989e+00
5.624781136424426897e+00
6.106967266840766406e+00
6.581173493876552705e+00
6.406776052882948491e+00
6.354264576016962707e+00
6.334017957786739927e+00
6.386234532170392164e+00
5.948120629333772058e+00
5.825292420110577574e+00
6.106368809990165403e+00
5.793843080425569170e+00
5.949918179023516274e+00
5.909843097034563897e+00
5.832771935638797700e+00
5.929627521980689764e+00
5.999504508370151257e+00
6.361820458535285105e+00
6.136336798024970562e+00
6.863129312236614155e+00
7.039737551037394070e+00
6.655196853487889364e+00
6.660334322926354744e+00
6.642171142825127106e+00
6.643599452402910721e+00
6.447329547554291551e+00
6.703499592814356589e+00
7.041133396503348685e+00
6.764584282877509125e+00
6.782467373284574386e+00
7.086766802997580328e+00
6.383872514297885381e+00
6.095373842573712508e+00
6.242468467910851082e+00
6.176404939205751177e+00
6.154862782509541219e+00
5.907149209445216265e+00
5.877886213109909441e+00
5.389724785842230581e+00
5.507344999808079677e+00
5.640895555546231677e+00
5.707082103833003295e+00
5.566244191701216870e+00
5.518285652481964121e+00
5.688366707946205914e+00
5.792306662087907121e+00
6.150850878566795465e+00
6.470020995970499733e+00
6.138854595926933833e+00
6.282177825374232860e+00
6.594940054495242343e+00
6.794261620322059159e+00
6.509893003493147035e+00
6.544411558669129825e+00
6.801950658370752301e+00
6.724930940409675095e+00
6.834024995284047499e+00
7.225673838454680364e+00
7.731608387951589556e+00
7.853380978089035125e+00
7.608952012615595173e+00
7.753878083180588909e+00
7.919720637240847516e+00
7.679248354454482950e+00
7.878026819972824057e+00
7.942423181390999787e+00
7.609555554302582792e+00
7.855403839225918894e+00
7.869934780806313590e+00
7.931404996818260500e+00
8.076229910156676794e+00
7.804113053907610897e+00
7.524915996171460897e+00
7.017182260907167013e+00
7.192211919136134668e+00
6.962627558788521576e+00
6.797795840271451340e+00
6.601928131878332273e+00
6.674123136147977142e+00
6.352619919902553924e+00
6.697699916159355560e+00
6.681661044517523074e+00
6.553123811039778701e+00
6.350436897163665328e+00
6.066394436825383707e+00
5.863350149546286083e+00
5.377727478846136222e+00
5.804908329570787728e+00
5.467913741697775443e+00
5.839046776783196613e+00
5.580186672435701212e+00
5.493399239921205712e+00
5.572054598540900905e+00
5.039409435452602004e+00
5.539036585873465590e+00
6.145481784753485499e+00
5.939092809554236574e+00
6.189309233299328028e+00
5.818546968264314501e+00
6.108887101058929403e+00
5.627289803136570789e+00
5.888233942688547273e+00
5.886037312773744645e+00
5.869621939212611217e+00
5.599113775416659777e+00
5.874418041045434968e+00
5.847108403592729431e+00
5.993780673447064444e+00
6.007672146230707000e+00
5.820932219369982619e+00
5.966177877754033965e+00
6.328873673049574933e+00
6.411196219091368498e+00
6.193038960230400569e+00
6.794961246528369081e+00
6.856895262227334698e+00
7.265503612858806193e+00
7.650538539306372066e+00
7.696519731036205236e+00
7.859356808836049701e+00
7.056764735811086098e+00
7.174532380086958483e+00
7.266610102101596524e+00
6.781122369883281209e+00
7.369626660787157668e+00
7.254658174787758540e+00
7.365165701416620081e+00
7.290100726929255259e+00
6.805895386615362419e+00
6.576494127088076347e+00
6.536206755678619196e+00
6.248228320633944399e+00
6.031334877781243442e+00
5.620156078600176741e+00
