-4.293084088035431511e-01
1.521817508091809490e-01
1.700949363496759015e-01
6.701983738681093206e-01
1.142869220996495905e+00
1.234441349374507224e+00
1.293916806334294067e+00
1.388744947416264308e+00
1.047661606361659725e+00
8.903360141052341081e-01
6.088962478440431703e-01
6.230424405427262835e-01
9.558830351899468836e-01
1.263848113752887414e+00
7.323056746945436624e-01
6.751359497763129713e-01
4.758464584284026744e-01
8.862108066927510963e-01
1.171510296922135819e+00
1.012910821789695826e+00
1.397946223627918982e+00
1.228261786440536962e+00
1.105296221582943827e+00
1.167026754667624289e+00
1.294708296476323461e+00
1.091618439903848881e+00
1.150864097409048714e+00
6.586563216171656965e-01
8.740898132862223724e-01
1.416340372201995823e+00
1.575497455088244569e+00
1.904225159297811221e+00
2.112689682669047109e+00
2.485892813600004470e+00
2.145424266523194401e+00
2.023668252766407161e+00
1.707300040737098179e+00
1.633580288690650528e+00
1.531841171835345516e+00
1.447027123542421467e+00
1.076846814590272317e+00
9.491669526911601373e-01
1.145856160909165755e+00
1.154832960044616330e+00
1.371191641484473145e+00
1.016909713439600793e+00
1.247708855153867535e+00
8.117702766929100200e-01
6.249779211990269534e-01
1.118546928132525764e+00
1.061322206712983718e+00
6.178632429081727384e-01
7.877081056067217757e-01
1.008420453292095953e+00
1.393466743351587489e+00
1.140472148237070993e+00
1.119038737387472837e+00
1.368220151047446098e+00
1.211867592048123887e+00
1.272022135577974167e+00
9.927036749074595878e-01
1.495830068215065589e+00
1.551427714507366273e+00
9.940939837023722303e-01
1.115326175885328785e+00
9.240228867355850806e-01
9.410271765982384240e-01
1.009864968449863287e+00
9.999250116674462951e-01
1.606563578644604418e+00
1.248522236042405087e+00
1.758620567654363365e+00
1.681537917714646557e+00
1.506472399956574337e+00
1.224530437316940112e+00
1.382395490934543503e+00
1.356660458233495792e+00
7.689339334075090404e-01
5.550912185104334151e-01
6.652395644589398360e-01
-3.126836033666113845e-01
-4.078865983801494011e-02
-3.263549250437766669e-01
-3.963026230061963973e-01
-2.097165364067012649e-01
-4.538546473828009020e-02
-1.773763837121911102e-01
-7.463523265256186701e-01
-8.816782825978422000e-01
-1.368056174762224408e-01
-8.846998263379998728e-02
-9.580760507096003353e-02
2.919627841789418365e-01
5.392598675835635902e-03
-1.217183303812333917e-01
3.268899644015374473e-02
-4.716740498215392652e-01
-4.277238737253251100e-01
-4.109403514237772170e-01
-1.304215535109752300e-01
-4.190145589982029184e-02
-1.681191761063342005e-01
-1.709507885494745416e-01
-3.460895875428922630e-01
3.953421107984326777e-01
5.292797273597149577e-01
4.330012162298726430e-01
5.798822911893469767e-01
2.293308819461899462e-01
3.496086956880735119e-01
4.957419227913906212e-02
-1.214247101063377909e-01
5.689696551301048899e-02
7.917101442539846712e-01
5.300369138941156688e-01
2.088192042199595311e-01
-5.619069242061855984e-01
-4.135548021684234410e-01
7.758617123593025688e-02
3.670020490388304912e-01
8.041455412887358323e-01
9.153043893086484362e-01
1.035755524402360628e+00
1.111357265137160155e+00
1.172536718353116791e+00
3.686441701021584416e-01
6.772643106256746037e-01
1.314083373342964656e+00
1.445902712350255248e+00
1.933467888114100974e+00
1.861181491248088182e+00
2.185034215557406068e+00
2.316930446537653676e+00
1.500156664195902989e+00
1.355041549127682154e+00
1.171820185975937401e+00
5.093335929592761602e-01
2.867083717498671303e-01
1.088498473432834290e-01
-6.109043587709109824e-01
-1.047364838956083455e+00
-1.322716409693943884e+00
-1.344913672904417545e+00
-8.545220004536759895e-01
-7.434630748984474291e-01
-4.978123981439932511e-01
-7.149088229429172436e-01
-7.878265600527789569e-01
-1.148692902042327546e+00
-3.248174278618596311e-01
-2.936753501399987365e-01
5.547331870518417141e-01
-2.037140466451410337e-01
-2.056875231151968908e-01
-2.507419243280523125e-02
-9.510388095517066306e-03
1.398080220104706284e-01
2.101423871470721183e-01
6.436485571336003630e-02
4.897615918101839994e-02
-3.361992972102719746e-01
-2.798391715822312054e-01
-1.904929240705401650e-01
-4.725830096395374769e-01
-3.950164392167011540e-01
-3.477701905189306553e-01
-1.523099183260893386e-01
-7.250962218707841800e-02
-1.961502924101791723e-01
-3.514219251548816869e-01
-6.905038665452684077e-01
-3.581733869134963166e-01
-1.009433269132624433e+00
-1.216960617363193276e+00
-1.232875407643208465e+00
-1.119799592719688652e+00
-1.602801842708968083e+00
-1.696244786166251517e+00
-1.818276786541593859e+00
-1.234798004630603963e+00
-1.642796884020391701e+00
-1.794338351639332529e+00
-1.512974969222110166e+00
-1.627148832898982933e+00
-1.474877182655712549e+00
-1.697954478342148743e+00
-1.371993396106311769e+00
-1.790861275894571669e+00
-1.397268984283521531e+00
-1.029412078990517676e+00
-9.814958089238997596e-01
-3.633924288472927255e-01
1.384473597875017781e-01
5.870130677821261411e-01
7.438399275241505126e-01
5.738030335063983856e-01
4.129063928294963715e-01
1.489761510888359952e-01
-4.634476912975921126e-01
-8.166221120594941985e-01
-7.207854408565511628e-01
-6.448413807099440120e-01
-1.377923189194347309e+00
-1.548807240113360573e+00
-1.079365138006266323e+00
-1.559812155648752086e+00
-1.480819934210390709e+00
-1.552734471718082210e+00
-1.484680621559333336e+00
-1.676649465103429382e+00
-1.688931424411977078e+00
-1.297777122735763733e+00
-1.197551153286291692e+00
-6.585427355109924052e-01
-1.176578786173336333e+00
-1.063543920072428817e+00
-1.515667338179022217e+00
-2.323986184492019103e+00
-1.946400824360857706e+00
-2.222544979336917415e+00
-2.015029502893750823e+00
-1.582293595783953233e+00
-1.670933007560726491e+00
-9.373729429557330350e-01
-8.633744797087052891e-01
-1.097074659883290559e+00
-1.572789144341848022e+00
-2.224336470255799281e+00
-2.052031284894730412e+00
-2.455006719049879216e+00
-2.531150003957962191e+00
-2.849235818183707192e+00
-2.435254085678702829e+00
-2.296575516203388734e+00
-1.844062378678057668e+00
-1.808014626099156308e+00
-1.679734705513438398e+00
-2.373855157990672371e+00
-2.314859673076220759e+00
-2.557272787777729484e+00
-2.394745238343292115e+00
-2.261096408999619722e+00
-2.343300818937947838e+00
-2.569987564491462706e+00
-3.008175985518107165e+00
-3.671764769325854605e+00
-4.053208966554546322e+00
-3.807197455555424437e+00
-3.689118483044950825e+00
-4.043414506456410429e+00
-4.768472019705595422e+00
-4.853442657681692474e+00
-4.812294148232079571e+00
-4.690416462582980728e+00
-5.147623495792307047e+00
-4.900996583026065778e+00
-5.095278532494603496e+00
-4.670859373472963760e+00
-5.004922020998264109e+00
-4.991914878241825448e+00
-5.019395941093258706e+00
-5.020741290498100362e+00
-4.921011458173981445e+00
-5.612957017640344937e+00
-5.434425594356526723e+00
-5.377029342581832516e+00
-5.361713373446233000e+00
-4.988436260239399900e+00
-4.955823432233615655e+00
-5.090962619008387868e+00
-4.005017782147724859e+00
-3.787777260922230660e+00
-3.595066484068380142e+00
-3.596278513475501537e+00
-3.376753659533907825e+00
-3.237641744563193313e+00
-3.133168776781743325e+00
-3.092747653161942889e+00
-2.755590434521588250e+00
-2.768756656441308639e+00
-2.522916183332371443e+00
-2.300635486465462787e+00
-2.639524458461655065e+00
-2.090628844092542238e+00
-1.853717320654138856e+00
-1.818565214320282619e+00
-2.103568151910947037e+00
-2.423216862988866183e+00
-2.378952530551216693e+00
-2.742473490535904279e+00
-2.659648221453313255e+00
-2.387058214038475512e+00
-2.250626406529892432e+00
-2.194102944812189371e+00
-2.503805474078030446e+00
-2.271828483527555509e+00
-2.448453138908535553e+00
-2.049757498958477253e+00
-2.214786239326630213e+00
-2.059154353983587260e+00
-2.009171705556108023e+00
-2.278114697405017264e+00
-2.276576203392070674e+00
-1.788541091891929558e+00
-1.609944526085488548e+00
-1.199603010420557503e+00
-1.045524499100408233e+00
-6.601669815260253760e-01
-3.887094638920370326e-01
-3.589106031402459207e-01
-9.925529005877927746e-01
-9.931171131937096552e-01
-9.974581403979307925e-01
-1.042979375181254831e+00
-1.362491811741445957e+00
-1.881489738805333767e+00
-2.352996376297138870e+00
-2.768746312663957543e+00
-2.398174820170149157e+00
-2.234695047202258422e+00
-2.617750797869182744e+00
-2.542392702547398464e+00
-2.549374540934561395e+00
-2.514776529707370756e+00
-2.662759126221618811e+00
-2.724707417196138959e+00
-3.493523992558897895e+00
-3.439413901220758518e+00
-3.856306445596005439e+00
-3.567473510198141184e+00
-3.781674792139540386e+00
-3.414967038854091363e+00
-3.297992270428057981e+00
-3.264430990269402422e+00
-3.577559884883473984e+00
-3.172606052205137583e+00
-2.886855245846787099e+00
-2.507288783205912530e+00
-2.651073956860579450e+00
-2.494976306677479272e+00
-2.677074901548439634e+00
-2.259117486450492152e+00
-1.740699177600667724e+00
-1.901189150138259176e+00
-1.750542466165327271e+00
-1.037842360893936444e+00
-1.006378273728403494e+00
-8.690916890077762247e-01
-9.122983032791313063e-01
-1.210545887985785551e+00
-1.120092857827405197e+00
-1.115163155649951721e+00
-8.498310035352211189e-01
-9.458738060943808756e-01
-7.758491625703947125e-01
-6.743681013523156187e-01
-1.045590875880241466e+00
-7.597945083481804085e-01
-1.023806743451321388e+00
-8.299413577250751572e-01
-1.021476054620129359e+00
-8.770755121464139936e-01
-7.195518773334388385e-01
-1.304831496692841375e+00
-1.314176028754421299e+00
-1.277879583730824109e+00
-4.981765346884176049e-01
-7.969411335357110548e-01
-3.823187766696338197e-01
-5.931519136394842739e-01
-7.977819632860277954e-01
-1.052604642418013325e+00
-9.062699796253110840e-01
-6.618920988090521984e-01
-1.246574006172253668e+00
-1.512067328235900732e+00
-1.929811770327851672e+00
-1.769800286073432982e+00
-1.893274928130359802e+00
-1.909692965279544907e+00
-1.530066916006010080e+00
-1.712555865935175392e+00
-1.527033174055660858e+00
-1.305206883258852368e+00
-1.803538606930362054e+00
-2.029617446797436386e+00
-2.210414691948106913e+00
-1.679722547586978587e+00
-2.329025636410158029e+00
-2.151031170370945933e+00
-1.977003838093645216e+00
-2.209354911722786863e+00
-1.795901292447324549e+00
-1.992296225075600891e+00
-1.764174943576953369e+00
-1.591016921433716647e+00
-1.534888085362934085e+00
-1.642929977145095588e+00
-1.576178328584712851e+00
-1.720498529077909566e+00
-1.315170369306236875e+00
-1.708670408104496996e+00
-1.801033914115202306e+00
-1.400524059264924182e+00
-1.382113089637117875e+00
-9.529901550258115250e-01
-1.342387717153844306e+00
-1.590412628002349615e+00
-1.269566732263967657e+00
-1.283451651298907592e+00
-1.677786742548333265e+00
-1.799974264944738112e+00
-1.966425522430470973e+00
-1.847858841340535019e+00
-2.317092669760177692e+00
-2.505974540322573496e+00
-2.511470186124419968e+00
-2.794872678052383819e+00
-2.980335910601825233e+00
-3.135030264931217836e+00
-3.156202711270497563e+00
-3.741177692131381960e+00
-3.294157798855026797e+00
-3.412585733860120651e+00
-3.307911277927831240e+00
-3.221507965230054449e+00
-3.240172514912077695e+00
-3.248905565415058927e+00
-3.077790781233963990e+00
-3.302730346281216978e+00
-2.751260047959709354e+00
-2.667055454463516551e+00
-2.950589017412477588e+00
-2.935468985541352716e+00
-3.326570543115016321e+00
-3.952676179599947215e+00
-4.045293575274727438e+00
-4.289762967900782265e+00
-4.287921824064611087e+00
-4.692446569642862109e+00
-4.551472796161798229e+00
-4.294367062707666882e+00
-4.037893616855754431e+00
-4.118717082034628163e+00
-3.655634897724297616e+00
-2.973260974730503214e+00
-3.084100795019944385e+00
-2.913075273475440152e+00
-3.478940273671008665e+00
-3.117401918250020110e+00
-2.667101068322025981e+00
-2.373783527908210456e+00
-2.287836020350767274e+00
-2.536868114273731045e+00
-2.739989895155153565e+00
-2.711718718293849584e+00
-2.471040821766982809e+00
-3.056141089727717919e+00
-3.029520310512293424e+00
-2.854512525443356985e+00
-2.299751961151519808e+00
-2.459541046358243221e+00
-2.131515864023184825e+00
-2.127651950772847300e+00
-2.242403969733244296e+00
-1.632517052052563589e+00
-1.208667486444740868e+00
-1.236094860894764391e+00
-1.449763706771207250e+00
-1.735517118705269812e+00
-1.453549961715119743e+00
-1.758659354143510045e+00
-2.160271457316120358e+00
-1.747766214411434316e+00
-1.851148289710248029e+00
-1.579875650345822446e+00
-2.036216867610059822e+00
-1.841063534237527666e+00
-2.160107597879303398e+00
-2.259338003116237559e+00
-2.418143393735427082e+00
-2.209634065370451150e+00
-2.325088515146072510e+00
-2.821336430605110301e+00
-3.149310794759246690e+00
-3.252254216382861607e+00
-3.417671288038430788e+00
-2.853579376054984795e+00
-3.418144593645219942e+00
-3.458378923987504905e+00
-3.560450343723246647e+00
-3.625350667933881610e+00
-4.116858967583071127e+00
-4.367850085994047227e+00
-4.254668917608404932e+00
-4.625565125257616650e+00
-4.241223712408607405e+00
-4.250452153863005123e+00
-4.833785699784276524e+00
-5.042714640414676097e+00
-5.246547548196710764e+00
