4.747054631534158631e+00
5.047241169338216871e+00
5.235923580001051292e+00
5.006601723066077980e+00
4.342374140016754147e+00
2.909452396348031211e+00
4.458675279222205745e+00
4.162673564722306985e+00
4.704868974600480591e+00
4.727634695227276751e+00
3.598915538464130037e+00
6.125757994482526669e+00
5.533488288756475804e+00
4.536846095339350349e+00
2.776206225367398694e+00
3.591174254485893336e+00
5.868232042688140915e+00
5.734183503363507128e+00
5.764626083549170943e+00
3.384313737357379726e+00
5.634030573942744979e+00
4.015665370377337950e+00
3.880301307157941970e+00
3.931105448122096391e+00
4.004675621454924617e+00
4.295815127174157588e+00
3.833484280556000989e+00
4.313486842482797456e+00
3.545940631201735194e+00
3.569275940038292294e+00
4.014682341383191577e+00
3.899494208394646666e+00
4.541946943389664426e+00
5.238488829594119878e+00
5.620826887964634366e+00
5.638472723170262491e+00
5.030259918522020257e+00
3.451661188375932277e+00
3.445905712971586432e+00
5.060965774749721646e+00
4.645836850949078389e+00
3.633144576274329296e+00
2.798442518715538618e+00
4.912949250987717065e+00
4.400694380427802699e+00
4.359811191349415083e+00
4.497003388444478666e+00
3.881239532769588774e+00
6.490114798508661131e+00
4.374499967062326355e+00
4.931506841498935145e+00
3.517433694564803481e+00
3.912254314612019446e+00
1.729466487784777184e+00
4.483408667826719096e+00
4.519078419626540111e+00
4.118280654439125499e+00
4.796457830456607674e+00
3.810854115085299476e+00
4.150228452916785216e+00
3.889325796261490886e+00
4.066419805712253144e+00
4.054875287149548591e+00
3.151577128271047190e+00
2.895237375137776681e+00
4.097491471586870659e+00
3.564164229631202829e+00
3.719405758005537077e+00
3.530754131505354554e+00
3.334000892411207673e+00
3.642024774401488418e+00
3.224982431271998795e+00
2.799343028679293521e+00
4.016848820798212927e+00
3.195036710314600015e+00
3.762066635231466893e+00
4.618994298955089839e+00
4.570301017501738450e+00
3.997008863413898716e+00
3.429616647448886280e+00
5.362000229475620827e+00
5.212938509742807369e+00
3.540996850056266521e+00
5.148802760646026933e+00
4.418115513284297080e+00
4.744357020639887956e+00
4.008991951917317387e+00
5.608192731760008876e+00
5.413309659290518994e+00
5.771995781192058139e+00
4.719972925937383046e+00
4.995064755160261605e+00
5.076583708384385218e+00
6.617188019673520216e+00
6.193441921838864772e+00
5.159332812377922295e+00
5.992763508515190018e+00
6.482859299732190550e+00
6.088890315257247998e+00
5.566740077627306604e+00
5.157786447677075614e+00
6.669200157152823216e+00
6.026596139686646758e+00
5.829397515871123758e+00
4.227783541052936300e+00
5.928930750920419435e+00
3.421271868590845866e+00
3.666046725452233979e+00
4.036443113068914457e+00
3.452157514593428900e+00
3.818395386268974789e+00
3.796357307391907021e+00
3.734858452865210232e+00
3.781989466670343969e+00
4.445769013176674278e+00
4.669401110328395887e+00
3.287557151375181785e+00
4.011536797219968697e+00
3.717793754589977961e+00
3.346325727648477244e+00
3.919971418218894499e+00
2.600577575227951854e+00
3.288390555581382380e+00
1.604432904284513794e+00
2.639650908401686813e+00
2.811275590954603665e+00
2.218987851829526736e+00
1.970455031349154229e+00
2.800432472172283305e+00
2.439792381563083978e+00
1.782728460323722786e+00
2.816827510382445610e+00
2.224969227968944807e+00
2.857811545750653437e+00
3.120068965820538054e+00
3.353462437973605770e+00
4.110972854791366871e+00
2.267952144204121723e+00
4.314518259728727045e+00
3.181288000462983767e+00
2.547513179762876501e+00
1.826431967148487878e+00
1.617879340139721567e+00
1.841387156854406015e+00
6.081249453665389382e-01
1.270671489845997648e+00
1.405172309625030813e+00
1.350771469480005926e+00
1.719604908169245494e+00
2.232171122877197877e+00
6.581077640215178270e-01
2.403428708721457419e+00
1.791612882300532839e+00
1.842501141645718210e+00
3.040429260499837305e+00
2.081025820140686378e+00
3.000339507499385050e+00
7.919384199902674837e-01
1.770422336228584470e+00
3.838531698013456506e-01
7.059649895672093223e-01
8.502632383856143505e-01
7.588844741519373827e-01
-2.801772372222632868e-01
-9.562943762688904670e-01
6.067564061826136168e-02
-1.674695164334857544e+00
-3.247349241762549354e-01
-1.422758008380808015e+00
-8.703172457634513748e-01
-7.474022467300356354e-01
-4.804994736295826741e-01
5.318885890467255351e-01
3.420541936688046292e-01
-1.256489962490978662e+00
-1.672998761765393638e+00
-1.421115800466055568e+00
-9.519961571268034106e-01
-1.524369568819597731e+00
-1.479308643122796418e+00
2.157896573051285571e-01
-6.383922926843199619e-01
-2.366919994983562425e+00
-1.133561688335858797e+00
-1.121729961437747392e-01
-1.803495354550469720e+00
-1.344421040397238087e+00
-1.916654066589887684e+00
-9.080415874403389154e-01
-7.859062653897312956e-01
-4.276474050852616671e-01
-1.395728734606356269e+00
-7.778234501166192416e-01
-9.067193526061965159e-01
-1.545811661799309178e+00
-1.681635648532422422e+00
-6.303488750740102731e-01
-1.019704343531934398e+00
7.645095144413565080e-01
-3.728926046655125504e-01
2.089990170096456268e-02
-2.730655785297750882e-01
-3.090698673810976516e-01
-2.860903065013751245e-01
2.861575984767368297e-01
-1.056098960005955156e+00
1.260941647520951392e+00
-3.751486278415274711e-01
-6.866104905016028326e-01
2.397439512521133409e-01
-1.283622832198973995e-01
8.833958637139840420e-01
-4.998951142505081435e-01
5.121685694628457242e-01
1.712635912583051478e-01
-5.953665693946517123e-01
-1.405485050149877679e+00
4.208284354670164262e-01
-9.323710603643080574e-01
-1.323459845337405127e+00
-6.889373294889589161e-01
-8.356527688567352286e-01
-6.596180661223085551e-01
8.948684765458780888e-01
1.482925365574283560e-01
-6.363147944409712764e-01
1.028885682077677721e+00
1.016771784600804196e+00
-2.050160845680002453e-01
4.446815471833103217e-01
-5.553289014864333240e-01
-3.512739993342472999e-01
1.704761706402555532e-01
6.082781479766392607e-01
8.562604384932983592e-01
7.100397793138286673e-01
1.429501706629917379e+00
5.989929124364685720e-01
1.836690433074084083e-01
-3.553778034720345147e-02
-1.841221036572449066e-01
-2.751228296456336153e-01
-2.849414675457264678e-01
3.790368054435768741e-01
-6.315564783225742218e-01
5.198084695488489615e-01
1.128622236288332026e+00
-7.301983818241137847e-01
-7.323660094121580144e-01
9.213336938899958639e-01
6.835191768217283581e-01
1.095305772763460084e+00
-1.737990246938991845e-03
-3.364388677933183303e-02
1.278315981936826162e+00
9.283067432275098341e-01
1.079016337777541246e+00
1.080500153137537112e+00
1.327009940856272330e+00
3.937497168744803488e-01
-8.256244156099405984e-01
-1.877366726661184870e-01
-2.740855401371504740e-01
6.541968594890779087e-02
1.805637171009661479e+00
6.047580728282238027e-01
2.179180535194751300e-01
1.802161200864850876e+00
-6.657322632255535666e-01
1.164253587222225494e+00
1.280202750681533441e+00
1.830299378825323231e+00
1.592940252307259996e+00
3.592235916172252352e+00
1.775792259602810841e+00
1.717647227337947058e+00
2.196251606810614376e+00
3.198299493643503411e+00
2.570203391561022954e+00
1.965524752017271837e+00
1.315666176683301547e+00
2.076424326381241414e+00
1.188394219364673265e+00
1.307814016503684673e+00
2.518974260254066344e+00
2.192301726652854388e+00
2.427176773621348982e+00
1.760805549112071322e+00
2.758207712368577091e+00
2.708309086583231551e+00
9.834699450312744951e-01
3.635674908300244201e+00
2.000257754086318229e+00
3.701963601918869085e+00
1.537067782410837857e+00
2.230659733755517848e+00
4.001206073835564148e+00
3.315188682394270447e+00
3.504774191434612884e+00
2.782068297545116309e+00
4.645913748464946202e+00
3.888265096964741652e+00
4.078304647175494679e+00
2.781204555660655053e+00
2.356995849699708323e+00
2.770076471063060986e+00
3.444277352211859711e+00
4.074832196810546314e+00
3.735616349018582305e+00
4.652665664589661354e+00
4.833287123620115366e+00
3.816654491527697868e+00
3.810546650967698401e+00
5.323112671627002079e+00
3.134346408818796892e+00
2.976113604873172669e+00
3.140816969090835187e+00
2.685437185269851312e+00
4.549231173297225261e+00
1.979334018555055197e+00
3.462686085144818016e+00
2.400317652164881466e+00
4.037261952222726435e+00
2.714032836045910280e+00
3.845651229539766902e+00
3.284558076412479544e+00
3.542199088142081287e+00
5.306769937994697095e+00
5.785910410150147953e+00
5.278458276194534449e+00
6.586021306240496642e+00
4.703658099653948099e+00
5.256274005733621912e+00
5.410295618609927359e+00
5.871420606609770054e+00
5.455203163691957791e+00
6.378583795538510515e+00
5.617677412430417405e+00
5.684433139571567040e+00
5.860708031115067662e+00
4.041883576081027662e+00
5.322170182967046692e+00
5.905040516156923047e+00
3.656537916199913862e+00
5.547386564743301385e+00
6.492004836041018301e+00
4.825695246979226027e+00
4.255486562682641249e+00
5.384265507193530809e+00
5.178150225963221054e+00
7.419499037535279840e+00
5.910286428004083881e+00
6.198222286928957381e+00
6.136412952569161305e+00
7.387843406707877314e+00
5.329679892053778900e+00
5.690412127455823921e+00
6.733764459733103891e+00
5.682784223537699297e+00
5.226731867942110199e+00
6.712029997976352469e+00
7.443747723847163655e+00
7.108213586573862486e+00
6.769814097595637570e+00
6.531284824975729819e+00
6.603996751116044450e+00
7.410235919297075924e+00
6.443749615025176070e+00
7.573413845845280434e+00
6.085496102066865198e+00
7.016996865552037832e+00
8.094783850952243398e+00
8.404342316996608275e+00
6.816108495536662204e+00
7.480656576910389433e+00
7.062639588010553027e+00
7.282930562214022352e+00
6.704319066971348384e+00
7.623294474026099721e+00
8.241911673360091228e+00
8.493830048703463476e+00
8.309595296383911034e+00
9.207824656618001313e+00
8.408136789990038551e+00
7.866230430865964962e+00
7.522910567560701978e+00
9.752170288518957619e+00
7.348910072186722431e+00
9.600232516567603014e+00
7.055197538267760748e+00
8.357479570439831917e+00
9.161761106451695724e+00
7.659078977618830386e+00
9.448951943373824491e+00
8.642961743567010302e+00
9.408691543105222266e+00
8.812881871044028870e+00
8.444938010593293853e+00
7.691378866163534944e+00
7.046635754652741390e+00
8.362538572925728886e+00
8.668265159216032245e+00
7.717860465414342563e+00
6.846242238437284300e+00
6.563492875374102198e+00
8.067565904706953006e+00
6.983082290767301359e+00
7.620931902998151486e+00
7.003029487702660205e+00
6.849776527097118262e+00
7.470606205712873482e+00
5.780377705889872431e+00
3.883751261933988452e+00
5.726121520681289212e+00
6.067216370392140234e+00
5.781347514053049252e+00
5.519501292715820462e+00
4.901539976074592353e+00
5.436811298638265733e+00
5.888047607771797587e+00
5.429971315312296376e+00
5.027888029949457938e+00
4.611691730193125061e+00
5.341295435370902567e+00
5.604843138845681416e+00
4.853812393618513354e+00
4.126901846186135536e+00
4.975852221460411506e+00
5.681467068212385563e+00
4.359831058452932062e+00
3.755030993149445440e+00
5.413157237350121775e+00
4.655502677962204849e+00
6.691034394170512378e+00
6.595230793098009414e+00
5.358550966542868110e+00
6.258309175825869097e+00
6.216422659831011721e+00
5.432053941955913068e+00
5.451587336537160766e+00
6.311185783084443557e+00
6.911455358546481520e+00
4.311125127603881779e+00
6.278843500926134524e+00
4.937490100920741476e+00
4.961724570587018768e+00
5.995327335436309468e+00
4.827634210720566976e+00
4.096907092708301334e+00
3.558512956242875447e+00
5.639085199328750519e+00
5.177406198794248127e+00
3.977807907104967455e+00
5.337902342287999424e+00
4.339926017727552932e+00
4.918773439984997609e+00
4.837969610653532371e+00
4.716954406269453060e+00
4.562985543962907009e+00
3.683104269388472574e+00
3.879807812835053049e+00
4.543464921360257591e+00
3.640484630406831013e+00
5.960011299740659574e+00
5.258918837965179449e+00
5.153015318289787317e+00
5.845203763615345771e+00
5.505821179310264490e+00
5.910971981150191290e+00
4.802790558351118122e+00
5.567066247749554719e+00
5.398243414453628652e+00
4.787262346470235741e+00
5.555655477688781652e+00
6.153839979948693362e+00
5.864311758888386628e+00
4.620463794934000390e+00
5.945214466719733082e+00
5.440856197918638060e+00
5.522600407063492867e+00
5.954897690896584272e+00
4.884059190483353241e+00
5.439294529077077556e+00
4.070252809244252923e+00
3.790034045997938250e+00
3.469067084608577378e+00
4.948973044007527911e+00
4.673821838381544858e+00
4.951053198992693360e+00
5.863711958244408606e+00
4.876462999525402964e+00
3.955570551318462247e+00
5.124415211661933256e+00
4.998860878794365803e+00
5.918393009686834461e+00
5.424830377671463033e+00
3.807951309244375526e+00
3.531862903687282174e+00
2.350212025145403061e+00
2.570860190655192223e+00
3.287376273112708525e+00
