-4.524226514939324595e+00
-4.005317556444924598e+00
-5.060476340510387416e+00
-4.437495801163135134e+00
-4.148026061841469492e+00
-4.991384722226826831e+00
-4.207561200539961632e+00
-3.697246843213723988e+00
-4.228806630127057709e+00
-4.949144691153871456e+00
-3.043971825885039451e+00
-3.992745012004848881e+00
-2.505166229124690336e+00
-3.760611883238096809e+00
-3.912385299523156501e+00
-2.823386709249616544e+00
-3.157295848893884482e+00
-4.263833020744697500e+00
-4.197151972095915617e+00
-4.351380359028761191e+00
-4.142503745109612723e+00
-4.825341377985933100e+00
-4.215758341110492857e+00
-4.306047091442118280e+00
-4.768868466306990683e+00
-4.274397996778817266e+00
-5.024266629353039804e+00
-4.516496595725548069e+00
-5.391571884331433751e+00
-5.457667347162672655e+00
-5.097444331499294101e+00
-4.829807130618405608e+00
-5.193295595813793852e+00
-5.196773425657560175e+00
-5.245908219993964394e+00
-4.247270412076577628e+00
-4.786488660897445513e+00
-4.502617232422737814e+00
-3.714490363676611562e+00
-3.862652172904473602e+00
-3.539230123745548795e+00
-3.492596462168237270e+00
-2.593155767762926001e+00
-2.555852903879920035e+00
-2.835601804112608093e+00
-1.966410636602014428e+00
-1.157732197624482318e+00
-1.722398230703235722e+00
-9.490758874103741860e-01
-4.683304441911269045e-01
-2.090637229177888301e+00
-2.307949747193782208e+00
-1.306064076037227295e+00
-1.773846428739247472e+00
-9.473893073306496326e-01
-1.537187120186762179e+00
-9.624602316553749759e-01
-5.340894708230798926e-01
-6.427331483940150747e-01
-6.824608321016309986e-01
1.072484127915648067e+00
1.271444840458395120e+00
1.290405353876748151e+00
1.581838416130152414e+00
1.583735875892469114e+00
2.673739172093500205e+00
1.447264774650943053e+00
1.738117969311439026e+00
5.940627740256934075e-01
1.627167403895373177e+00
2.858803309407388138e+00
3.527940552758986659e+00
2.473447490813829308e+00
2.780903322887535278e+00
3.701956819922620490e+00
2.284063455396193376e+00
2.454766032544718257e+00
2.567285354405885567e+00
2.705092867522884692e+00
2.159332710723667503e+00
2.484815769647618300e+00
2.153745863675502026e+00
1.990559917519391764e+00
1.351294369651123262e+00
2.347810150837351451e+00
3.224768374896890055e+00
3.242782268057532669e+00
4.154708182769653035e+00
3.505562736697957593e+00
3.724587270705272513e+00
4.238223830992832397e+00
2.908459855217119028e+00
3.477876707720949145e+00
3.376092195149182018e+00
4.202725835223779072e+00
3.633834549939274794e+00
3.966452483893426972e+00
4.558699643801914725e+00
2.830938827897461874e+00
2.824508676792891748e+00
3.939392178613140505e+00
2.853592775628073674e+00
2.531266865573579050e+00
3.437355266965106182e+00
2.661024068200922521e+00
2.562901805735007699e+00
2.290411021839405592e+00
3.061204524861063980e+00
3.385140147676940714e+00
2.106001991070349355e+00
3.218591140117677885e+00
3.352276773260811638e+00
3.482391599442594465e+00
3.770584661110739422e+00
3.450993719428569584e+00
3.420013919293560800e+00
4.912605853955225754e+00
3.965212340929385793e+00
4.814791924616240060e+00
4.193297851336015292e+00
4.395760966229666167e+00
4.414996212234745698e+00
4.218684410829460774e+00
4.727432547556521314e+00
4.724880020640812361e+00
5.711122063905923696e+00
5.459020553244989138e+00
4.951360541820596595e+00
5.159939658233184900e+00
5.594062497294277847e+00
5.182891855657852709e+00
5.584359466880091105e+00
5.469709270459402362e+00
4.846829080563678893e+00
5.472828737293980339e+00
6.535697211913336524e+00
5.790220731576773971e+00
5.820101154691262657e+00
5.639442869914862655e+00
6.100400658525941822e+00
4.578876752946605677e+00
5.012932814458320507e+00
6.064797385669017160e+00
5.537888747573124881e+00
4.309238128045641325e+00
5.522723916198636118e+00
4.430417654754554846e+00
4.821081351662614090e+00
3.392531462238258300e+00
4.986332838968679404e+00
4.619562303222709332e+00
3.614975134735748163e+00
3.512808935153787893e+00
3.844921834766968693e+00
4.369936370805556081e+00
3.073276292064097248e+00
4.064859120901728851e+00
3.472662079413594949e+00
3.507278289994217424e+00
4.444462417535083532e+00
3.283185834751573662e+00
3.876840526605239035e+00
4.263047132939941086e+00
4.434675590591327321e+00
4.313536415037916072e+00
3.905837580286110722e+00
4.650730263076212623e+00
4.102721380054559219e+00
3.664703638666695795e+00
3.972572815726258533e+00
4.692414462869997749e+00
3.391370864030314181e+00
4.199725665818118792e+00
4.746801168318272701e+00
5.726480432417654143e+00
4.309624885122240734e+00
4.871014873684620383e+00
4.022100672775558827e+00
4.634069282678578539e+00
5.244289114092408610e+00
5.580433505169359876e+00
4.514672535009250254e+00
4.934574403151190225e+00
5.883217998999166198e+00
6.596443712798800263e+00
6.795027806624473143e+00
5.843468714428900590e+00
5.907311326856993006e+00
6.371342523585293627e+00
6.149057484239712323e+00
5.876961172670514877e+00
6.914780695504513020e+00
6.415557947704499497e+00
6.151488194460753789e+00
6.357246869530268185e+00
5.378839861890446272e+00
5.373959233011448511e+00
5.211137651825161754e+00
5.414408571766688993e+00
5.542715066863817874e+00
4.010107877782762564e+00
