4.895693284869519601e+00
4.016091703441269978e+00
4.849462427746253468e+00
6.048519730846065201e+00
5.610901642088363062e+00
4.895805380793991191e+00
4.431764638410884416e+00
4.802864944570189643e+00
4.731768534694221984e+00
5.037607095225482112e+00
5.315514392887286554e+00
4.408988839419646588e+00
4.275323816816059441e+00
5.308432937524316664e+00
4.453334438735883971e+00
5.264855817024509221e+00
5.510014924538668701e+00
6.216239124892937618e+00
6.876225696742055860e+00
6.879303993358571567e+00
6.542496004813591171e+00
6.057630193205055136e+00
5.642636356410654308e+00
5.740946541977716144e+00
6.557738640253193196e+00
7.422097157097569564e+00
7.824783756774266408e+00
6.478199736248801521e+00
7.011256474494964586e+00
7.517625372804840111e+00
5.764137197596582496e+00
6.089536836969158706e+00
6.625773109320266308e+00
6.829711501195365742e+00
6.087807923333042659e+00
5.645639743377952158e+00
4.679185018215115122e+00
6.010884208382244687e+00
5.793867621042858573e+00
4.593720528883023846e+00
5.525703904535665956e+00
5.743616959292831226e+00
5.257255995862561093e+00
6.341661060183493070e+00
6.698629531396798953e+00
7.189173759332267544e+00
5.365338521833739271e+00
5.113761780538969681e+00
6.364741005880670599e+00
5.817491791348897046e+00
6.628389472793192461e+00
5.857249623253913740e+00
6.688368842314025287e+00
6.813796930130013862e+00
7.402714279904612837e+00
7.010536601133090073e+00
6.501448515879962642e+00
8.403230140931421843e+00
7.312297308295863552e+00
7.401748218877445495e+00
8.291071517908596533e+00
7.278043689355390811e+00
7.648202988780784750e+00
8.300707651414723998e+00
7.025519172086066355e+00
8.143927796647655981e+00
7.276932804758775575e+00
7.031673115223692427e+00
8.184827473181728763e+00
7.792312401640361763e+00
7.222280494772350679e+00
6.836468145106543659e+00
6.145970200941470729e+00
5.354384540447746588e+00
6.921216884025309213e+00
6.256280339811291391e+00
6.778392114397862933e+00
7.776063889792167672e+00
7.766427712703200648e+00
9.044670883049839460e+00
8.955181265511438227e+00
8.108778982954509829e+00
8.942552533822487604e+00
8.185237043047862926e+00
6.687544114665427308e+00
7.484479083990526860e+00
8.669827460528892971e+00
7.504833269834229270e+00
8.680925909800357942e+00
7.777205456526012917e+00
8.502998660814407472e+00
9.151364523753411362e+00
9.089650866959734898e+00
8.524464822299425037e+00
8.247617006889569780e+00
8.765687648840996715e+00
8.653795393104125822e+00
9.422003926682693375e+00
9.281238903105279547e+00
7.938297030822331735e+00
8.824445014803472986e+00
8.401907346621282358e+00
8.378040093343731343e+00
7.543199596795551187e+00
7.672380714869479590e+00
8.808148479269636510e+00
8.686550927474108619e+00
9.171665646721679721e+00
9.170757450184627402e+00
9.915248315170689608e+00
9.086884475599182664e+00
8.296571140843667536e+00
9.014071292918972134e+00
9.085158540755646328e+00
9.346567767530675752e+00
9.309953523981135959e+00
8.137006480011097054e+00
9.648923355267577051e+00
1.002660134781783796e+01
9.467548006102607161e+00
8.486001511959742061e+00
9.372987945406558552e+00
1.042182946963824719e+01
9.603844025943800489e+00
9.904556651792958633e+00
9.074804853656138093e+00
8.025981940260113134e+00
9.301454451108369881e+00
8.861909085677126541e+00
9.348024160053634901e+00
9.238925738346274841e+00
9.866038647078831048e+00
8.859411402808071045e+00
9.821790134386437998e+00
8.616914232022132580e+00
9.121780702197561652e+00
7.814127434093297353e+00
8.879707120520738073e+00
8.942144955678234197e+00
8.234531473848676342e+00
8.915569597992831774e+00
7.196265286218118007e+00
6.748744037702497423e+00
7.543711543787175344e+00
7.066022695901014394e+00
6.905359515524455816e+00
5.294728410141573249e+00
7.110905214888411763e+00
6.850936583429616533e+00
6.872444200406332193e+00
5.979685599745325320e+00
5.883803113379861394e+00
5.436325772631505515e+00
5.714262895106548612e+00
5.855548039629781876e+00
4.424197266035775122e+00
4.663537066954249966e+00
4.591240542878662012e+00
4.725985312620148981e+00
5.982357339244481764e+00
5.389256616910420128e+00
5.041746634158904783e+00
4.706967985744351601e+00
4.855446365712769108e+00
5.085663393837761781e+00
3.860074179922404980e+00
5.095914389794811150e+00
5.273907069920586110e+00
5.281639010789366040e+00
4.876650975153208556e+00
5.768645897612573847e+00
4.754875911625534357e+00
4.161121378332111931e+00
4.763523347099713590e+00
5.534714163930948949e+00
4.452945593712780870e+00
2.351555138554748847e+00
3.003696311877278369e+00
3.858922005535951882e+00
2.576000662776153138e+00
4.715606147054519859e+00
2.871131604101972101e+00
3.211765850572304792e+00
3.528388143657716025e+00
3.665206128286280673e+00
3.698122682274804340e+00
4.259357843537896926e+00
4.973978958643952453e+00
5.254045148274825827e+00
5.042569477145615764e+00
5.273180918544031037e+00
4.306708100065468336e+00
5.292681898196118340e+00
4.639504775851382767e+00
5.603571436637709624e+00
4.304633175678218571e+00
6.689841899800931913e+00
6.637297757940221921e+00
6.767575163362967494e+00
7.089462270192877114e+00
6.842481598142811094e+00
6.563698424281109389e+00
7.335410602571578842e+00
5.793117955639892180e+00
6.724406379268691225e+00
7.557322645954627660e+00
6.281192928896930816e+00
6.651893270010845960e+00
7.142863077282357587e+00
6.401998659591296992e+00
6.641745762517402341e+00
6.241037734413144911e+00
6.493447951941267782e+00
6.244799410222990232e+00
6.406456600346203345e+00
5.614609083039155735e+00
5.981548344636872017e+00
5.604127393092827703e+00
5.773044513107405962e+00
6.314438187690952553e+00
7.111838184206216162e+00
6.683268114092788537e+00
6.769871779261187328e+00
7.532472236736429849e+00
7.513259429888115015e+00
7.843723867479321932e+00
7.876779712833193337e+00
8.740423007471999739e+00
7.479227555014376527e+00
7.865228095169965350e+00
9.155778492848316574e+00
7.483080272959401036e+00
8.883852349147453253e+00
7.435609892753770822e+00
7.556176454420780786e+00
7.977463125013991352e+00
8.108935204379569939e+00
6.919659072705051983e+00
6.747791201260171512e+00
6.582512614739783885e+00
5.982759944895461146e+00
6.446638242279834508e+00
7.661727794847760897e+00
6.419132225948927406e+00
6.449391495372641003e+00
6.520824785228043652e+00
5.881071854657372810e+00
6.635373712534621049e+00
6.215047698460682390e+00
6.334881039534454139e+00
5.935390581720344727e+00
5.208087402118785292e+00
5.547739097276571663e+00
6.928452644165082219e+00
6.322366049257452936e+00
6.162575978869504034e+00
5.536876812867244979e+00
5.009841115633768993e+00
5.865763957012299024e+00
4.459854269781287961e+00
5.816952569066310197e+00
5.995743438913416767e+00
5.976211483352262377e+00
5.727583421339179637e+00
6.180366646071495218e+00
6.602844480764924029e+00
6.867917928761023916e+00
6.277826717425582181e+00
6.523909112270604993e+00
6.394789421288209041e+00
6.258725304044824078e+00
6.869425915399447469e+00
6.142235590134319523e+00
6.496948191170122122e+00
5.495811722391819032e+00
5.403713942703648243e+00
5.643869975912494397e+00
5.252923102671766209e+00
4.914750536504533862e+00
4.763045625721535004e+00
5.043253990525496278e+00
4.776297916574064217e+00
5.532066310923520192e+00
5.518097779981479434e+00
4.925888349465886940e+00
4.545752442688502981e+00
4.903872690871203588e+00
5.742178336484980328e+00
4.717995955803000463e+00
3.491127869554190966e+00
4.884936230739969076e+00
5.081461797475100184e+00
5.759974363329621205e+00
4.759934749948884658e+00
5.075781226290283499e+00
4.941465782290228148e+00
6.303053364478800269e+00
4.819532118005399823e+00
4.551561884537162150e+00
4.879407024284208028e+00
4.692986614423305447e+00
5.072217450518115456e+00
4.603926359909154442e+00
5.093183170597438192e+00
5.301962153835403591e+00
3.153865590529864260e+00
4.500279432387161549e+00
4.632299309762607287e+00
4.544690188192743285e+00
4.130216082276226608e+00
5.130219857473578671e+00
4.210158834907886671e+00
4.931407720940049089e+00
4.226926984902165785e+00
4.060927538116088087e+00
3.494478403696278157e+00
3.125474684433446892e+00
3.719569224917379735e+00
3.489109371134891724e+00
3.558462036555705588e+00
3.766842466990651506e+00
3.476671661055491747e+00
3.523456701634131605e+00
3.343651512855277730e+00
4.347358623209446549e+00
2.982221524143150670e+00
3.790857315251982662e+00
3.482522593544070233e+00
2.523170945821117783e+00
3.928118677307855577e+00
4.158762750034576072e+00
3.612517197828375881e+00
3.021060169501932346e+00
3.963503867325558705e+00
3.176182727302555797e+00
2.560231769719269579e+00
2.330092544812593314e+00
3.618421159211566263e+00
3.513439960224746805e+00
3.514072337052441153e+00
2.412499014476682024e+00
3.706548467688553838e+00
3.776072946315184531e+00
3.148715614591167888e+00
3.415961947819593725e+00
3.106888536252402133e+00
2.997079735358855412e+00
4.332957542411801199e+00
4.675302778701027506e+00
4.107704042884358309e+00
4.339537071106930988e+00
5.269197792129085123e+00
4.451205269581675061e+00
4.678756838408050456e+00
4.939444035228885532e+00
4.427221586092072947e+00
5.529486327490929831e+00
3.699816005789556606e+00
3.719847804410599146e+00
4.323463134386889450e+00
4.188910337194183597e+00
5.128326300374554059e+00
3.789888230209398579e+00
4.761353437331996119e+00
4.142994101996375633e+00
4.171464786914397926e+00
4.495072933547590743e+00
4.245650941386575283e+00
5.300706743824722622e+00
6.132933491692597272e+00
5.351087845239635321e+00
5.382929999823565126e+00
4.747114773891791373e+00
4.279306197657578359e+00
4.145042602111953300e+00
3.704509091630677098e+00
3.043528293342016688e+00
3.666783111903685111e+00
3.884334950924273500e+00
4.509741155124195267e+00
4.123200447189860895e+00
3.168296127525219497e+00
4.103800889008335062e+00
4.115459081680089781e+00
5.355171301261195005e+00
5.396402248797558698e+00
4.179261457267882562e+00
4.763303147270370630e+00
4.209428526131553383e+00
4.697632666390996192e+00
4.711843473271458471e+00
4.811651532968217460e+00
4.156510101226196241e+00
4.240219748770722497e+00
4.417656365847427047e+00
3.622695370710748985e+00
5.947835167297434111e+00
3.809802544912160194e+00
4.781610941510871626e+00
5.520407761290290871e+00
4.489261423044005994e+00
4.831922293334621088e+00
4.657587699583170426e+00
4.196007917596433323e+00
5.644249719134460719e+00
5.179294345111223663e+00
4.937944565337524239e+00
4.751650605500270963e+00
4.067337075376242339e+00
5.017578522382413198e+00
5.288108411966150335e+00
5.023106218519972188e+00
5.545657648951618057e+00
4.840865794646736830e+00
4.778099648391297194e+00
5.023102308701646201e+00
5.178466781255671947e+00
4.635180149735870003e+00
5.696230926794185301e+00
5.482059893104915815e+00
5.503441818084787052e+00
5.198821062096393497e+00
5.054242020957394388e+00
6.122381993327571159e+00
4.194068724904814083e+00
4.911501506250899318e+00
4.772357871013819697e+00
4.460800000133242627e+00
4.807297010704241202e+00
3.619947746939613964e+00
4.909245545374937514e+00
5.646441739891749023e+00
6.456663307102829208e+00
5.783110422632426584e+00
4.598042408937304870e+00
5.669735698268110191e+00
4.114134241733948372e+00
5.712332958326514998e+00
4.428068502131218054e+00
5.837969751785556660e+00
5.648330317409380186e+00
4.154947037523286646e+00
4.803470348529321754e+00
5.849063558769101334e+00
6.024329300773774598e+00
5.920295155008055588e+00
5.383527711277787731e+00
5.479427368293946721e+00
6.120691901294605053e+00
6.311468923014055932e+00
6.295247651385961873e+00
5.252360857220315538e+00
5.971875584100088119e+00
5.485990325086202546e+00
5.278092812746177920e+00
5.346326797370369199e+00
5.390675360715272646e+00
4.790147051501032038e+00
5.504997140825372171e+00
5.210045123969179848e+00
5.025839084298000081e+00
6.814187781318858050e+00
6.244508633619076932e+00
5.856289820776822808e+00
6.413878618202005555e+00
7.080881419331324977e+00
6.898145906995510224e+00
5.892615812771949457e+00
6.799262680212895482e+00
7.127224407117289218e+00
6.576010783948952110e+00
6.169145475310236826e+00
7.156616027847600314e+00
7.745649316072247714e+00
7.821813407271186236e+00
7.697307646526285296e+00
8.414455130600808630e+00
8.116218743219603127e+00
7.900040904841554301e+00
8.810391152328374886e+00
9.022401265026800843e+00
8.987155200431708124e+00
8.494923836658992755e+00
9.145956740932435380e+00
8.970666681412410526e+00
1.046381742190166086e+01
8.853239934501498709e+00
9.888872461634532485e+00
1.050263757282146670e+01
8.916600373807572311e+00
9.624966512193370960e+00
8.173300227882101865e+00
9.229992425509699672e+00
1.014684993524158152e+01
7.850201251734440611e+00
9.212421484676857730e+00
7.703215890361864382e+00
8.371107673841828856e+00
7.721436545597472723e+00
8.974496829537066844e+00
8.540201735828294005e+00
7.712093461329256883e+00
-2.505559184077178703e+00
-7.411096059138136738e+00
1.830941632849249157e+00
-2.976546492621576778e+00
1.883832706512898358e+00
-6.492258087485820894e+00
-1.825738972583596187e+00
-9.316686467255943072e+00
6.298218413142482319e-01
-1.439672767776083884e+00
-7.181984656975721748e+00
-4.892714195354099793e+00
-7.987388866204540250e+00
-6.773431440138230286e+00
-1.433132754123128016e+00
6.511203677119694611e-01
-5.531032453192310516e-01
-9.442625680839432434e+00
-5.104543090266108862e+00
-1.704134849959052955e+00
-5.758208098154662835e+00
4.642215204179751531e-01
4.172543868803901823e-01
-4.105961019535808276e+00
-6.551066916952457575e+00
9.607810864263730544e-01
1.989489611653778578e-01
-2.382828152965692503e+00
-6.020679630118974224e+00
-1.102624839479228669e+01
-1.356247781428234589e+01
-6.651947520336275232e+00
7.580409977091747686e-01
-4.177132853850229033e+00
-7.831456957061866397e-01
-1.093985076905696552e+01
-1.379155538759379240e+00
-3.030781006730811633e-01
-4.782318246480683044e+00
-9.394870738649194308e+00
-6.281416508783338237e+00
2.226492042751949008e+00
-7.910142466281330442e+00
-5.322384815267498404e+00
-8.658524058257075495e+00
-9.564771243862180583e+00
-1.688287925014595015e+00
-1.489779958885337763e+00
-1.727067263464764579e+01
-1.231503370835990196e+01
-6.179229625928010172e+00
-2.671281591162384395e+00
-1.997637914530169034e+00
-1.264939428694236589e+01
-1.067046780728760780e+01
-2.890023745199645777e+00
-7.746565249624700833e+00
-4.595071286264156285e+00
-1.458792818919619982e+01
1.290707029224742453e+00
4.523478746641787396e+00
-7.777389956786320724e+00
-4.193984382630265628e+00
-3.418788868133346703e+00
-6.978516489639824627e+00
-2.527461685191372709e+00
-6.258550324250444774e+00
-8.309099513946502924e+00
-6.552117845890448322e+00
-5.006616498492476808e+00
-4.354614795423140450e+00
-1.285993940197734275e+01
-1.086196231691344316e+01
-4.816442339533583805e+00
-1.366760696285905752e+01
2.037845334900636907e+00
-6.606279021292313480e+00
-2.751255992496575598e+00
1.219996036565683006e+00
-8.647235022984514075e+00
-9.473689905669527178e+00
-8.118089223802591903e+00
2.645193506073789447e+00
-1.018540293223742310e+01
-1.125734439808426934e+01
-2.450328339633968788e+00
-1.884402789300148484e+00
-4.248751714396041379e+00
-1.064363554645077237e+01
-6.444470463178110009e+00
-2.935493791416399212e+00
-7.462330111637825780e+00
-1.733296344533652800e+01
-9.806345034305051556e+00
-7.816620334432654360e+00
-7.610738971496185279e+00
-6.804309901149483863e+00
-9.154366540143779929e+00
-3.721916182723877142e+00
-7.187792230889284539e+00
-1.790595816618169689e+00
-1.369975813436769840e+01
-4.006631223997829672e+00
-1.194795640025068106e+00
-2.006694330523023595e+00
-1.509082312697222150e+01
-8.952481001916183345e+00
-1.392206060655548150e+01
-1.351752767070356853e+01
-9.080324478315571213e+00
-6.091642329153862612e+00
-7.415361294588149299e+00
-6.285419366516075357e+00
-1.052419814701725898e+01
-9.975983479232645834e+00
-1.558648867078192524e+01
-1.103479171935115133e+01
-8.487478959389134658e+00
-6.920077299499745038e+00
-1.267580977452663404e+01
-6.711027463097279266e+00
-1.349665166286786366e+01
-8.835399147599382275e+00
-7.817669824726381833e+00
-8.702985400386134884e+00
-1.286146822321251015e+01
-1.073707865732439259e+01
-3.672440831216376544e+00
-5.596666489394171329e+00
-1.248512836074049126e+01
-1.692975362840161324e+01
-1.893647433837468697e+01
-8.168713212206320406e+00
-1.038960118256928666e+01
-1.369114584383454947e+01
-1.340054032979461596e+01
-1.014341423621232963e+01
-1.464176727646501064e+01
-1.018585677768186315e+00
-1.790380005204866976e+01
-8.599898667698088417e+00
-1.162595681709269257e+01
-1.547950859738988427e+01
-1.005158802619865632e+01
-1.139979493467976823e+01
-1.475530206706487846e+01
-1.215757260488240021e+01
-4.352678742429231917e+00
1.111443314146214334e-01
-3.971267310166969544e+00
-1.124781367232637308e+01
-2.816668130574909945e+00
-3.136408265035082188e+00
-1.026438358693477504e+01
-8.094669635548465081e+00
-5.723022393290742471e+00
-5.506711705585168204e+00
-7.140431415907448454e+00
-1.284946789152802360e+01
-1.455338045668577251e+01
-8.023535227791821711e+00
-2.787802949010876219e+00
-8.587602959514399004e+00
-6.257626482183436423e+00
-4.389136411694331663e+00
-5.287766320466287695e+00
-4.679716349558045607e+00
-4.587234990510794752e+00
-1.361717855243231057e+01
-5.330723166138565006e+00
2.880477429754587426e+00
-1.061447922210607508e+01
-8.760384983916285506e+00
-6.016462851435411707e+00
-4.804266856316292689e+00
-9.084770057628434259e+00
-8.629087732121009324e+00
-1.019262693631204542e+01
-1.058395501979584807e+01
-2.880130928289841297e+00
-1.343667747033691384e+01
-6.104875877019900088e+00
-5.671973027998442163e+00
-1.229598053199388730e+01
-1.025768920423879571e+01
-3.909128162840281639e+00
-1.053720693177143097e+01
4.501548190257643967e+00
-3.064052218273655814e+00
-5.133456416527962141e+00
-6.106584304416560194e-01
-5.291300220829972645e+00
-6.642787768483685795e+00
-8.204004520303211478e+00
-1.435554729363572690e+01
-8.064367658081721402e+00
-3.236564161221345159e+00
-8.949623746788347489e+00
-7.297077383783888038e+00
-4.988096756086686234e+00
-9.025480075636886923e-01
-1.760939032090890422e+01
-9.981692823093053946e+00
-1.203564856985847698e+01
-9.755577226995370665e+00
-1.511746646384825077e+01
-1.196470389594437833e+01
-1.381685390629748511e+01
-1.373999223465702002e+01
-1.368099144137870837e+01
-1.272422685241552287e+01
-9.121320838572220424e+00
-5.995798424588609343e+00
-5.974506008309258931e+00
-8.299471285772177964e+00
-1.220471279273098730e+01
-9.854354199006223780e+00
-1.179329529122213671e+01
-1.812045383857223868e+01
-1.700923779882474918e+01
1.245446486489781179e+00
-1.542981115723758023e+01
-1.085228790136291721e+01
-6.238567132685410854e+00
-1.175750399242014055e+01
-1.294296712859607013e+01
-1.535067278965339455e+01
-6.850764794132317093e+00
-6.921247328750858685e+00
-3.600007145227896999e+00
-9.375194041242801646e+00
-8.169319997331882632e+00
-8.286434633837894026e+00
-1.004024993416531686e+01
-1.053991988359893739e+01
-7.225016242525786225e+00
-2.164914505739203854e-01
-5.270473102513426156e+00
-1.041626229892808375e+01
-1.295722011983873045e+01
-5.323291047038452461e+00
-1.526129321778592285e+01
-6.809893087420814339e+00
-8.273743062753764477e+00
-5.592436431807805697e+00
-5.164344085945863583e+00
-8.517802227913580992e+00
6.402422836074837420e+00
-9.200316154069753338e+00
-9.684233356519378333e+00
-1.645073693334876097e+01
-1.132062955531726267e+01
1.615997965913422263e+00
-1.095001313641855134e+01
-7.270283479571736152e+00
2.992637532539412781e+00
-9.221360350093330993e+00
-8.402933493601580039e+00
-1.178746707942139516e+01
-3.318940737840495370e+00
-4.406885243036930078e+00
-5.055367372064914377e+00
-1.116448921874645706e+01
-5.487022992871867899e+00
-5.502028863741783127e+00
-1.190307311215424058e+01
-1.437539060923132794e+01
-1.154898279321477794e+01
-1.143749094634381791e+01
-7.339520584412416504e+00
-3.055878726963669578e+00
-6.982078138974109116e+00
-5.860836951392490057e+00
-9.074751232958009339e+00
-4.732668014657667399e+00
-9.240756545563098001e+00
-1.548439347795311072e+01
2.474862827229807216e+00
-4.925387616560312765e+00
-5.873918591848415360e+00
-1.520553615412537241e+01
-9.254587707694504672e+00
-1.597575048802007380e+01
-6.901255786577339180e+00
-3.949688688619322097e+00
-3.740609470759244992e+00
-7.253692433634212122e+00
-9.342600763667283204e+00
-5.590495020227701062e+00
-1.167870563712873011e+00
-2.674768717001359875e+00
-7.959712712362291498e+00
-9.050853093301322261e+00
-1.333220506014793294e+01
-8.617457643935740208e+00
-1.001924934613863982e+01
-3.085841253834031406e+00
-7.966322768493018458e+00
-6.152386277873098663e+00
-1.552887904149151765e+01
-6.865113694247968468e+00
-1.666641531231320528e+00
-1.611502025948039485e+00
-8.672047696441531173e+00
-1.392445706840123520e+01
-8.538596638124214877e+00
-9.331553372159440585e+00
-4.541719829583467316e+00
-1.615903941783417963e+01
-3.809438590014649684e+00
-6.703125646644354063e+00
7.906624281965850543e-01
-9.869093886437230623e+00
-8.992465370032064698e+00
-1.263557302497050649e+01
-3.882984857909946630e+00
-1.130208789778454204e+01
-1.740056551501534265e+00
-5.716592172280396511e+00
-1.419743464664520083e+01
-1.192635628088974187e+01
-1.272472325409377092e+01
-1.480795870465817998e+01
-5.153271004907685970e+00
-9.992530792405579732e+00
-5.650999931902199513e+00
-9.383608863120738164e+00
-8.015625239646775313e+00
-3.566058357912361032e+00
-9.125876670511765099e+00
-1.330799951598272557e+01
-1.327653223457408771e+01
-8.343552893977609131e+00
-4.586003863519783508e+00
-9.516054058250134062e+00
-1.348574097564182139e+01
-1.101076862832936776e+01
-1.593375442378340345e+01
-1.523112465862429588e+01
-1.234841801917174209e+01
-2.158628771989329920e+01
-5.190704250715821644e+00
-3.261375594519534182e+00
-1.435622900115938094e+01
-1.624373465997432220e+01
-1.709915715283839788e+00
-6.855998916291614620e+00
-1.243778505965369341e+01
-1.188249405142913417e+01
-1.108848135853726546e+01
-9.355805513564547482e+00
-1.445258559801946951e+01
-6.736728776482238779e+00
-1.252462993105849343e+01
-1.313257456368178033e+01
-7.493081959398649516e+00
-8.062050026273457348e+00
-6.946157062262217963e+00
-1.233279547787926234e+01
-3.537836770432102540e+00
-7.773673563465970382e+00
-6.428329055003741743e+00
-7.525284699823282963e+00
-3.975255535719124822e+00
-1.319233088717984259e+01
-1.914036968808004247e+01
-7.843533021784946158e+00
-1.194415049854969624e+01
-6.956882225828350919e+00
-1.517349065313348433e+01
-1.009558873993462669e+01
-8.532803950813832472e+00
-1.070580731945732644e+01
-9.997189403413223374e+00
-1.171882016747517241e+00
-8.797123137560411976e+00
-1.073467097545909255e+01
-4.637309004837731230e+00
-1.346418977944685480e+01
-7.996904977200236075e+00
-9.656181883692397605e+00
-6.543217438180836787e+00
-8.617232511241418536e+00
-1.049229326716992716e+01
-8.998249390990403995e+00
-4.579576129502942905e+00
-1.178748960438218951e+01
-1.018304915410356060e+01
-1.196186415854377394e+01
-9.591105448232276842e+00
-1.594648483553446994e+01
-1.015260644756998687e+01
-1.591367462861995996e+01
-1.051116168624275105e+01
-1.452211097474346246e+01
-1.187668098691446517e+01
-5.639512517548950221e+00
-1.612327560345297428e+01
-3.958956763007300594e+00
-6.424415759637724044e+00
-8.872032504109268913e+00
-1.346148512792251317e+01
-5.428384326235008217e+00
-8.811743126116507341e+00
1.613758524762439528e+00
-3.832920358455081722e+00
-2.071313103280877144e+00
-1.049169248057200576e+01
-1.341181559892084429e+01
-3.259486098071892712e+00
-1.249697993359296966e+01
-1.315037695705788678e+01
-1.575855729976472830e+01
-8.520901183336960116e+00
-7.436890998579828604e+00
-3.619927913629541472e+00
-1.197523537837175311e+01
-4.533992572505852081e+00
-2.696352618328979212e+00
2.028268290765521620e+00
-2.060849019597725373e+00
-1.237013131334173721e+01
-1.232398989882575790e+01
-1.406429265092615921e+01
-7.254859045637227055e+00
-5.078150608725562343e+00
-8.114916889576136327e+00
-1.824665801536545118e+01
-1.650263458835313557e+00
-1.047843637766955638e+01
-1.785717711926642082e+01
-8.210060228835112994e+00
-1.440778201606019060e+01
-6.392135799337257396e+00
-3.619136973925967560e+00
-1.015751812870826321e+01
-4.865807155345840407e+00
-9.069480799702731133e+00
-1.354933822621513784e+01
-1.353027280472277916e+01
-5.033879913133072925e+00
-1.181189311914635987e+01
-5.112264005162778346e+00
-1.161351340478122296e+01
-3.179881750109603722e+00
-8.532725924904411841e+00
-9.774079899140863503e+00
-1.650136364751601192e+01
-9.538662554243149572e+00
-5.211740242129047296e+00
-1.113034870968876433e+01
-6.479784063009204509e+00
-1.351524804999924356e+01
-1.099564498694740067e+01
-1.383111815500019937e+00
-5.756323504027129445e+00
-6.655351443698094727e+00
-1.565491346295228325e+01
-1.369811337625095504e+01
-4.088573455916331589e+00
-1.547826864802973290e+01
-1.484645771777120160e+01
-4.736003050689090443e+00
-4.114238718725799160e+00
-6.566712308534548015e+00
-6.712776281665169265e+00
-8.437561511231356448e+00
-7.757416405083246147e+00
-1.026527471519801793e+01
-1.312821271108269627e+01
-1.420398330678545307e+01
-1.319475616750101210e+01
-1.323397284222172843e+01
-1.275592130790744783e+01
-1.048427313775905034e+01
-2.394218404821379931e+00
-9.630162409018895531e+00
-6.956230554909113906e+00
-8.681548740097719374e+00
-1.053851246875249892e+00
-1.877415835306187386e+00
-1.684899806220546736e+01
-6.005525462998602571e+00
-1.545716520094063906e+00
-1.359746817980948208e+00
-1.170815684710489535e+01
-1.469771666998257764e+01
-8.712737071142770517e+00
-7.893606868144946276e+00
-6.927165160257800380e+00
-1.556043043676245130e-01
-1.181255701385794055e+01
-1.556065672140444889e+00
-9.733789164870383814e+00
-1.107089275956905361e+01
-9.203660999735355119e+00
-3.062455289073563680e+00
-1.141827821130854481e+01
-1.743828187140957997e+00
