1.070927040197832969e-01
-3.435691150130903981e-02
1.138401661862931125e-01
7.067780158485801323e-01
7.024280362665813460e-02
-1.158173612872568647e-01
-4.060126022096214315e-01
-3.227396560821783611e-01
-1.535283979809392019e-01
1.981620468169518201e-01
3.036989366951742264e-02
-3.868989458096012135e-01
-2.494000836866581694e-01
3.142437514483886751e-02
4.514622277728263522e-01
8.294687361957417959e-01
6.982926902709818417e-01
6.219993719973938573e-01
1.084413912392264256e+00
1.368589310420002869e+00
1.049171718508084217e+00
1.065414987671482905e+00
1.074478475807581601e+00
1.312577644173173574e+00
1.757271853879873280e+00
2.179646914872360064e+00
2.246778620082777067e+00
1.919994983375374220e+00
1.644591892479724260e+00
1.356646078480527207e+00
1.140789174385979710e+00
1.078802479550224014e+00
7.381287209899554114e-01
3.010786467173052761e-01
6.881503509057141921e-01
1.077652142317072848e+00
5.607570645926334141e-01
8.523539713133685414e-01
1.466385196227407706e+00
9.152355331763877277e-01
1.056062231975626542e+00
9.167712476070134509e-01
1.075302961751371633e+00
1.329812728056317006e+00
1.006573610164302579e+00
1.108625107819794842e+00
6.026088714654276313e-01
2.479881211372493843e-01
9.676410465696918539e-01
1.491870234125451944e+00
1.722378664803170478e+00
1.727335854211306199e+00
2.117667143901646565e+00
1.939605586422777916e+00
1.996236855012096134e+00
2.387479777011164206e+00
2.694509372306944872e+00
2.649724845336079770e+00
2.508052337989406411e+00
2.422498700472464517e+00
2.461989979258838890e+00
2.631304035939409314e+00
2.642107204918298091e+00
2.475494959691050045e+00
2.315049556329667801e+00
2.469882344978220789e+00
2.393973001198849371e+00
2.361098851219304962e+00
2.385695593681639970e+00
2.574367646335896431e+00
2.373421869344241930e+00
2.162780513235089686e+00
1.684455941381295174e+00
1.298589608161892395e+00
1.617797340670150241e+00
1.612196585671353377e+00
1.654063249358600274e+00
2.573332830134682947e+00
3.359929927149782003e+00
3.346874668762046312e+00
3.832040194525445198e+00
3.847792739337896339e+00
3.510575816042511121e+00
3.309356733315185650e+00
2.773161794051385520e+00
3.105551033434621022e+00
2.852197624389738451e+00
3.045675046764858784e+00
3.048497611070545066e+00
3.185126043860435630e+00
3.572618075761882839e+00
3.932018003961935460e+00
3.838664440796501598e+00
3.815186240198684242e+00
3.930776039759479090e+00
4.395361855203077539e+00
4.159876572427531727e+00
4.228782513903768248e+00
4.122646720120156871e+00
3.938335239501944418e+00
3.478836807457038383e+00
3.418907819406725501e+00
3.576210454245726034e+00
3.732651439533618110e+00
3.809562193081914128e+00
4.198401931562800726e+00
3.991839262515989528e+00
3.880087524461564463e+00
4.242774554061159442e+00
4.273326135151552130e+00
3.902270128158729978e+00
4.190002792896059702e+00
4.318806944149454097e+00
4.145874713175865978e+00
3.780291821568973809e+00
4.070447688293475252e+00
3.917031910888967516e+00
4.277455528528312456e+00
4.195574912225650266e+00
4.332608894245317366e+00
4.149782362302681271e+00
4.460999896176303992e+00
4.801295614384341270e+00
5.020322295495811105e+00
4.817253995873111094e+00
4.130221444909112805e+00
3.933255135758578991e+00
3.760286195621933114e+00
4.102414426057073626e+00
4.045767785457724308e+00
4.368053686806248948e+00
4.267628301270484315e+00
4.399005199664812515e+00
4.222604845319658295e+00
4.070042568065964872e+00
3.648434382836909240e+00
3.241264539950609258e+00
3.560813908982855214e+00
3.439680999470323020e+00
3.683060302473053493e+00
3.266651760386080738e+00
2.693310750175854196e+00
2.081768994972689857e+00
2.201310629270036401e+00
1.926271990791582622e+00
1.528389260054617615e+00
1.077690082298099039e+00
1.488870728821767520e+00
1.469049629252136224e+00
1.282787217239746091e+00
7.850549619574453963e-01
1.100256308386171611e+00
7.846691478897540595e-01
6.230740925312613365e-01
3.432286001882995929e-01
2.385960038555793306e-01
-4.654483757549450207e-01
-2.587317582511058367e-01
1.366941105263537737e-01
5.026245792055094030e-01
-4.570604865738370215e-02
-2.750824444093996624e-01
7.756720853916088121e-02
3.297224697058331877e-01
2.524061059348918779e-01
-8.738612182564975406e-02
1.021168879917853656e-01
6.643231566535914845e-02
-3.812733156469791385e-02
2.958802661371459086e-01
8.493114363499634778e-02
-3.382729436501832332e-01
-2.849847231017103022e-01
-4.100924828316970805e-01
-1.151763984028547405e+00
-1.315636311753604071e+00
-1.584238645186907490e+00
-1.954076752388762550e+00
-2.135121020801422631e+00
-1.918806538270660500e+00
-1.591562286326932751e+00
-1.887191852026005590e+00
-1.396044165098330181e+00
-1.523553388536486697e+00
-1.605878945200898578e+00
-1.287715512654357575e+00
-8.988208617296884473e-01
-5.039143035908899559e-02
3.315127582408022855e-02
-1.548293968193474035e-01
1.621283252986565337e-01
-7.981095778140309682e-02
-6.512187262996538273e-02
2.052744008106813234e-01
6.042528771352144723e-01
6.122488155765569706e-01
1.425602992883029163e+00
1.739208892035515319e+00
2.035857481570984007e+00
2.078655820005894661e+00
1.644174930312706673e+00
1.040491764063693259e+00
1.455358677969644132e+00
1.227105375002458310e+00
1.623255817943009660e+00
1.934167895076009946e+00
1.715015730931410909e+00
1.828209607865582065e+00
1.506166783153537025e+00
1.760577043331939651e+00
1.242327604309258593e+00
1.058224515256784848e+00
9.789234909435009513e-01
1.034282602136022966e+00
1.287335644729302064e+00
1.743027888174224049e+00
1.666613198368754212e+00
1.522028598472239702e+00
1.267924034004979550e+00
1.586423295222565422e+00
1.691595199254221304e+00
1.585087300734437488e+00
2.020813041833190216e+00
2.366647295592466005e+00
2.453627745036134122e+00
2.667522694552791229e+00
2.987081149520473211e+00
2.911262706923825494e+00
2.851512961016462455e+00
2.911660388237834240e+00
3.033936029310800198e+00
2.870329622302763006e+00
3.138083405306820950e+00
2.853965874118236989e+00
2.471556545192459264e+00
2.347467536771618235e+00
2.253284590263706644e+00
2.167101597456022599e+00
1.632982145100046800e+00
2.131590081834955352e+00
1.370959543077721499e+00
1.444338025187556163e+00
1.864054286635445479e+00
1.721746865345209487e+00
1.942900531599454528e+00
1.702528085220284204e+00
1.262151957364464394e+00
1.188143903584660821e+00
1.146374023188059921e+00
1.023622435701047051e+00
9.567922162273527764e-01
4.354979024531198117e-01
6.308777491827972650e-01
9.960181518122530608e-01
7.007516431229717790e-01
5.572945312089810921e-01
3.738548471840529852e-01
-2.447844314959412571e-01
4.989764416525291346e-01
2.348791234427188845e-01
6.553959551456378652e-02
7.400598839408546459e-01
8.794764220470292493e-01
1.128590843397382359e+00
8.851531305851062514e-01
9.472698668479577755e-01
1.134389450049951620e+00
1.498772987138066393e+00
1.515438596878960542e+00
1.027662982288646720e+00
1.002143031426689701e+00
1.326485483985416103e+00
1.437771616029296817e+00
9.674985756074112597e-01
9.070697106845257984e-01
5.496988607253450176e-01
4.062950644344887619e-01
2.943081884471655529e-01
3.091997083818274761e-01
2.692735077184498227e-01
-4.654466918941241316e-01
-2.479941354047765500e-01
7.223668336293220804e-02
2.201578656699094416e-01
8.365477378498042960e-02
-2.069948205653384665e-01
1.276570349722231379e-01
1.564600020995881302e-01
-1.693377925580991372e-01
-5.250804708729708281e-01
-3.424231094467070635e-01
-3.269726729984956393e-01
2.362489871726777269e-01
2.652672624487806829e-01
3.192093730018851216e-01
2.006273883113503242e-01
1.667334004750729570e-01
1.324362547121623046e-01
-3.510104691431920054e-01
-5.731340184932062209e-01
-2.240056070695951584e-01
-3.670418742808688184e-01
-5.777071479098665474e-01
-4.099905201398232890e-01
-5.246366728677992475e-01
-7.005366017549080615e-01
-6.965065395332533660e-01
-6.248101406000122759e-01
-4.686922576507290827e-01
-4.148372699653888329e-01
-4.005452228286490168e-01
-1.875121023444017154e-01
-8.726864373037890310e-01
-8.616454886051694295e-01
-2.055293674417182359e+00
-1.809166978249513891e+00
-1.558435632815859062e+00
-1.738931043653728414e+00
-1.512260283797299820e+00
-1.577358410343821626e+00
-1.829612158974032621e+00
-1.649240117741195499e+00
-1.915104091935980968e+00
-1.561197572344074302e+00
-1.511553129735828227e+00
-1.713778580621767578e+00
-1.630175374540210775e+00
-1.393504665942895349e+00
-1.299050413984472740e+00
-1.068366897407265981e+00
-8.095418372061252699e-01
-1.124858430437008838e+00
-1.855069522355034639e+00
-1.403585370825591649e+00
-1.606372263297786818e+00
-1.826049332507361234e+00
-2.017197972427084540e+00
-1.426237045448034202e+00
-1.654904110739272793e+00
-1.857278471484186344e+00
-1.988613797328041333e+00
-1.645294637436633511e+00
-1.604009078486984485e+00
-1.481094883186503619e+00
-1.249603812399335157e+00
-1.426731133012704156e+00
-1.720791145095244890e+00
-9.984292155212428632e-01
-6.946426643253300615e-01
-5.216847472128157692e-01
-1.600331704576243297e-01
-5.126686575342133123e-01
-4.535740068474701792e-01
-2.897188356251493291e-01
-3.264722000296635951e-01
-6.806683600651429744e-01
-4.148817835804974874e-01
-5.975068905054365942e-01
-6.322709926349220355e-01
-4.242013200697676290e-01
-4.322160182890688596e-02
3.635563791260323918e-02
-3.912871019703876296e-01
-3.820564419061370787e-01
-1.163874195410720680e-01
-5.272328047806612572e-01
-7.773548592363022092e-01
-5.570906718382553358e-01
5.954018071135003254e-02
3.298280822512433264e-01
-5.027549890115945441e-02
-1.708473904855185022e-01
-7.056147179152227888e-01
-8.032029667405834461e-01
-1.051176949209013056e+00
-1.346383092544198190e+00
-1.904602399983253092e+00
-1.564556916274512544e+00
-9.567286127699564657e-01
-6.978503910731396198e-01
-6.820173896995697094e-01
-8.548307671816226527e-01
-7.469192752683104786e-01
-6.361130687421638896e-01
-4.399013657033731262e-01
6.876673931347665469e-02
-2.942001225756551985e-01
-1.189008081355247826e-01
-1.823870238749846495e-01
-2.406997531006770386e-01
-1.328664560513107828e-01
1.537641769170995654e-01
-1.913728613496536723e-01
-7.976282037415873827e-01
-3.859289533672574657e-01
-3.832364804184141271e-01
-5.109335839026885040e-02
-4.513501252597312274e-01
-5.854068990843708242e-01
-1.154372310059192941e-01
-3.211667687180023711e-01
-2.586880405381475345e-01
-6.478322160956377918e-01
-2.691162472309118758e-01
4.363786538837730600e-01
1.732994224273313733e-01
-1.893441800628827831e-01
-3.771436999536804113e-01
-5.352559125853137978e-01
1.270379647153508929e-01
2.861058266852844478e-01
2.763182497513963498e-01
4.697689436025976883e-01
3.236984062710460686e-01
5.323350577747385515e-01
4.276782175395512642e-01
3.556498802481962151e-01
4.047809809081170940e-02
1.299048773531455425e-01
3.071574468893671361e-01
3.595606947043952228e-01
3.399735884847497891e-01
-3.499648586832910802e-01
-1.292472120445647965e-02
-1.303749619039688279e-01
-5.889546124599424892e-02
-1.521247217237003957e-02
-1.432002275663290525e-01
-3.742568484388666961e-01
-4.414159192116497987e-01
-3.385050295695324341e-02
-1.129103925034939254e-01
3.602691278935498675e-01
3.316746935931459972e-01
-3.160883777407502704e-02
2.702275283678445272e-01
1.811137503173536056e-01
-9.904530997906613177e-02
-8.526044591873307987e-02
1.093351079545489546e-01
7.621967142686582042e-01
4.140928558980922491e-01
4.392796532508616014e-01
5.168240707613874774e-01
1.931041394868808214e-01
5.844428312449376772e-01
8.347970131671338390e-01
7.331868467135361778e-01
7.654898058156213159e-01
1.175181490309981314e+00
1.011616800838269548e+00
8.590698781799870343e-01
7.610799559573574458e-01
5.926378590553813552e-01
4.598187326450675627e-01
2.360649691159746044e-01
3.866220777413181819e-01
-2.178959017293341516e-02
2.874641383150673968e-01
-1.670941541007042175e-01
8.787990836593859711e-01
1.127006425152607960e+00
1.457341238284502127e+00
1.224650266972214574e+00
1.254833348969849549e+00
2.221380261841543913e+00
1.752748027524975605e+00
1.849873113148242654e+00
2.042575058544414901e+00
2.110600993632253619e+00
2.068372164294930649e+00
1.461324594384972864e+00
1.740318317911026869e+00
2.187363432692787324e+00
2.140541197811760998e+00
2.488440542905546060e+00
2.508156624677333468e+00
2.973693287205865676e+00
3.020117351791001603e+00
3.626628308553224933e+00
3.886564494227305211e+00
4.002198996958198585e+00
4.103525364925887153e+00
4.182212226134994992e+00
4.253123969938539695e+00
4.353753475580393939e+00
4.822386541322480014e+00
4.435298771142662133e+00
5.053305019925171671e+00
4.558884188450011976e+00
4.178897304684128677e+00
4.239684015984872545e+00
4.391176737695193566e+00
4.091866239473650246e+00
3.614798833943061673e+00
3.384617683545683153e+00
2.661410590646388741e+00
2.615410419000907982e+00
2.934854851443190249e+00
3.081887446416462062e+00
2.965740812902048162e+00
2.932038089497262412e+00
2.478271696398751889e+00
2.857226864604174299e+00
2.448188526472225401e+00
2.249097215409532335e+00
2.540040292197085936e+00
2.583572607871596816e+00
2.854166329999501706e+00
2.160268345291784353e+00
2.309487377379662476e+00
2.423373124583469096e+00
2.537174166457399682e+00
2.318992355818340734e+00
2.656426466076720061e+00
2.632844615040381697e+00
2.266170898209926676e+00
2.328531041948429969e+00
1.669208761483933712e+00
1.611891359095808607e+00
1.677687731589693865e+00
1.436775517719044215e+00
1.403413081035373988e+00
1.219690976865247745e+00
1.203397977353870996e+00
1.647363528679376854e+00
1.619362501694009859e+00
1.007270028039733756e+00
5.532893243381262760e-01
9.226545433132820051e-01
3.489155199911868621e-01
-1.138128745662791985e-02
-2.060042295767998133e-01
-2.817083545724243798e-01
-2.314728190409093556e-01
-5.026717456571352938e-02
-3.675457463936075975e-01
-5.729145203243600770e-01
-6.472921415770045428e-01
-8.511980235336538136e-01
-5.444811786982517443e-01
-4.860686755508244472e-01
-1.033889826971520765e-01
-5.858329068211352020e-01
-7.569990602531216917e-01
-5.296158156022515717e-01
-6.099476401254859681e-01
-1.057480248555647595e+00
-1.753418352412021708e+00
-2.086797248095275670e+00
-2.564866071580335749e+00
-2.596410537131333740e+00
-2.049637280426186869e+00
-2.341896626819256255e+00
-2.428454411552001702e+00
-2.212469281754186667e+00
-2.208950329174576677e+00
-1.885888781077416976e+00
-1.844204275080352673e+00
-2.102628696731694724e+00
-1.737276509806909841e+00
-1.672360474981818168e+00
-1.795077973596445053e+00
-2.027134476506429639e+00
-1.608971446717649911e+00
-1.074281780374093609e+00
-1.199908598708207874e+00
-8.735621111270202022e-01
-9.680246824938562034e-01
-1.102719152302926053e+00
-1.446105273469181718e+00
-1.154435690483361920e+00
-9.010885496587568433e-01
-1.013427936882564939e+00
-1.427399207812990456e+00
-1.111817320718184288e+00
-1.350444876973001085e+00
-1.273605083056078335e+00
-1.131542448142436763e+00
-6.854725026656254272e-01
-3.942328569802509564e-01
-5.984272685847740192e-01
-9.726502221604886866e-01
-7.839047582362795863e-01
-8.809121020772044952e-01
-1.075459898214572663e+00
-1.741778429787870897e+00
-1.582618262679994281e+00
-1.876426365846485034e+00
-1.876800121116025233e+00
-2.053603294238189658e+00
-2.151682263736144574e+00
-1.827848637304645196e+00
-1.716983820425757035e+00
-1.151037708140942639e+00
-1.391089402785789630e+00
-1.350445145880831088e+00
-1.494886865319065228e+00
-1.708045964016778218e+00
-1.859921878127890782e+00
-2.163771502606667951e+00
-2.505849615078973081e+00
-2.641366133914052394e+00
-2.496384909345168879e+00
-2.714837868874821147e+00
-2.717587124444191371e+00
-2.905579765263408554e+00
-3.263917434953305108e+00
-3.495931687533925025e+00
-3.619556753735649668e+00
-3.977605411554636650e+00
-4.105600943170085060e+00
-4.475295079238595264e+00
-4.419425145605009320e+00
-4.396570559409271439e+00
-4.872243351557563606e+00
-5.065810056518906812e+00
-5.221800144237700003e+00
-4.961329508085703388e+00
-5.283355859452579573e+00
-5.576424145518568132e+00
-5.689944210357291254e+00
-5.822834064873474880e+00
-5.459004698202209127e+00
-5.125473187096872607e+00
-5.277272902027351442e+00
-5.247737939724943956e+00
-5.737893302427494291e+00
-5.334495846703703137e+00
-5.216136845801821131e+00
-5.446550224511689464e+00
-5.842592650781442742e+00
-5.617833022214443695e+00
-5.593051505374029730e+00
-5.775614457135552549e+00
-5.716068947428247782e+00
-5.649536388901443829e+00
-6.000377436269737075e+00
-6.769492566411901002e+00
-6.434611329894609710e+00
-6.316852184284424965e+00
-5.813766884036436267e+00
-5.338738293531728907e+00
-5.308650855072597707e+00
-4.933831882993214180e+00
-4.967526085880019870e+00
-5.054128265766871131e+00
-4.599829373439857427e+00
-4.609718354092192882e+00
-4.445687887386235992e+00
-4.406758982163433203e+00
-4.496440629076163376e+00
-4.037981484864375581e+00
-4.371152595323042789e+00
-4.442198763044117982e+00
-4.902969116197811950e+00
-5.041041432505738662e+00
-5.467813081028387145e+00
-5.504009113359264127e+00
-5.189788175511991675e+00
-5.104801834692810125e+00
-4.383160887514910620e+00
-4.616280264854470516e+00
-4.737032315077012612e+00
-4.413795800713101514e+00
-4.645014112387483074e+00
-4.486896254773841797e+00
-4.311041030393278461e+00
-4.108772186109587388e+00
-4.161675161222644803e+00
-3.703438618779955505e+00
-3.508129388821231487e+00
-3.226073083547915665e+00
-3.578110932677811107e+00
-3.534865694152739657e+00
-3.433498418134317554e+00
-4.045151763881026596e+00
-3.777685194367644161e+00
-3.652949417171212243e+00
-3.196875626895426148e+00
-3.182360049180278594e+00
-2.968426699729220797e+00
-3.285767754024316645e+00
-3.627386202889800515e+00
-3.406197562035923276e+00
-3.827472068900914515e+00
-3.574510373925573692e+00
-3.536406134916098232e+00
-3.777507998299050040e+00
-3.640402816716077794e+00
-3.754363254693414031e+00
-3.892989024530086439e+00
-3.742369782684389801e+00
-3.543592680648413928e+00
-3.827553424406787030e+00
-3.781361032064238348e+00
-3.986866043312847996e+00
-4.086345422505524461e+00
-4.501767355385313252e+00
-4.401755201892246561e+00
-4.519695993609701645e+00
-4.746745071824545192e+00
-4.994598041948701272e+00
-4.573104736697475303e+00
-4.558300443852860262e+00
-4.822062933151951114e+00
-4.862947198054422770e+00
-5.293575207824780193e+00
-5.279662243004591637e+00
-5.811111239347716229e+00
-5.743146428604605447e+00
-5.741205542877814594e+00
-5.653731620070066022e+00
-5.890767895536736631e+00
-5.848752968682687126e+00
-6.157337035274789372e+00
-5.991024581902074431e+00
-5.701268732493413260e+00
-5.423164340141978457e+00
-4.987618494796701718e+00
-4.953993156657471530e+00
-5.152903170258263721e+00
-5.075024459707417890e+00
-4.884819632386590449e+00
-5.060069332842342504e+00
-4.663443078628596083e+00
-4.954307939793839211e+00
-4.764395773663502531e+00
-4.882971425634682561e+00
-4.220373567000564208e+00
-3.912420294935838871e+00
-3.523735869553460631e+00
-3.804192045497824637e+00
-3.581722298472157284e+00
-3.030973407915467543e+00
-3.321827016793136966e+00
-3.189902839508773624e+00
-3.007789737963085130e+00
-3.075453379797452147e+00
-3.371843549155965736e+00
-3.019665578137290307e+00
-3.051371955665768354e+00
-3.318979583880809159e+00
-3.219655978283623821e+00
-2.811957326525500012e+00
-2.335343878946454677e+00
-2.526122872171096212e+00
-2.594525699312723699e+00
-2.783342305049277154e+00
-3.027009694456110456e+00
-3.610215365364582318e+00
-3.330851332641361129e+00
-3.287540351761833346e+00
-2.921841523964637144e+00
-3.256535600720845025e+00
-3.511855723768270821e+00
-2.863294674224698522e+00
-2.960534008297615038e+00
-2.898918959367193349e+00
-3.493167008758877312e+00
-3.425155758939883555e+00
-3.582208360830450022e+00
-3.744266061873855023e+00
-3.766265600108257061e+00
-4.340585534435345672e+00
-4.017479062428614967e+00
-3.875550259834646294e+00
-3.651936192328438580e+00
-3.967634616562080829e+00
-3.942919114341215003e+00
-4.308449748984653382e+00
-3.960367433704955253e+00
-4.301345598801384895e+00
-4.466615773504383213e+00
-4.311178450604407075e+00
-3.974673295509243420e+00
-3.504836020777415406e+00
-3.384903387850314527e+00
-3.452404660459500452e+00
-3.451928306378538203e+00
-3.873428032398183340e+00
-3.986504563771334997e+00
-3.970161111174204116e+00
-4.073066662273300942e+00
-3.460875334487349519e+00
-3.869566708721702941e+00
-3.736349617211681906e+00
-3.376222970405770241e+00
-3.304050955016163194e+00
-3.464409084998798516e+00
-3.265764118215287226e+00
-3.509071171739642114e+00
-3.916496297275977589e+00
-3.700112009878354424e+00
-3.509606747105180169e+00
-3.311594297181637003e+00
-2.951385645873529029e+00
-3.399212724708564615e+00
-3.515948556602606523e+00
-3.709421039465651937e+00
-3.871095064015923182e+00
-3.688504945635427745e+00
-3.490713238316420775e+00
-3.383674494443294378e+00
-3.408869055727270503e+00
-3.984329462518186649e+00
-4.007153243792410002e+00
-3.987668773474637440e+00
-3.950391591109407408e+00
-4.137908801379968082e+00
-4.388881564072987906e+00
-4.121884662459435411e+00
-4.088084743671716481e+00
-3.861411322167050741e+00
-3.855174830069386882e+00
-3.610053015418639877e+00
-4.027301135449251390e+00
-3.635293679274051559e+00
-3.349922085432847307e+00
-3.130252132448230640e+00
-3.338010880111428325e+00
-3.379195425246027895e+00
-3.663991443992039798e+00
-3.526800596355339934e+00
-3.339287563957558547e+00
-3.499469038383598463e+00
-3.081587976702885090e+00
-3.051637660399297847e+00
-3.276873537355958543e+00
-3.581500474710541670e+00
-4.137584596757823086e+00
-4.369966557043023947e+00
-4.867465074952510129e+00
-4.511196860309362400e+00
-4.436830304909333833e+00
-4.449530252971251265e+00
-4.856900659066615056e+00
-4.812649065552833783e+00
-4.764023131927856092e+00
-4.538944932859855896e+00
-4.228007902248299921e+00
-3.960440102017449782e+00
-4.321422130494124048e+00
-4.566311798633836183e+00
-4.586530909696561409e+00
-4.089859415231681616e+00
-4.682206467907331415e+00
-5.504953089120986576e+00
-5.306445884041314009e+00
-5.079177849272429768e+00
-4.883040744109718112e+00
-4.795863119515823669e+00
-4.501438215595059411e+00
-4.850221482639705428e+00
-4.974108864486032289e+00
-4.796858884878321128e+00
-5.026503706605035759e+00
-4.590435282055735478e+00
-4.359749347813957066e+00
-4.804554904987515584e+00
-4.835998572817195473e+00
-4.463610726408678175e+00
-4.483437604549002309e+00
-4.651466233405853856e+00
-4.607655382401267374e+00
-4.770535707256146729e+00
-4.917552703100520617e+00
-4.926725251284716833e+00
-4.777491556078103052e+00
-4.800966664947152296e+00
-4.236037601340693293e+00
-4.509780330073521526e+00
-4.363281608589900884e+00
-4.394004729474502824e+00
-4.412543660749290275e+00
-4.404250456697629268e+00
-4.631163841322699426e+00
-5.008815183172462326e+00
-4.825845733874257526e+00
-4.996128801712377943e+00
-5.552346598850053994e+00
-5.723128537363551871e+00
-5.342877769125975007e+00
-5.884124992421719824e+00
-5.871881270654077056e+00
-5.734240020481887967e+00
-5.572828817205334850e+00
-5.982687839603215707e+00
-5.858776208513361894e+00
-5.425191833279269460e+00
-5.341345573497027210e+00
-5.409563815976365042e+00
-5.341063031819019535e+00
-4.936982137011567850e+00
-4.912293050211358647e+00
-4.712981083130870275e+00
-5.070818970916641355e+00
-4.688384539267430817e+00
-4.536148271433852130e+00
-3.928090876175835966e+00
-3.772097849476009124e+00
-3.660290748865353105e+00
-3.690524683939676809e+00
-3.064760669593284081e+00
-3.092608002826257252e+00
-3.025161605281648569e+00
-2.757365080127203605e+00
-2.545146742989141675e+00
-3.106496633641462779e+00
-3.220525442437244923e+00
-3.399048644877454617e+00
-3.327379743763255959e+00
-3.320505973329227700e+00
-3.910089611216772010e+00
-3.647388540448207372e+00
-3.955123237989903284e+00
-4.246687499763823759e+00
-4.309800207913946579e+00
-4.412424563932098032e+00
-4.615814917112884608e+00
-4.499580202151869379e+00
-4.365587288752968753e+00
-3.724389961302962959e+00
-4.039988291992217206e+00
-3.780555445825432237e+00
-3.609686173682601584e+00
-3.702818017376204640e+00
-3.436369270875869297e+00
-3.992269477101107356e+00
-3.533143282341601132e+00
-3.120725827019632526e+00
-3.872656336022880730e+00
-3.463839891425401607e+00
-3.395534862901321116e+00
-3.627849820212131871e+00
-3.691125132145199217e+00
-4.380320903812065403e+00
-4.154546172050746833e+00
-4.193845314735440866e+00
-4.303433010229011479e+00
-4.904873538579042069e+00
-5.227988950353944730e+00
-5.286483147209018796e+00
-4.648806216514739020e+00
-4.452714727837217445e+00
-4.559074165960669056e+00
-4.951524426463159934e+00
-5.030575066634773052e+00
-4.976144440513075473e+00
-4.836679160195894944e+00
-4.895086752261671670e+00
-4.704048703452091473e+00
-4.571743147977985977e+00
-4.150380671136084665e+00
-4.522641052601875877e+00
-4.905275828809800842e+00
-4.853776673235295824e+00
-4.666598270199672882e+00
-4.230052199290971870e+00
-4.090926723115307695e+00
-3.500229432499659232e+00
-3.608446327328022285e+00
-3.651316127013277679e+00
-3.969130166377905056e+00
-3.727295846678694513e+00
-3.508472458494854340e+00
-3.222908596126602632e+00
-2.852946233757450933e+00
-2.996492638508768014e+00
-3.296115334176825673e+00
-3.287031391487982290e+00
-3.836599967756414209e+00
-3.810353183365063678e+00
-3.241878244921458485e+00
-3.154777413655856400e+00
-3.204218854406902128e+00
-2.914709893446651101e+00
-2.237042182834600990e+00
-2.598924918376560367e+00
-2.623946475890248209e+00
-2.689696413564647504e+00
-2.199712779959621223e+00
-2.118720340937404689e+00
-1.749801384508769431e+00
-2.101028382240420989e+00
-1.602390540655917572e+00
-1.584503771482746792e+00
-1.675629652626242638e+00
-2.023101731667901859e+00
-2.096136195705379013e+00
-1.834115849333332493e+00
-1.680561543302910632e+00
-1.359462066437177041e+00
-1.317365766089227286e+00
-1.029933132344774016e+00
-8.934366943293192698e-01
-1.211361799074192502e+00
-1.575888621317600435e+00
-1.391176928619229258e+00
-1.931019915510862273e+00
-1.670678563708989817e+00
