4.380595686746662665e+00
4.044566221300440745e+00
4.348024157144621427e+00
4.161367883806948775e+00
4.856942933319945865e+00
5.573643934437478187e+00
4.815547078141787729e+00
5.513463136178082813e+00
6.323748253729291946e+00
5.711701860173642231e+00
5.784710540621425423e+00
5.496744227317487130e+00
5.376761052983821898e+00
4.004156977579267362e+00
4.754372705551762834e+00
4.582061490000918447e+00
4.788727283883464914e+00
4.104088060886422085e+00
4.862351192601979122e+00
3.689222964027131901e+00
4.484189311019830093e+00
3.560931905174548717e+00
5.651931048736426710e+00
4.783164425662612906e+00
4.121790682707724862e+00
3.733232926520324124e+00
3.629560645258741225e+00
4.231297936999071752e+00
4.181777775230618666e+00
4.348785796041198637e+00
4.213511960776557430e+00
4.671178347832509736e+00
4.491982787873528338e+00
3.804123620767228431e+00
5.036615703191086979e+00
4.179199899576290456e+00
3.319839224781785170e+00
4.104054626226822933e+00
3.669614368156069339e+00
3.513922986002945947e+00
2.541597868171423524e+00
3.332515030909706688e+00
4.227372570096086690e+00
2.405196183470738269e+00
3.060572443486609284e+00
2.792109449518915376e+00
1.598478548752234829e+00
2.754690277063590820e+00
2.332555044359573948e+00
1.630972254444281067e+00
8.462519494412568122e-02
1.357802191432329053e+00
1.047706108505330747e-02
6.552678159235973965e-01
-1.647778008784452908e-01
-2.742932840960410346e-02
-1.126946082568253793e+00
-9.727982099796639304e-01
2.623907601193842254e-01
6.578108983529000753e-01
-2.217640992448988158e-02
-6.272455153199221201e-01
-1.630509048691739515e+00
-1.221337567795556467e+00
-1.663028277134792177e+00
-1.575817961466992045e+00
-2.046440138253283969e+00
-2.193355113305325510e+00
-2.497048887240817194e+00
-2.494661868205492183e+00
-2.986589491922101658e+00
-1.839042967787589689e+00
-3.014043895645112769e+00
-2.949781397626053625e+00
-2.763022130435103030e+00
-3.383180636747607828e+00
-2.718358896439873718e+00
-3.192891921814308809e+00
-2.993321075723891056e+00
-3.604739217711327548e+00
-3.623507503970426313e+00
-3.703735279232786226e+00
-2.683191102775849934e+00
-2.797340727114923986e+00
-2.666693261988770658e+00
-3.125288305896520846e+00
-2.715757759490250223e+00
-1.699434309442319879e+00
-2.690183444935524193e+00
-2.856887607167358567e+00
-3.382242518200647474e+00
-1.677884422467044168e+00
-1.073103526333651025e+00
-1.272823664928832699e+00
-1.827735993918748747e+00
-1.034041287921811936e+00
-1.376537927759565960e+00
-8.725614172215667708e-01
-7.869700563169459429e-01
-5.971391175066287360e-02
-2.237333952241527424e+00
-6.736747069862678572e-01
-1.471811758013853222e+00
-9.968408294886774712e-01
-1.298349151310716820e+00
-1.572554730660906230e+00
-2.068655024992020586e+00
-2.413048262341465744e+00
-2.077688071355916932e+00
-8.336008117108075766e-01
-1.851884860868987737e+00
-1.281927321042537926e+00
-1.034699602247675543e+00
-3.005114167454114416e+00
-2.464767679564458192e+00
-5.781473682611961706e-01
-2.217627350415014575e+00
-2.478901828732672286e+00
-2.879001362038779988e+00
-3.505678180380915165e+00
-3.794692629643280135e+00
-3.718147258247863185e+00
-3.497984286611824700e+00
-4.121100543037702124e+00
-5.354194997811501544e+00
-3.498467292208799151e+00
-3.480738004632508265e+00
-3.347021814354136815e+00
-2.810114931301458618e+00
-3.242634653271352363e+00
-4.242605037143060365e+00
-4.179786629361269767e+00
-5.086982247988593997e+00
-4.278132859948506450e+00
-5.521310677216970220e+00
-4.643310386008522528e+00
-3.770046237889809859e+00
-4.347289332945848628e+00
-4.270586898912317686e+00
-3.708955422142189207e+00
-4.235467380210226729e+00
-3.967778068142130188e+00
-3.216347022005217937e+00
-3.557378740239966142e+00
-3.727542676897148688e+00
-2.832088230888254898e+00
-3.099776911206449270e+00
-2.863807331171371651e+00
-1.751438627551292093e+00
-2.686546373675105848e+00
-2.683500519322087996e+00
-2.132196353129410582e+00
-2.065629202230812034e+00
-2.353377122398016219e+00
-1.896689962962287090e+00
-3.031233340127995390e+00
-2.405123529604373367e+00
-4.585461626151207781e+00
-4.015169115811676015e+00
-2.985357077380840884e+00
-3.147103641207567470e+00
-2.236461400975807479e+00
-2.240430626319000140e+00
-2.191087968527786423e+00
-3.637414610673920912e+00
-4.004818275049244036e+00
-4.575117872992032098e+00
-2.912980086741716157e+00
-4.332503803554627275e+00
-3.897995556012405771e+00
-3.820623558877427328e+00
-5.249120653598782660e+00
-3.825715050709271203e+00
-4.284294849845532660e+00
-5.411639122972426996e+00
-5.191732954941368661e+00
-4.090267808392379578e+00
-4.660846572388093634e+00
-4.390913770441652986e+00
-3.820760367027393301e+00
-3.391450833242209306e+00
-2.927010980146610208e+00
-4.415535045780978329e+00
-3.723823940479707773e+00
-5.746286620359366104e+00
-5.179053683171809475e+00
-4.540646219642898274e+00
-6.427340302231822733e+00
-5.794909939394299769e+00
-5.192712450011637060e+00
-6.786181614945231644e+00
-6.308030261574352870e+00
-6.270518012077233472e+00
-5.755709694613011962e+00
-5.024444351588307711e+00
-5.001572736632848404e+00
-6.344819593985667083e+00
-6.257422002488123525e+00
-6.015521935079260807e+00
-5.976530430043971442e+00
-6.477171307431669689e+00
-5.440996055065018489e+00
-6.131479503233888906e+00
-4.221432011370425563e+00
-5.992056747320873455e+00
-5.379095042372690649e+00
-5.571193237068090554e+00
-4.859057853007804795e+00
-4.850793300210931136e+00
-5.676564691684084174e+00
-5.972094299743720747e+00
-6.153660899770689419e+00
-6.368071992532152059e+00
-5.896742373944817928e+00
-6.365713095398366050e+00
-6.163675291080366492e+00
-6.777760670131282694e+00
-6.659502446799269393e+00
-6.540555071434213552e+00
-5.663299457600367681e+00
-5.082652132235334186e+00
-5.428926067521675947e+00
-6.252938468407382544e+00
-7.443115028801862820e+00
-6.312415049734517503e+00
-6.129745086551217526e+00
-6.486833934823247105e+00
-5.623943092011889355e+00
-5.071521960119458328e+00
-5.426883648435917529e+00
-3.871109933091042343e+00
-5.251729983242085176e+00
-4.481413291404419574e+00
-4.342755054012527260e+00
-4.155770614186591771e+00
-4.315114644312754599e+00
-5.261890370679913609e+00
-4.616189393829045251e+00
-4.260506064274985683e+00
-5.268684016065504849e+00
-5.247395996944744567e+00
-4.512705583223036498e+00
-4.693734589790927281e+00
-5.091727967535939925e+00
-4.548177702989791626e+00
-5.721773780881417970e+00
-4.607909955696710469e+00
-5.252132075375090636e+00
-5.551086443967901296e+00
-5.388468121172761194e+00
-5.631375588303663804e+00
-4.933470552820748090e+00
-4.645779031577929707e+00
-5.138078719316000686e+00
-5.151122317609174495e+00
-5.548336772842490383e+00
-5.806690187655410007e+00
-6.120464825523463048e+00
-4.854171674360988398e+00
-6.023949063955567063e+00
-5.530520897471185471e+00
-4.607262211353130965e+00
-5.184728276231639121e+00
-5.451387660984779338e+00
-5.938915549277127504e+00
-5.051462373965216024e+00
-5.609623407655767835e+00
-5.393976149222988958e+00
-6.395195632555595644e+00
-5.909635618408542790e+00
-4.800033473631982517e+00
-4.547840292796325734e+00
-4.629857530900219231e+00
-3.815570796530760589e+00
-3.877431306868480476e+00
-3.612712105759862347e+00
-4.282107667527227157e+00
-4.463695319410251550e+00
-3.548731687328385398e+00
-4.077945396029402758e+00
-3.753834847214356785e+00
-3.113966628887130383e+00
-4.190755720012603547e+00
-4.063678903133728149e+00
-5.526733683885995063e+00
-3.817069805922260528e+00
-5.233267925212782501e+00
-4.330687366330315591e+00
-5.445405665823767727e+00
-5.542575237718277315e+00
-4.567601412606865807e+00
-4.541910928486961652e+00
-5.734111688661995387e+00
-3.933744042485141534e+00
-5.050894969307935689e+00
-4.900275012977884259e+00
-4.087276929903352674e+00
-4.076521857631937529e+00
-3.650773965037900304e+00
-5.686639579049819204e+00
-3.523164440645006223e+00
-4.166695761769737771e+00
-3.652226407107139750e+00
-4.543409537905167994e+00
-4.428353176952981585e+00
-4.497551798142197299e+00
-2.585761375569767040e+00
-4.091871153084106538e+00
-4.342681828298243119e+00
-5.593735389275349412e+00
-4.637430868446998034e+00
-5.790369579179311721e+00
-7.195556680541232986e+00
-7.049381663526986586e+00
-6.944003582727739321e+00
-5.011314338051695572e+00
-6.204704610387019592e+00
-6.417742254347684749e+00
-5.565599530444686138e+00
-5.410249619377942132e+00
-5.436840339739594796e+00
-6.143850608116054879e+00
-5.047149053877428848e+00
-5.384322926123343400e+00
-4.977673740421937332e+00
-5.397217415425384246e+00
-5.371972841515010089e+00
-4.753283296467201602e+00
-4.141667754333090201e+00
-3.944296839402657184e+00
-4.438764182818619730e+00
-4.167286022865022588e+00
-3.870140985035114056e+00
-4.722884473108000414e+00
-3.913660835611017852e+00
-3.707341910613191516e+00
-3.970674606424852371e+00
-3.677056269719429338e+00
-4.315896272892065788e+00
-3.626053494999147198e+00
-3.569141824600742474e+00
-3.232995658899630698e+00
-3.853947320677037602e+00
-3.211770390040527445e+00
-4.326094650583525159e+00
-3.944487926140206824e+00
-3.906502955478848627e+00
-2.498264931543867640e+00
-3.355727145271912626e+00
-3.665235615365561195e+00
-2.747613632661844107e+00
-3.219722466161076824e+00
-2.021627462324461000e+00
-3.084521554639020557e+00
-3.440863508299615070e+00
-4.547178745221612139e+00
-2.270791979272992478e+00
-2.725586946510210495e+00
-3.795612081490304490e+00
-4.277879249564541908e+00
-3.054469864948341495e+00
-4.468605541982475060e+00
-2.683452041823677803e+00
-2.950538846586564290e+00
-3.306034897267034367e+00
-3.784904320780671405e+00
-2.489119873367473978e+00
-3.209394810217576222e+00
-3.745845559768020472e+00
-3.931560885784367798e+00
-3.621126084402454204e+00
-3.409699761793728356e+00
-3.463545371828892883e+00
-3.328015814499994285e+00
-2.321048604428155748e+00
-2.837212847329199761e+00
-2.989044412366471448e+00
-3.767737250065143151e+00
-3.132246614085179459e+00
-3.736828678892925026e+00
-3.652491781200950527e+00
-2.331502388090631150e+00
-2.661712729107627240e+00
-2.405462198903158821e+00
-3.890514953437734569e+00
-3.901328763262235988e+00
-3.525582540444823110e+00
-4.060685967785953032e+00
-2.915108224302870532e+00
-3.224782716481961131e+00
-3.180886646730473721e+00
-4.328453741793405918e+00
-3.956041722056924392e+00
-4.077710091712067886e+00
-4.093769569147045040e+00
-4.774504559045277929e+00
-3.372684264781568686e+00
-3.242734694568198073e+00
-3.371244503891984046e+00
-3.437568116318508338e+00
-2.575660464606201572e+00
-3.464234619230713186e+00
-3.095937958041677263e+00
-3.611536632832200056e+00
-2.850753127900756745e+00
-3.270295555494439732e+00
-3.509664951026731039e+00
-3.081787392036461348e+00
-3.165306545926209303e+00
-2.896668566414756008e+00
-2.647044891791563437e+00
-1.593017976458673601e+00
-2.528624651764964426e+00
-3.335011033524913238e+00
-2.186542069512982245e+00
-3.078364292024986071e+00
-1.436270485765922089e+00
-2.266311403678260561e+00
-3.441635401293041241e+00
-1.657717054633896403e+00
-3.194978543203391474e+00
-4.065278303638758750e+00
-3.886725346035600381e+00
-3.320279870025779623e+00
-3.591264491537780046e+00
-3.258950444652937151e+00
-3.623990019061666956e+00
-3.154347544772766021e+00
-4.441996547646284377e+00
-5.226493218772554350e+00
-4.359927296300332600e+00
-4.415516618536682536e+00
-5.510371955251783582e+00
-5.065920630530832192e+00
-5.140487039807567271e+00
-4.494920425773587525e+00
-4.671930174510131373e+00
-5.260180082236180610e+00
-3.746744995068993944e+00
-4.239418482311030800e+00
-3.951918037319087418e+00
-3.752542337345470713e+00
-4.255875926815223309e+00
-3.825330559978041833e+00
-4.583159851873751300e+00
-5.283790240961021567e+00
-4.966781104121528401e+00
-4.606430889814927099e+00
-3.775546562677924989e+00
-3.783702640560090202e+00
-4.481209190880284687e+00
-3.052980841045172866e+00
-4.895966183415964679e+00
-6.082765036516631696e+00
-4.396420109956157063e+00
-4.981524015290862195e+00
-5.383315312431706801e+00
-4.077319323922394823e+00
-4.994983116589208016e+00
-4.961393084918863217e+00
-5.121983893384840947e+00
-5.713204705253317250e+00
-5.533028434265331974e+00
-5.665758207204755870e+00
-5.189154565732463809e+00
-5.665232269339256277e+00
-6.460665267456514371e+00
-6.434921877431253989e+00
-5.278806833599629655e+00
-4.989333914323946573e+00
-5.032580379605548160e+00
-4.714592379386972176e+00
-6.142243688903769261e+00
-4.145548752444105034e+00
-6.030564488015042635e+00
-7.268465620539019234e+00
-5.980075305475294201e+00
-5.576723971603168906e+00
-6.742278397219711117e+00
-5.270869194539630875e+00
-6.331864226304947607e+00
-5.997286101897237209e+00
-6.403115243042982740e+00
-7.043649020798262050e+00
-6.968082629311047604e+00
-6.865531351626890988e+00
-5.419446293642233847e+00
-4.990089209700239614e+00
-5.762901127175009464e+00
-5.346709611553976060e+00
-6.252327119092468521e+00
-6.240589374012138535e+00
-5.855188192825851345e+00
-7.527112672910871716e+00
-7.243149736160885865e+00
-7.503400915172156793e+00
-7.595382108343754268e+00
-7.538580175928425220e+00
-8.005500236359676336e+00
-7.982995526058869196e+00
-6.009186229168132165e+00
-6.716951684511385245e+00
-2.289060604866082116e+01
-2.301269383637164623e+01
-1.950738442878244427e+01
-1.833740562701141386e+01
-1.838947769799049681e+01
-1.104988366771489794e+01
-1.541205937754044797e+01
-2.302855153281048572e+01
-1.802382035691940843e+01
-1.746883234193075651e+01
-1.794926965477746705e+01
-2.018529848114185654e+01
-1.133856325264443576e+01
-8.719743729160278178e+00
-1.507652559965367089e+01
-1.882382244627939372e+01
-1.852224244571973344e+01
-3.094696378913667445e+01
-1.913138866895542378e+01
-1.664296513282392809e+01
-1.531158093958062594e+01
-1.689238057281984595e+01
-1.435462306503096741e+01
-1.536455340587922791e+01
-1.389667542537758393e+01
-1.272538643094855537e+01
-1.579984947366205361e+01
-1.390873785686120634e+01
-1.861582848477969065e+01
-6.431156701855917035e+00
-1.526816291504037082e+01
-1.069010267993513885e+01
-1.228001783808625547e+01
-1.947817610521317633e+01
-1.632349733843567918e+01
-1.737863726201230463e+01
-2.033559003214859473e+01
-2.015697064704151842e+01
-1.995670494121312544e+01
-1.606401828730825443e+01
-1.549700506628542840e+01
-1.320336482385855348e+01
-2.588750697076642382e+01
-1.672043953476860878e+01
-2.262370037804948453e+01
-1.516346799502203879e+01
-1.650541887221598003e+01
-1.125499933917504514e+01
-6.270690834075647757e+00
-9.728996410829346075e+00
-8.291938886358337868e+00
-1.482630698052830809e+01
-1.878063631309498049e+01
-1.128862171686405524e+01
-1.589760124830990939e+01
-8.228846354716857547e+00
-8.591783630087665102e+00
-9.055306874167730058e+00
-1.959214920500502188e+01
-1.739914813598701926e+01
-1.278115642373571781e+01
-1.487628078327880843e+01
-1.340159353611966075e+01
-1.518269598629593276e+01
-1.851724022049420526e+01
-1.913224103620109062e+01
-1.318676530350594511e+01
-1.433239462363789585e+01
-1.876749727013179836e+01
-2.062520919338049197e+01
-1.692001878010657379e+01
-1.187622392148915651e+01
-1.968523588839985194e+01
-1.441289364862234201e+01
-1.445536945701724107e+01
-8.542387431787245688e+00
-1.419064632487533828e+01
-1.497547389241021598e+01
-2.299551030002410812e+01
-1.736343567922705944e+01
-1.568317421566235481e+01
-2.003322599602152820e+01
-1.338767713700442563e+01
-1.803957252223642627e+01
-1.931032432919099762e+01
-1.243151829234687611e+01
-2.413194882477608161e+01
-2.203105880458083021e+01
-2.000362783838110303e+01
-1.503823791456681214e+01
-2.143988290394187146e+01
-8.861217971638803093e+00
-8.427637288525316350e+00
-2.055604104171300861e+01
-8.975251554581333835e+00
-1.218771237317376688e+01
-1.630697094835930727e+01
-1.247303726591718842e+01
-1.796316644454677203e+01
-1.430031418351812178e+01
-1.405905423086494821e+01
-1.066876278626733487e+01
-1.469156526943609720e+01
8.966329594198612085e-01
-1.874879427033254586e+01
-1.900216009371072090e+01
-1.716749234471365781e+01
-1.849013304523474233e+01
-1.749484529590615622e+01
-2.395416827954352001e+01
-1.499694428256059986e+01
-1.385324658216591764e+01
-1.036095028662014172e+01
-2.285258788089307913e+01
-1.815366492310539570e+01
-1.119489665276316970e+01
-2.515813063924669990e+01
-1.259256024241363647e+01
-2.228520726351770875e+01
-1.779683852742434880e+01
-1.789313668662041579e+01
-2.487062802066463618e+01
-1.370487780711100889e+01
-1.996679658099297683e+01
-1.437373401339079848e+01
-1.716910842193495768e+01
-2.326473123458307413e+01
-1.635700546474105010e+01
-2.194048088547597786e+01
-7.617514918629007425e+00
-1.119485101300969809e+01
-1.480025949564065257e+01
-1.732032918475706040e+01
-2.239322683051864971e+01
-1.669018554018316536e+01
-1.929183833450256103e+01
-1.120984999426053363e+01
-2.238257133197112836e+01
-1.290676117407378420e+01
-2.034548972541934475e+01
-1.379139944379844707e+01
-8.788954680056640711e+00
-1.914870299163801093e+01
-1.542042605680520850e+01
-1.671709589304155585e+01
-1.143692454976426376e+01
-1.269045996461611026e+01
-1.608873427333788442e+01
-1.785329745461129392e+01
-1.198811530248153545e+01
-1.199486591445234041e+01
-1.488957862367068685e+01
-8.344615009473262290e+00
-1.528003167530254203e+01
-1.560607930536556864e+01
-1.799419597713203700e+01
-1.337199256203289721e+01
-1.581193205244831290e+01
-2.164719669850003214e+01
-1.477927766310360624e+01
-1.594211653163310949e+01
-1.412090153289768679e+01
-1.127892797428502192e+01
-1.843950910671447829e+01
-1.098674863497387122e+01
-1.522129659097539189e+01
-1.051242292296855041e+01
-1.472186038442128186e+01
-1.725064634252789375e+01
-1.014766345832390471e+01
-1.068270278845790600e+01
-1.778339700143155255e+01
-6.380128838294909954e+00
-6.374498789320568903e+00
-1.627066930879090023e+01
-1.374625634268115704e+01
-1.676609522657776807e+01
-1.477854429543998904e+01
-3.905218874246791927e+00
-2.042009930253605177e+01
-1.804082370536231394e+01
-1.496723859900428977e+01
-2.378060367240941986e+01
-1.505803018169014962e+01
-1.237613362310585430e+01
-1.747814317783618421e+01
-1.406093876803611664e+01
-1.119131673714544917e+01
-1.074420791893721372e+01
-1.516239207712340153e+01
-1.745833296383065658e+01
-1.510984633961757950e+01
-1.014601721132645018e+01
-8.925746264175931088e+00
-1.355241398644199080e+01
-1.399532343901709908e+01
-1.404044806512672139e+01
-1.139835833201358817e+01
-2.029008340401860977e+01
-1.392858423105155730e+01
-1.736134427009940850e+01
-2.025082491932055717e+01
-1.471209756500830323e+01
-1.888554536100357240e+01
-1.478163003382500662e+01
-1.313230768657399139e+01
-1.728970247497451140e+01
-1.228261066879282204e+01
-1.272819395779872309e+01
-1.000973219255828539e+01
-3.729434280735143048e+00
-1.623865864268292825e+01
-1.651596758375940510e+01
-1.474655294973766040e+01
-1.793923193503292168e+01
-9.798245366510020204e+00
-4.975337626146083991e+00
-1.062774152439705766e+01
-1.565137662641496163e+01
-1.172039397108127901e+01
-6.292358647083037937e+00
-9.551223155771886297e+00
-6.174308107222121755e+00
-1.409943244458673206e+01
-1.518342271019309209e+01
-1.985563719447068465e+01
-2.288368347230913713e+01
-1.240832093672606540e+01
-2.244179701876331023e+01
-1.114989955807590150e+01
-1.583287449505259659e+01
-2.034861254128794883e+01
-5.296461289688069840e+00
-1.522733558407337640e+01
-1.596193445743323380e+01
-1.313558980285145417e+01
-2.114778621588489216e+01
-1.617855556511242199e+01
-1.010168810002484108e+01
-1.648933789884704737e+01
-1.910575056841743447e+01
-1.765003745645736899e+01
-1.450116557936570416e+01
-1.679635827362418965e+01
-1.167809934367223512e+01
-1.951636001899154138e+01
-2.234193864667609120e+01
-7.058210672794047014e+00
-8.835721584171633225e+00
-1.930378143126851853e+01
-1.021867790414179566e+01
-2.220319027984841398e+01
-1.174244701151076775e+01
-9.395142487653620478e+00
-1.838340570617793901e+01
-1.324515681621317320e+01
-1.039505117966885628e+01
-1.108079837502765308e+01
-1.552541391539017468e+01
-1.891207880801282926e+01
-2.258872069620857559e+01
-1.237942976319584432e+01
-1.270771331475724253e+01
-6.248064015246002967e+00
-1.250576264917837577e+01
-8.349866646033394346e+00
-2.256139488300001972e+01
-9.106081771829963145e+00
-1.327877662928336910e+01
-1.538345125694236692e+01
-1.104919990220300008e+01
-1.411158648349073630e+01
-1.414205538669644113e+01
-1.962011365525486895e+01
-1.160224446866349979e+01
-9.323346096525103377e+00
-1.197569391928793436e+01
-1.480619624274659607e+01
-1.486506825875239457e+01
-1.351698919255043130e+01
-1.710738236802429668e+01
-1.366674451753958763e+01
-1.447984266665876518e+01
-1.443274019139539277e+01
-1.227006474786108114e+01
-1.548597126370032662e+01
-2.090720648528940728e+01
-9.405728031766226849e+00
-5.862017616296509637e+00
-1.565796924444257243e+01
-2.053917990387117243e+01
-1.232865079352936633e+01
-2.140148812185088545e+01
-1.658005316159928810e+01
-6.815783913660481197e+00
-1.580492653040229456e+01
-1.234091296011423644e+01
-7.762029874001981078e+00
-6.361005205207681534e+00
-8.260132490832884145e+00
-8.997550821371692820e+00
-8.813869569822966099e+00
-1.923516132230929188e+01
-1.076285751771249188e+01
-1.435505976423822005e+01
-2.519667468763707063e+01
-1.095186468647587930e+01
-1.487029672284096549e+01
-1.197594007029518792e+01
-9.786118170400772698e+00
-1.891126381205894091e+01
-1.126936182196442360e+01
-6.957810517134224604e+00
-8.963226950016771610e+00
-1.490858330657725084e+01
-1.791290281754032065e+01
-1.658488515328798485e+01
-2.625467276836934971e+01
-1.608380855300529078e+01
-1.132114817226772630e+01
-1.632547308260419783e+01
-1.039573904627807543e+01
-1.553385764058809571e+01
-1.629408326771589799e+01
-9.573457624090790929e+00
-1.047109625536039701e+01
-1.944082224003743420e+01
-1.329123625954370880e+01
-9.419747389297423723e+00
-1.596260761489239322e+01
-7.813118134242495572e+00
-9.425546998849519298e+00
-1.529377503917250714e+01
-9.863681765496055576e+00
-8.761374943044835106e+00
-1.397414168931290845e+01
-7.476966076753686963e+00
-1.287857202135779033e+01
-7.048564201886341252e+00
-1.444523009008851844e+01
-1.571874384665466984e+01
-1.524312982321407084e+01
-6.257092104970311652e+00
-1.644598744381365663e+01
-1.492794705538678812e+01
-6.250555998600558993e+00
-1.689933183246728277e+01
-1.268694606688096016e+01
-4.563796925832831697e+00
-1.270851797901718072e+01
-8.812353130312995830e+00
-1.338312363388042137e+01
-1.303744430182463532e+01
-1.678494614858673373e+01
-1.479183857126036550e+01
-9.991446954404603176e+00
-4.278332891265226756e+00
-1.438100748171446241e+01
-7.664349887106366666e+00
-6.148158423883894663e+00
-1.348254850040290265e+01
-1.110751426479800585e+01
-9.834081813280977968e+00
-1.049237725382339192e+01
-2.174672260594712014e+01
-1.556235286249768635e+01
-8.402095627125163446e+00
-8.590883981660130786e+00
-1.269108695166120526e+01
8.364586739319879172e-02
-2.150960783569469470e+01
-9.728873314686252272e+00
-1.272004120468885802e+01
-1.325876690154684212e+01
-1.675999382443726660e+01
-1.322183703276563449e+01
-1.218141754425370848e+01
-1.141763428033547001e+01
-6.119726949419494133e+00
-5.163768480118390514e+00
-9.860021452586931190e+00
-1.388810902656104496e+01
-1.142409039573556839e+01
-1.535245968877178058e+01
-7.809215562847985126e+00
-1.278418797792408768e+01
-9.913391337761119360e+00
-3.177334891441086384e+00
-1.100465025471408254e+01
-8.746064162331855130e+00
-6.092344834273123233e+00
-9.152065446157772399e+00
-5.890684009527744180e+00
-4.840213486773402352e+00
-1.279396884571696624e+01
-1.774386279464367178e+01
-1.268413883232334172e+00
-5.398559004517986537e+00
-1.170265206428175908e+01
-1.220405185836921369e+01
-7.084145367917979996e+00
-9.291665599277479259e+00
-1.023218136232401498e+01
-1.108775551419607908e+01
1.068444477481666155e+00
-2.320766065222413133e+00
-1.129681092139165699e+01
-1.790010479957264167e+01
-6.187267649490943100e+00
-1.665197860331297619e+01
-8.438421308187889380e+00
-6.863024873904179479e+00
-1.060347902060770764e+01
-7.630458354986995317e+00
-8.118023546728879936e+00
-1.222542996972212492e+01
-9.189689406015279616e+00
-1.319688127126698696e+01
-8.496681100327766245e+00
-5.228897459997960517e+00
-7.926485290500917991e+00
-1.722566957468359661e+01
-1.513407697155478004e+01
-1.354473698203422671e+01
-5.468635551694548624e+00
-1.341371568123012281e+01
-6.099282206384723182e+00
-9.936955511778503336e+00
-4.741544129075906611e+00
-6.332312629745807442e+00
-5.379788502128484140e+00
-7.888620339093803224e+00
-1.555961547593802941e+01
-1.060207016318593709e+01
-1.282307175755012807e+01
-5.935533829349438406e+00
-4.961831195451143373e+00
-4.969401064160091863e+00
-1.035392095482074915e+01
-1.878601542794213763e+00
-5.854670011869615998e+00
-1.809464328299088542e-01
-1.061998060078900785e+01
-8.462204455035804429e+00
-4.890683314508630808e+00
-9.228185104577312003e+00
-6.281023836097247681e+00
-4.714318893369455310e+00
-1.396250428782801123e+01
-8.154861693365795361e+00
-1.393671608023180930e+01
1.365462420941367938e-01
-1.528349460944503235e+01
-1.397367583678270897e+01
-8.918249272270566408e+00
-1.390598032026331410e+01
-1.200074832804773450e+01
-9.917997520094214536e+00
-4.856833164896569244e+00
-1.192110435831651571e+01
-4.510885799616522362e+00
3.335171261696717959e+00
-1.137444145284306529e+01
-1.313045490726234554e+01
-1.469403153944273477e+01
-1.038880638696314129e+01
-1.406133892821505604e+01
-1.370906319721147781e+01
-8.161056965177422740e+00
-1.282551069828284795e+01
-8.788667111570365620e+00
-1.186064775721623121e+01
-8.546707863585972120e+00
-1.509161021107104261e+01
-8.584114358975874381e+00
-9.760687893414518257e+00
-1.015632294931307733e+01
-6.661426155762938173e+00
-7.714350654646710659e+00
-1.643162240427665921e+01
-9.628880095492970526e+00
-5.271126724315744028e+00
-1.099792701458625999e+01
-5.589102632619685984e+00
2.105750840874716534e+00
1.590673290586229083e+00
-3.504452606443258844e+00
-7.699489270776056493e+00
-1.509459095923283556e+01
-2.947436273347583846e+00
-9.966438994577178079e+00
-1.150004741002651087e+01
-9.257930106278047688e+00
-4.780216426754206438e+00
-1.184896489618706639e+01
-1.611280222003626861e+01
-6.809224673105761738e+00
-6.940650147313072615e+00
-4.257578143726409081e+00
