-3.483427180282180902e-01
-4.347618209269654144e-01
-7.669743790392611338e-01
-8.432394885749748825e-01
-5.850667690957422895e-01
-1.454163719314612857e-01
3.781006878790648118e-01
2.208833849476024569e-01
8.785535364329279950e-01
5.061224438547921034e-01
4.403437304300024113e-01
5.212895679265816540e-01
2.931326535476226347e-01
-2.730541551611921358e-01
-2.342601370736145938e-01
-3.347142354993432045e-02
-1.259562116781772767e-01
1.507015804600572717e-01
-1.187964345132305755e-02
-7.025019883881435945e-01
-6.538519522975761999e-01
-9.281233932722622315e-01
-8.926220498557340122e-01
-9.160444201306201517e-01
-1.172940171754059735e+00
-9.072595510917077499e-01
-1.040677329380873983e+00
-8.674081614548273533e-01
-8.358938415525513088e-01
-5.818096356117929968e-01
-4.791651608291980224e-01
-2.868872991804750638e-01
-7.329435752607174059e-01
-4.392078777024127634e-01
-3.774390783531767490e-01
-6.299639552278064603e-01
-5.814553736697767317e-01
-9.380481735027701440e-01
-1.318228950739661398e+00
-1.295077566415148596e+00
-1.713174863111396551e+00
-1.635895599913044229e+00
-1.597345682642008935e+00
-2.103040157350730688e+00
-1.972764880067364057e+00
-2.009901000272801497e+00
-2.425621119098026135e+00
-2.590295139636276112e+00
-3.134837124142793918e+00
-3.575848412843105617e+00
-3.974499716524955595e+00
-4.177657512969211062e+00
-4.612840285778617044e+00
-4.500282111315368816e+00
-4.536083108994343860e+00
-5.359914465532819250e+00
-5.484724679635889721e+00
-5.958209551834641182e+00
-5.469952156227881446e+00
-5.041347787792332724e+00
-5.263910974178963365e+00
-5.431054450383753895e+00
-5.861284912643850653e+00
-6.114435069645818288e+00
-6.117385487559948487e+00
-6.436555664749740835e+00
-6.777378900531408235e+00
-7.428865642034086392e+00
-7.461431876718197742e+00
-7.607657844025943028e+00
-7.924101401240452702e+00
-8.109323982447326884e+00
-8.308872448283542766e+00
-8.189369579360766593e+00
-7.987621835943657267e+00
-7.952772630161907053e+00
-8.058801353803785261e+00
-7.845520089474948833e+00
-7.836589751539346338e+00
-8.314282580189326310e+00
-8.466788487644343775e+00
-8.606070422311187684e+00
-7.726872099158439866e+00
-7.832279493173990303e+00
-8.054321424398485973e+00
-8.056201507021237163e+00
-8.115218311553825004e+00
-7.905182063655081137e+00
-8.266617338547954219e+00
-7.853404680946313832e+00
-7.581377834027261287e+00
-7.179186524772385170e+00
-6.985421402348885422e+00
-6.710657148721588250e+00
-6.364239942604062783e+00
-6.535467310060157686e+00
-6.154725338857312877e+00
-5.955373245686121919e+00
-6.188693566913954669e+00
-6.556641771805075791e+00
-6.129711463048775677e+00
-5.694555655453815923e+00
-5.965280347139580996e+00
-5.965454692796918756e+00
-6.146645969902777118e+00
-6.641147397444740363e+00
-6.705839130861053654e+00
-6.542540384153716637e+00
-6.762967777703183359e+00
-6.748751070794314799e+00
-6.899394797272303315e+00
-6.627923842998340476e+00
-7.054684957136872825e+00
-7.369404773554887100e+00
-7.460694733871885198e+00
-6.701040792436470106e+00
-7.620102754961715519e+00
-7.830802877499751347e+00
-8.486707570854319371e+00
-8.677911893133986254e+00
-8.982622416896830941e+00
-9.094355126592278182e+00
-9.170131109004639569e+00
-9.206525052046936608e+00
-9.139567450471691501e+00
-9.199500458171002037e+00
-8.922057732792053386e+00
-8.697908311235240220e+00
-8.634861863086729983e+00
-8.926257873050639446e+00
-8.966169410922557148e+00
-9.504735803185207388e+00
-9.724296847065131644e+00
-9.849902218834728274e+00
-9.902403858871970499e+00
-9.568083018787543637e+00
-9.245288703224790794e+00
-9.073210785485862573e+00
-8.816401679497349875e+00
-8.897402788901553450e+00
-8.757653188920841103e+00
-8.190063704990048876e+00
-8.405927148156765227e+00
-8.218207106708995013e+00
-7.935075900776743296e+00
-7.553599425858680050e+00
-8.098580142637381130e+00
-7.396862652334485588e+00
-7.533145201998594942e+00
-8.052056364386055876e+00
-7.825530348103416856e+00
-7.746120551421477707e+00
-7.512892424485782428e+00
-7.452669787721569961e+00
-7.646046729422093513e+00
-7.901384742280566975e+00
-8.166852836588729403e+00
-8.490553984472958504e+00
-8.387530640693130479e+00
-8.037529833681595903e+00
-7.582706546576845952e+00
-7.656467243903454900e+00
-7.605908941763402709e+00
-7.643185210058851098e+00
-8.455182424525022000e+00
-8.951185452008724397e+00
-9.230714124185103842e+00
-9.236214250307192231e+00
-8.900655432720894211e+00
-9.188244041386466776e+00
-9.296281222730305771e+00
-9.188589171515706866e+00
-9.144469977031997487e+00
-9.303200697647396211e+00
-9.390651421682381539e+00
-9.071954581748151725e+00
-9.128692189771273391e+00
-9.437054040315583592e+00
-9.141269101478512127e+00
-9.113389392297518654e+00
-9.382393035957477423e+00
-9.445731295464899091e+00
-9.297893365312404512e+00
-9.835273176297013364e+00
-1.049932243245478602e+01
-1.021701862166545105e+01
-1.059344147393821522e+01
-1.063456029021279114e+01
-1.087665185276113000e+01
-1.112745970631322479e+01
-1.167141782054038934e+01
-1.132719410033997853e+01
-1.133188271027208671e+01
-1.055442040803911752e+01
-1.054394632736433124e+01
-1.059090790480805033e+01
-1.095312226309346748e+01
-1.131523062834996196e+01
-1.134479312748367441e+01
-1.060974126737688294e+01
-1.079277777117427384e+01
-1.075794424900401047e+01
-1.044650933113055657e+01
-9.756686710555781517e+00
-9.978511775325872080e+00
-1.004798138433802102e+01
-9.862889760295646013e+00
-9.694781612540259275e+00
-1.022011771350453557e+01
-1.052988808558218814e+01
-1.102311030313720330e+01
-1.126566402729530125e+01
-1.108954400767788506e+01
-1.128713975693550786e+01
-1.156845791048008110e+01
-1.162288692577603655e+01
-1.137344033086348816e+01
-1.126775494551693235e+01
-1.130323374277968362e+01
-1.053363664115250309e+01
-1.039643844008114293e+01
-1.049730426490201829e+01
-1.099934946099978994e+01
-1.138169058636981212e+01
-1.104339888759370147e+01
-1.092525635206119716e+01
-1.043965057534807706e+01
-1.020749745766765315e+01
-1.026052165430496288e+01
-1.022883454937255365e+01
-9.775071194301192534e+00
-9.557934375767581869e+00
-9.558642817161315364e+00
-9.601573036124305460e+00
-9.337468375775250351e+00
-9.461536373322040561e+00
-9.538175710649113626e+00
-9.094762328113619176e+00
-9.452390318643017153e+00
-9.660905983525564622e+00
-9.550503125227168155e+00
-9.274959925368882807e+00
-9.487943114857728233e+00
-9.631899699808963433e+00
-9.610953969460689805e+00
-1.015723782438514355e+01
-1.023195498056734642e+01
-1.043711988996133044e+01
-1.069856019412486781e+01
-1.053078567822969269e+01
-1.043638977392874523e+01
-1.014853380368364100e+01
-1.032343110200624103e+01
-1.031348921218190284e+01
-1.045704888257545662e+01
-1.041594658580517851e+01
-1.037733525150902913e+01
-1.074724404682727297e+01
-1.083778229036331631e+01
-1.029395991737665383e+01
-9.982830803438259792e+00
-1.018630238258384502e+01
-1.011626211040895740e+01
-1.037205776239791355e+01
-1.091971381668509267e+01
-1.010463075467349192e+01
-1.034437559369673210e+01
-1.071686168450796650e+01
-1.098238059481109019e+01
-1.016175860515741824e+01
-9.970163978436481500e+00
-9.287450793001971405e+00
-9.388649947041310284e+00
-9.215563533214453429e+00
-8.938728444404272722e+00
-8.859559820613151615e+00
-9.298485207535231112e+00
-9.319769392185730084e+00
-8.912191899241191706e+00
-8.664797178835346614e+00
-8.718298299081018499e+00
-8.841098476303615783e+00
-8.994570087195310037e+00
-9.047588147560075456e+00
-9.803750609055196463e+00
-9.501059380798041687e+00
-9.654565585555594964e+00
-9.609535176426151182e+00
-9.863841410593765957e+00
-9.715909292801917729e+00
-9.832660327684584090e+00
-9.809573746606293554e+00
-9.678670988063856839e+00
-9.086110944418727797e+00
-9.413674932233114134e+00
-9.665504533393928455e+00
-9.162917936077095149e+00
-8.978258411038201103e+00
-8.807940133479045031e+00
-9.478275953103402429e+00
-9.081200385862347346e+00
-9.075364997249144139e+00
-8.717317443735064231e+00
-9.151488098096328017e+00
-9.572471407549297595e+00
-9.419119897376727835e+00
-8.575210056309476414e+00
-9.141458003781185226e+00
-9.129047601026886838e+00
-9.989701681408272194e+00
-1.005988531950548648e+01
-1.041627868614910390e+01
-1.130662803374862158e+01
-1.114477247817372607e+01
-1.144774480362210411e+01
-1.105609015786860283e+01
-1.085836271248271245e+01
-1.086063739156746522e+01
-1.049684243382838744e+01
-1.043724829900451034e+01
-1.049040478911111940e+01
-1.085813852721608086e+01
-1.097763213553163730e+01
-1.064831458043638257e+01
-1.016089556125451310e+01
-1.047332517738685986e+01
-1.043929336048139511e+01
-9.853821780588681634e+00
-9.437696919738639778e+00
-9.581061260166954696e+00
-9.511572311937833035e+00
-9.440198786227343319e+00
-9.228110986093447821e+00
-9.096944486937466934e+00
-9.095018200010597909e+00
-8.892693328997138380e+00
-9.091999388911787605e+00
-8.776607718372662958e+00
-8.708496896544403398e+00
-8.841990968364505932e+00
-8.390900430886279793e+00
-8.220823396795950089e+00
-8.202607905843025904e+00
-8.805351170075237377e+00
-8.383305973715255988e+00
-8.692831616456976107e+00
-8.672041448569636657e+00
-8.546549125412328252e+00
-8.465831113872374303e+00
-8.068092086480953995e+00
-7.877587324856280659e+00
-7.987518746320297680e+00
-7.979145597199091000e+00
-7.990471382942531342e+00
-8.202615132469160741e+00
-8.221256675841344119e+00
-8.169355572628367312e+00
-8.002143781215792728e+00
-8.126343353943752845e+00
-8.119379079753324291e+00
-8.137435988456882541e+00
-8.486630396558295431e+00
-8.680293659140083662e+00
-8.552949791345769270e+00
-8.438475101235086484e+00
-8.959044553975136438e+00
-8.497467928398609871e+00
-8.467558795960950846e+00
-8.293485899194154243e+00
-8.396612175737947936e+00
-8.434210560554840086e+00
-8.377814813823375673e+00
-8.032638529427021723e+00
-8.372019977861013373e+00
-7.838614189172250057e+00
-7.981529779348353060e+00
-7.955083406198056650e+00
-8.263740689646066784e+00
-8.568780453161306099e+00
-8.659766751093849635e+00
-8.541998684239560546e+00
-7.886595659325077889e+00
-7.738224314634734036e+00
-7.858619008874308420e+00
-8.183302015339814162e+00
-8.585390053389978959e+00
-8.752236291187388773e+00
-8.943941973714878202e+00
-8.402383855815148905e+00
-8.132287631756604185e+00
-8.710334632079556272e+00
-8.922463914186552714e+00
-8.969939395599775267e+00
-8.866221912848516240e+00
-9.098102902307468653e+00
-8.811325936757237187e+00
-8.839057314678877120e+00
-8.440757588612969542e+00
-8.451276748857107890e+00
-8.187138601908294788e+00
-7.994262106515625632e+00
-8.061656582191943698e+00
-7.968870771867307745e+00
-7.994495966405371412e+00
-7.885794269724446082e+00
-8.119745369062128404e+00
-7.610188136792666036e+00
-7.593711413850253500e+00
-7.713620611141938532e+00
-7.851160965218005217e+00
-7.760012201621906414e+00
-7.106799778398077194e+00
-7.572536557383103606e+00
-7.671400150297956522e+00
-7.774609498840779231e+00
-7.606944605469128540e+00
-7.453474071680019186e+00
-7.368785562314212001e+00
-7.523899921908022925e+00
-7.470940462571892482e+00
-8.427297416288000775e+00
-8.466418647700772127e+00
-8.642005347663852532e+00
-8.540948614986936249e+00
-8.365538458837914249e+00
-8.410393080639007479e+00
-8.570356632523738583e+00
-8.364317435986070137e+00
-9.129021001383813783e+00
-9.719773384602580890e+00
-9.695659436565714273e+00
-9.926248984255273911e+00
-9.669696045668469964e+00
-9.126243108609815025e+00
-9.671011014501916137e+00
-9.733189800006297077e+00
-9.655501018347486308e+00
-9.317472466706902878e+00
-8.970643913389521273e+00
-9.261218200299879300e+00
-9.129155614113246386e+00
-9.478351497852907315e+00
-9.261408023846422921e+00
-9.225693891963221205e+00
-9.352897532198243269e+00
-9.565690932500096721e+00
-9.793672773863658421e+00
-9.623081654368155213e+00
-9.229891504973684491e+00
-9.383487131744720600e+00
-9.476644061498040728e+00
-9.462810722816971776e+00
-9.881985979974512446e+00
-1.005825951597598689e+01
-1.000200797293460653e+01
-9.941950059491309943e+00
-9.722041602316780384e+00
-9.570892195720464457e+00
-9.490855766977448482e+00
-9.458407460885823070e+00
-1.036062809387851047e+01
-1.026044615963997408e+01
-1.046683921595894873e+01
-1.019740802187907924e+01
-1.080639017397807145e+01
-1.077198029269264801e+01
-1.077493122068930731e+01
-1.059892218791639351e+01
-1.049360840344041712e+01
-9.756306003803015159e+00
-9.806854457118188151e+00
-9.287319289058171279e+00
-9.900283786804724429e+00
-9.682662841818013177e+00
-1.061611570334179255e+01
-1.069452499566680359e+01
-1.072090477374047168e+01
-1.081886738900006861e+01
-1.103726784667694538e+01
-1.067957040456252038e+01
-1.083600806728192012e+01
-1.085679330797896114e+01
-1.071953234722198722e+01
-1.128319455877332622e+01
-1.136637043154626525e+01
-1.147361046695848508e+01
-1.119909422746579430e+01
-1.091025264304110287e+01
-1.087572000215102186e+01
-1.079375600914372413e+01
-1.098282744257493881e+01
-1.088560681349352777e+01
-1.109549280107140312e+01
-1.187320482484182094e+01
-1.175370291903540831e+01
-1.158412943597625677e+01
-1.200604471112008831e+01
-1.245975293158618591e+01
-1.221519521307265066e+01
-1.211432400524567932e+01
-1.165478413373924838e+01
-1.160376913860383929e+01
-1.170980603465428516e+01
-1.193153601893486204e+01
-1.175777509296721668e+01
-1.207211303542016800e+01
-1.195588214201843869e+01
-1.180634752577517688e+01
-1.178857228220725339e+01
-1.132077908393556420e+01
-1.130949601936704774e+01
-1.130754970090619338e+01
-1.176741792631784911e+01
-1.219894733062644221e+01
-1.162546775736117688e+01
-1.151477829839361533e+01
-1.144384998125768860e+01
-1.172806289120662626e+01
-1.225796997472992089e+01
-1.180922598318780992e+01
-1.158322147249079315e+01
-1.108662429103542379e+01
-1.058731863245381177e+01
-1.062848384759660547e+01
-1.021820384565956452e+01
-1.053189280630436109e+01
-1.083366774515444853e+01
-1.100656618232023654e+01
-1.054665691762897417e+01
-1.068181106504570010e+01
-1.024928860877073333e+01
-1.007830585899917430e+01
-9.743270333874939126e+00
-9.502452846444601420e+00
-9.704947550706227943e+00
-9.636746470022274025e+00
-9.569893266189621883e+00
-1.062083596633464566e+01
-1.117995657833656686e+01
-1.164391797884824697e+01
-1.196419058859015294e+01
-1.162563273425460331e+01
-1.191436609906502753e+01
-1.145353759565532670e+01
-1.065351054068519154e+01
-1.056133880823196769e+01
-1.094118876333793899e+01
-1.069981599060970190e+01
-1.057047831222351597e+01
-1.000353002010508163e+01
-1.032681585001829028e+01
-1.013937320077300974e+01
-1.025800652062997464e+01
-1.032766899998240362e+01
-9.993631050774506974e+00
-1.024495545860217227e+01
-1.028770611339725249e+01
-1.039656630316104469e+01
-9.930110807889413138e+00
-1.016676420616621357e+01
-1.016263598911591792e+01
-1.058209554079648385e+01
-1.119815538260118259e+01
-1.130560494923547488e+01
-1.173215740504936555e+01
-1.142400516386851628e+01
-1.176030671408006612e+01
-1.168987293669537664e+01
-1.138251071723130714e+01
-1.143978201859164301e+01
-1.196891899883714849e+01
-1.231332732937277186e+01
-1.264249470654786833e+01
-1.299445414481366079e+01
-1.330097155603859704e+01
-1.366316303438582125e+01
-1.367417251454721772e+01
-1.346371525003454472e+01
-1.307469290803728512e+01
-1.332576308966023149e+01
-1.321372201936075541e+01
-1.378100167487764693e+01
-1.392254879626955955e+01
-1.368564653283348420e+01
-1.381659893566847153e+01
-1.399430425919438647e+01
-1.431526813316738256e+01
-1.365816003496813913e+01
-1.369674951064968127e+01
-1.358709709411896505e+01
-1.367497029270422360e+01
-1.398776876691123761e+01
-1.380634845989886195e+01
-1.342292725428409916e+01
-1.320371631010243796e+01
-1.271727339034097248e+01
-1.249439811666869105e+01
-1.265836094238861520e+01
-1.221081407691267451e+01
-1.212143478028831467e+01
-1.150272288330805637e+01
-1.119426273000608063e+01
-1.151770319497734008e+01
-1.157516281753927068e+01
-1.180151203645737468e+01
-1.182624169556727267e+01
-1.186909267994131945e+01
-1.199895845334265410e+01
-1.167695705442663545e+01
-1.136850422211440481e+01
-1.084528011684987980e+01
-1.092420626225165492e+01
-1.039009402941630533e+01
-1.002350848978105624e+01
-1.035331921832548474e+01
-1.053525098239668623e+01
-1.016499242910960810e+01
-1.057444407286173060e+01
-1.036156112580368571e+01
-1.086701316275003748e+01
-1.100136416800188499e+01
-1.041955278296183529e+01
-1.029091762260666165e+01
-1.040868952985263185e+01
-1.013181049364388997e+01
-9.992760693363811342e+00
-9.967317207404084556e+00
-9.857064012251205654e+00
-1.016995297962421141e+01
-1.020853377474132451e+01
-1.007492637488454079e+01
-9.896414599157052905e+00
-9.867102709905841706e+00
-9.994622252027205889e+00
-9.962815312055898431e+00
-9.572221524796356462e+00
-9.766220098828377161e+00
-9.418177645736534487e+00
-9.247643085204471092e+00
-9.638989098727892113e+00
-9.025645785018184597e+00
-9.100659750844041440e+00
-9.456847787039167841e+00
-9.500618191600354479e+00
-9.401128068149990469e+00
-9.343710777372761456e+00
-9.332981824068925292e+00
-9.532105756056836299e+00
-9.456752805340286727e+00
-9.246422980481423082e+00
-8.787165919451602747e+00
-8.947994817054931715e+00
-8.969803076889720117e+00
-8.889763780296073392e+00
-8.889996655396549485e+00
-8.649576668875489815e+00
-8.781625380695912142e+00
-9.020214272441821279e+00
-8.476038722028318873e+00
-8.285823042104809133e+00
-8.631651669356338985e+00
-8.335910838301975545e+00
-8.261330090284875638e+00
-8.323943739390935903e+00
-8.253601564359945186e+00
-7.522700200620488609e+00
-7.131563293369660883e+00
-7.622432283158371291e+00
-7.501749002634333863e+00
-7.032566029462868684e+00
-7.507157713395280929e+00
-7.596787074019313302e+00
-7.751992744985813033e+00
-7.556228078274129345e+00
-6.976182374706285216e+00
-7.200325898355468546e+00
-7.151412037957445733e+00
-7.483875308970167062e+00
-7.904562781257940429e+00
-8.252855214159691144e+00
-8.291369647735150394e+00
-8.686995461468528745e+00
-8.812799858679086995e+00
-8.539513069812866064e+00
-8.367377940060215735e+00
-8.946039238319253073e+00
-8.730513956943564580e+00
-8.351192741375667694e+00
-8.693261583029471495e+00
-8.609269254675421479e+00
-8.189254375377878148e+00
-8.551447184765928355e+00
-8.962160724068521489e+00
-8.785591680603305420e+00
-9.053783991296889155e+00
-8.710994737270521426e+00
-8.835655096255843333e+00
-8.551426320643573220e+00
-8.517050029758253871e+00
-8.620403721283038223e+00
-8.637407098324167976e+00
-9.053877425571659643e+00
-9.106772249447276479e+00
-9.093186961577393035e+00
-9.168863304972036943e+00
-9.036781007455122250e+00
-8.871487979251723388e+00
-8.716148066608804257e+00
-9.304210719199499380e+00
-8.908783122338789440e+00
-9.325216697587645598e+00
-8.517097986904127893e+00
-8.576251631193461122e+00
-8.259047526868046774e+00
-8.799990990381784783e+00
-8.688330619470409744e+00
-9.139407746062635951e+00
-9.035711492371181208e+00
-9.113689286874620876e+00
-9.497746205080156656e+00
-9.438073681413612803e+00
-9.299823283409171637e+00
-9.269471088174112694e+00
-9.008003802094060930e+00
-8.981966774124755304e+00
-9.091474673287775587e+00
-9.470055684035608934e+00
-9.615951734558276343e+00
-9.695227532738687870e+00
-9.423504334070276656e+00
-9.882511794767980362e+00
-9.835110426301961084e+00
-9.884164332517405782e+00
-9.710605153221726127e+00
-9.934721023479715640e+00
-1.012990335543810438e+01
-1.012741167009838428e+01
-1.056710277928700847e+01
-1.069802930730267221e+01
-1.069171130852892304e+01
-1.082863459237861292e+01
-1.051863345633199742e+01
-9.987497502828819762e+00
-1.028992978839774608e+01
-9.955284942461542386e+00
-1.004492439079904464e+01
-9.937414676769522615e+00
-1.018327454176582236e+01
-9.656235804567677050e+00
-9.015030028126544082e+00
-8.916678952204859954e+00
-9.460473424371354412e+00
-9.148129634427627721e+00
-9.863596931695280290e+00
-9.465966853843982065e+00
-9.128165216706772611e+00
-8.871044923083930556e+00
-9.191615376206502930e+00
-9.511071798837136271e+00
-9.198910672117836640e+00
-9.118168198037858829e+00
-9.502288255594576682e+00
-9.756311568946548718e+00
-9.231193924031169118e+00
-8.978169446446184310e+00
-8.717319796588258285e+00
-9.427895330099577365e+00
-9.725106821739379015e+00
-1.012365085822420951e+01
-1.033047841010265167e+01
-1.003264686349663215e+01
-1.004419069575281398e+01
-9.502069782831815914e+00
-9.326482319175287472e+00
-9.154927721862076595e+00
-8.827941076936101084e+00
-8.940753266758674656e+00
-8.985032446681280760e+00
-9.340245835720560663e+00
-9.060936762040661563e+00
-9.477143856684772771e+00
-9.026376501258740248e+00
-9.076114557775460057e+00
-9.029248191521082489e+00
-8.566566697607568059e+00
-8.397993960581064954e+00
-8.641083724884019546e+00
-8.498628022344162147e+00
-8.784114624081029277e+00
-8.367690946009876285e+00
-8.476884247390689353e+00
-7.874550269960044702e+00
-8.196481607363191202e+00
-8.070497442723375769e+00
-7.611960089036361232e+00
-7.933595934450368148e+00
-7.622211453220443467e+00
-7.456596795781475606e+00
-7.320177333711460399e+00
-7.537545151697320200e+00
-7.547303386034925232e+00
-7.392618891523415670e+00
-7.641544772725954004e+00
-7.371309138590954824e+00
-6.897356332497246889e+00
-7.252057492398547467e+00
-6.897844478091169407e+00
-7.526946088052553385e+00
-7.832769234657390278e+00
-7.933935249993671057e+00
-8.357568888243601890e+00
-8.755298638384566345e+00
-8.479056735318891924e+00
-8.565768736158501540e+00
-8.305450859435703492e+00
-8.192703939037441430e+00
-7.936900643989877935e+00
-8.354787410085812382e+00
-8.062723928715945121e+00
-8.374622908230552554e+00
-8.285019950733502725e+00
-8.791590906364511682e+00
-8.932006580575791332e+00
-8.857739070510950441e+00
-8.008494107855760546e+00
-7.733689655587043355e+00
-8.053509389818239939e+00
-7.732551694795987807e+00
-8.114434087862962386e+00
-7.814708791666966192e+00
-8.254424771349324175e+00
-8.419203039315295456e+00
-8.321659916434944293e+00
-8.199022697026796536e+00
-8.103020174351751592e+00
-8.110188118154740167e+00
-8.215564843190103161e+00
-7.923990590967515679e+00
-7.795779917964562600e+00
-8.022059243264024531e+00
-7.257478761833568548e+00
-7.238303548257751352e+00
-7.053586491014224080e+00
-6.900477113343436386e+00
-6.429782622256089653e+00
-7.315817407155721597e+00
-6.711675406080124695e+00
-6.777917877086092169e+00
-7.032910123103188305e+00
-7.032962197010197869e+00
-6.579740623802768695e+00
-6.722726839646961494e+00
-6.648853787386033609e+00
-6.706949707656272963e+00
-6.160251302691815312e+00
-6.470948236754329841e+00
-6.461019296643202736e+00
-6.008791595148741393e+00
-6.218819947951802263e+00
-6.552402021270428811e+00
-6.784884986543204377e+00
-7.222629396434858684e+00
-7.107312554876350497e+00
-7.013161045983106412e+00
-6.620775393961440436e+00
-6.646368979776397623e+00
-7.509612317918580970e+00
-7.777243083977267268e+00
-7.907895168574339273e+00
-8.183507300926745387e+00
-8.200866226852145502e+00
-7.882470864998013305e+00
-8.145594286413221141e+00
-8.222985080748847153e+00
-7.914259084547442313e+00
-7.738095420534496505e+00
-7.765626949129544876e+00
-7.471398442679689111e+00
-7.217065750442273497e+00
-7.510444743466175410e+00
-7.370961733672883653e+00
-7.540034678659372602e+00
-7.332749804083530165e+00
-7.197986189249867550e+00
-6.521419084067872518e+00
-6.110478562133244473e+00
-5.661702318703324188e+00
-6.125562747262132568e+00
-6.214054060352223630e+00
-5.355300271151411273e+00
-4.692677742556189635e+00
-4.575739527233657178e+00
-4.634618981130984139e+00
-4.631474200623725501e+00
-4.162216797332255247e+00
-4.323671967873955246e+00
-3.865671401981755295e+00
-3.971609003523500991e+00
-4.320113019852126257e+00
-3.543759684688377654e+00
-3.618868935748826843e+00
-3.746409898302172525e+00
-4.079471292031006335e+00
-4.072079803500530559e+00
-3.952329436537223017e+00
-4.224262361418507083e+00
-4.462598005745764596e+00
-5.149800388743488000e+00
-5.044704317398527316e+00
-5.225785983962396131e+00
-4.578422263721485308e+00
-4.339026795213142940e+00
-4.186489455494185385e+00
-4.634950476544243081e+00
-5.201042428042365273e+00
-5.276229058807676786e+00
-5.495145044408670465e+00
-5.381106499080349437e+00
-5.104507407999592239e+00
-4.949972840886321279e+00
-5.056237272513349090e+00
-4.878360837154862573e+00
-4.734502665934368970e+00
-4.282570746288255847e+00
-4.042510937802070714e+00
-3.944488008979193161e+00
-4.719854629146722935e+00
-4.916561674955594263e+00
-4.682303021116108965e+00
-4.834233525403627496e+00
-4.418888213160614420e+00
-4.434775744104982209e+00
-4.584661813448874135e+00
-4.505033287832571176e+00
-4.099785730917979265e+00
-3.559272143099380781e+00
-4.191468768813479073e+00
-4.204225195271976467e+00
-3.789758232488121159e+00
-3.957084987912327545e+00
-3.625774755320493981e+00
-3.695653738508147157e+00
-3.239055490976965324e+00
-2.986587055883966446e+00
-2.730254210010717220e+00
-2.260831570028358772e+00
-2.772245431599013710e+00
-3.046308034954128274e+00
-3.014557338646354445e+00
-2.603182954167268193e+00
-2.615340417026883024e+00
-2.259996883015618074e+00
-2.286744139970221301e+00
-2.418314235599331674e+00
-2.359905981123780805e+00
-2.647953527157779430e+00
-2.378105266851940680e+00
-2.126335471615238504e+00
-2.242902028337481646e+00
-2.461049132161250430e+00
-2.323707681829481064e+00
-1.920308011456566932e+00
-1.944326365461166439e+00
-2.126079013026676012e+00
-2.210095292864985961e+00
-2.363056641370006705e+00
-2.518225155924957104e+00
-2.673353825295021746e+00
-2.669382704717922383e+00
-2.843041878410180523e+00
-3.061513001070892859e+00
-3.634232813187753486e+00
-3.899237496413064719e+00
-3.651528019229983268e+00
-3.996365402018103197e+00
-3.730820012660121865e+00
-3.951603543248534134e+00
-4.489399965030083095e+00
-4.180247274840673377e+00
-3.890063051871241129e+00
-4.109842629528547953e+00
-3.650495014318538622e+00
-3.467364597813138438e+00
-3.800778443472721868e+00
-3.555037551891981007e+00
-3.345686176039431636e+00
-3.673787282983523195e+00
-3.421980177454724714e+00
-3.830427437210710551e+00
-3.782915913966627297e+00
-4.115133076036217474e+00
-3.881434092740164932e+00
-4.092391489059974852e+00
-4.033771520760310203e+00
-3.909122089003583156e+00
-4.262725817358997915e+00
-3.959560807435170027e+00
-4.538852473622907446e+00
-4.567944528434193963e+00
-4.252362658729918365e+00
-4.361733020560933483e+00
