4.456195528531877059e+00
5.894385463498968747e+00
5.644393752404026188e+00
5.523863315335016289e+00
3.989178554657246689e+00
5.445816964986413211e+00
5.743566137247279713e+00
5.685359885289086534e+00
6.713169139241898620e+00
6.158252128171913142e+00
5.985896548406270057e+00
5.444736336537228993e+00
5.790321050284076065e+00
5.465293175995762809e+00
6.677794386868569632e+00
6.333141336061697935e+00
5.337321039058233296e+00
4.100828514646027934e+00
5.041571998432786472e+00
4.886877692341478507e+00
4.387801116785920108e+00
3.864790969171201240e+00
4.922775531442087349e+00
4.992405193656993312e+00
5.674497338230531263e+00
5.012544075338334792e+00
5.402756472000250554e+00
4.348618932070938747e+00
3.604745053579236025e+00
4.811249548422559918e+00
5.022092024839293956e+00
5.707914237450477657e+00
5.664951161165276083e+00
4.922382645423408754e+00
4.677363734407153473e+00
4.946390440570114677e+00
3.577205930037485437e+00
3.844658622710721119e+00
4.439736386226821097e+00
4.638899677600806903e+00
4.666973214516900725e+00
4.039855386066275145e+00
3.622238503753207439e+00
4.018572819101319027e+00
2.973502467805834382e+00
4.849719332939347538e+00
4.990731238081050236e+00
5.465734433920524715e+00
5.272283787434697722e+00
5.371222087660366462e+00
5.423691955985673552e+00
5.341347977461241570e+00
6.023227401551613625e+00
5.661206755206555030e+00
6.083708305151295903e+00
4.658305331217949430e+00
5.768193659428716202e+00
5.924226077416240521e+00
4.920382694878538743e+00
4.963178330372755021e+00
5.711462821592308003e+00
5.279774872499054972e+00
5.375977839868733454e+00
3.968633698495118267e+00
3.941230372074913113e+00
4.802720050780260763e+00
3.818854848245769595e+00
3.994689355039546363e+00
3.595619247115504180e+00
4.491811342011767572e+00
2.274107104812705948e+00
2.739334311147445078e+00
2.453654395271502420e+00
2.502787042891898572e+00
2.370151980155220883e+00
2.020476752201694204e+00
1.828611767333151228e+00
1.751227584882158794e+00
4.660046189764730507e-01
1.108461988275682764e+00
7.928870880156004830e-01
1.807428711696537960e+00
1.152894693395689174e+00
-3.179285970619734059e-01
-6.037295583979442881e-01
-1.822846271207625435e-01
-5.899289835317489405e-02
1.241722075443849604e+00
4.719202055346336522e-01
7.587790045927658156e-01
1.251661169624616932e+00
-3.740591150361138872e-01
1.102144354722156550e-02
7.919092727691490197e-01
-5.910812229668138684e-02
4.230911928697436153e-01
8.735637746761000244e-01
5.727343809729399382e-01
1.500513039996143494e+00
2.411163859155775580e+00
1.953341167439075488e+00
1.737079780879808855e+00
7.658817930497852089e-01
1.581851757238551759e+00
1.490792400356741432e+00
2.018747279797938887e+00
3.255432247618066377e+00
1.975526070152488600e+00
1.088960143842995443e+00
2.444855699518285519e+00
1.480339051390139993e+00
2.113687183238157630e-01
6.092427290737703061e-01
6.190929228201662582e-01
6.313600604434297381e-01
-2.948559069534590904e-01
3.839259516409461170e-01
4.441882243930219687e-01
5.080266994652644641e-01
-3.515422436824655605e-01
-3.530751840897501381e-01
-9.450347845001338953e-02
1.356256283092712955e+00
1.221901560969367750e+00
8.276527497758769947e-01
3.115999973466059281e-01
9.210825751896578595e-01
-8.686341374848449703e-02
-2.228518262801522098e-01
1.163815520688515015e+00
1.058810546397739749e+00
1.619506939613568619e+00
1.789795255305343336e+00
1.273046123740102065e+00
1.081469729058194051e+00
1.202100559613844766e+00
1.099302038919440783e+00
-2.529356212371922652e-01
7.422824711247546503e-01
-1.324131319085681824e-01
-9.214615157500594123e-01
3.989241189072245675e-02
-1.127701320858562895e-01
-4.485266695990857144e-01
-4.979963571377608034e-01
-2.054331459753737654e+00
-1.310516006207286921e+00
-1.172878641423946711e+00
-1.477601707696639899e+00
-1.964134178685640109e+00
-1.996144091945678767e+00
-1.688536693036920333e+00
-9.417032058628542757e-01
-1.505167689664541619e+00
-2.244340336282217407e+00
-1.118341643011651954e+00
-2.146194304846472889e+00
-2.461203429957130595e+00
-2.504313572934889542e+00
-2.714439387535268366e+00
-3.250121538046739644e+00
-2.554309586170153246e+00
-3.600441628600039579e+00
-4.051340337178603868e+00
-4.304528721199165631e+00
-4.539225923793000383e+00
-3.256086427147303120e+00
-2.701282426833378381e+00
-3.583719404912784512e+00
-3.071845687087555454e+00
-4.144316537406808720e+00
-3.537577753313859930e+00
-3.591331703096818373e+00
-3.916809484287927745e+00
-3.231970433613121862e+00
-2.844295400373060723e+00
-2.903438295749693587e+00
-1.952741581082492850e+00
-3.546250582452568523e+00
-3.177641739521663844e+00
-3.292087897961083698e+00
-3.373165772939760387e+00
-3.520050315403893570e+00
-3.121950616993684591e+00
-3.904998063051889901e+00
-2.667614234397290396e+00
-3.928596348460015264e+00
-4.807096874212993143e+00
-4.550496439567673690e+00
-3.996216999072286669e+00
-4.130513557183752127e+00
-3.843315539586671825e+00
-4.090062914018237628e+00
-4.176019036007092566e+00
-3.355631404004093987e+00
-4.008453691579675571e+00
-3.809892545769195671e+00
-3.049474549834884307e+00
-2.543611532437236811e+00
-2.439805273378173212e+00
-2.532854618369980493e+00
-3.136069227261990555e+00
-2.493119039759711164e+00
-2.392353162071844785e+00
-2.878776815646417298e+00
-2.543354654936202053e+00
-1.924281520822687774e+00
-2.606122629419278525e+00
-1.771583550432241694e+00
-3.131011085938561145e+00
-2.084476642946633262e+00
-2.294434373376123659e+00
-1.921068747442752134e+00
-3.094841428628019031e+00
-2.618196128391572230e+00
-3.113845514857501939e+00
-3.420667472442783463e+00
-2.743073998947892278e+00
-3.071894547438567713e+00
-2.823444548828968337e+00
-3.479808807535000881e+00
-2.554218226489672894e+00
-2.774825849521567633e+00
-2.943401940172343245e+00
-1.938920760488618278e+00
-2.488652328183237117e+00
-2.283369709471015696e+00
-2.801987612032827535e+00
-1.360390927872884959e+00
-3.533687404895045070e+00
-2.103112092863740124e+00
-3.102728748715018803e+00
-1.557533160187976051e+00
-1.537907239512974478e+00
-1.434169242857337601e+00
-1.220179122324483778e+00
-2.734026944430690165e+00
-2.669290761459134131e+00
-2.850052631590669350e+00
-2.515744254331885976e+00
-2.782991203937964286e+00
-2.450729567050915492e+00
-2.797976579906191752e+00
-2.647127907101110900e+00
-2.465420277533924676e+00
-1.799608562440606185e+00
-2.655672076801987913e+00
-2.212611893468011459e+00
-1.031593239789503791e+00
-1.674890441326811974e+00
-1.654020239262377068e+00
-5.193461900172477996e-01
-1.430340045602428667e+00
-2.290627331009464029e+00
-1.648768427686243321e+00
-1.191584388608589506e+00
-1.811915594149772879e+00
-2.468382163370801408e+00
-2.371913292512906501e+00
-1.654761808665093703e+00
-1.173190685578442860e+00
-6.129306828561649212e-01
1.483751652075095961e-01
3.639939145319717184e-01
9.594311899017027301e-01
-1.166388050364064455e-01
-9.094331708578646811e-01
-5.803915231555611953e-01
-1.277987021471843399e+00
-6.956790519259898886e-01
-4.840629864079835087e-01
-1.536668848777877017e+00
2.077657938243477886e-01
6.460645929719621705e-02
-4.298277340073566322e-01
1.284289902702537844e-01
-1.438363813275338465e+00
-5.921227080032060996e-01
6.701096990286181665e-02
-2.929656746135442802e-01
8.578500766576624414e-03
6.746254352602960580e-01
5.309978527319394459e-01
1.335462785225587368e+00
-2.819453830496154723e-02
2.600939472898256000e-01
-1.943135162242981551e-02
1.030875327936335850e+00
-5.051556771363330256e-02
-1.324091261937088149e-01
1.032539142365756391e+00
5.108876925143901460e-01
-2.296913560481312899e-01
-4.436389565488694231e-01
5.449587145810097510e-01
9.979089143552783980e-01
1.171840230621178591e+00
8.372455638395495114e-01
1.484400853317985991e+00
-7.756552468934430067e-02
-9.072082209695331301e-02
5.634161638888652845e-01
1.769739784706807484e-01
2.498040510357659727e-01
1.059368230364276187e+00
2.875509022602704690e-01
-8.481246436191636207e-01
-1.333313429024762797e-03
2.563816853091527292e-02
-3.620133759051125111e-02
3.119777054840442432e-01
-1.726074754588546867e-01
-4.156611012957069917e-01
-1.085065285769308829e+00
-7.272499892662809273e-01
-6.845798337192361416e-01
-1.170003906307773178e+00
-9.904785213574047731e-01
-1.191770303247796647e-01
-1.102856967080940720e+00
-1.042180531232268059e+00
-1.304156204977505951e+00
-1.659248488075030892e+00
-2.127972329922265260e-01
-4.054269961555858615e-01
3.013913976940081341e-01
-6.542271774311041455e-01
-1.164066793894169116e+00
-3.188798868070570336e-01
1.097103491158096134e+00
-3.727131014835372014e-01
5.842012604843827006e-02
3.890247968806450629e-01
1.283589851914531010e+00
-1.460704344874974581e-01
-5.212335220043273765e-01
-7.745537178639629872e-01
-1.244566311062405006e-01
-8.289086120971314031e-01
-1.059979044044887075e+00
-6.309446541418974874e-01
-5.682848932464423797e-01
-1.823225342636591861e-01
-5.707015451143622187e-01
-7.624750627290453053e-01
-9.813182366033119663e-01
-2.147111692761098922e-01
-5.684290825317717122e-01
-1.073915524181711767e+00
1.908909722961320554e-01
-6.393112303399632879e-01
-8.171570946291115689e-01
-1.909867168083865252e-01
-1.328137161506270481e+00
-1.049611950442630892e+00
-1.369114039897968205e+00
3.088293049327335282e-01
1.415668689252163936e+00
4.870657157905027290e-01
1.039118893437554370e+00
8.985777276110695766e-01
3.778793572513636789e-01
-5.527192030846919124e-01
-1.195136738597251114e+00
1.552806546303981960e-01
-2.994349294132856443e-01
-3.362552470981432506e-01
6.860304966887564859e-02
3.994402220989217156e-01
8.601931781067140292e-01
1.662044800424418600e+00
1.361281272239136975e+00
6.840241912534157365e-01
-2.703023222139933068e-01
7.438814507321609426e-01
1.108840312099411030e+00
-7.413842708955193928e-01
-1.115531515525951534e-01
6.080374261776775313e-01
-8.931864687049548834e-01
-8.432240834090567461e-01
-7.304419308831029412e-01
-1.012708188431323819e-01
1.036935360148243390e-01
2.474714593097377957e-01
-8.916749683041924612e-02
-4.178257335755635182e-01
-1.243101687333902916e+00
-9.496697192992984426e-01
-1.693497347717017654e+00
-2.511286701520658582e-01
-9.732806298472818085e-01
-1.289227355304308986e+00
-8.519462702668461063e-01
-3.027323527552363558e-01
-7.527394193617764628e-01
-4.832962105093763228e-02
-7.070427976411739479e-01
2.039626359312194381e-01
1.180281225945183365e-01
3.767154566038959373e-01
-2.008496150572796068e-01
-7.565619650435246868e-01
-1.320709922029994488e+00
-1.831251289537994431e+00
-1.521999663721619989e+00
-9.448538235302352817e-01
-1.316695489989553991e+00
-2.473951710142422655e+00
-1.999789151771544482e+00
-1.618656697062949235e+00
-8.758607598571233055e-01
-2.322974144880586955e+00
-7.740627962255786088e-01
-1.070101812843668121e+00
-1.603817588494463209e+00
-7.434865414098004166e-01
-1.218233881794442475e+00
-3.818185902825312894e-01
-4.785112886819753442e-01
-1.216928067033223648e+00
-6.357561630468353542e-01
-1.563768296938419233e+00
-5.058583096653057609e-01
-2.293740536256277274e+00
-2.260982657378147742e+00
-2.875425662256462900e+00
-1.995314785943802960e+00
-1.539350413305403897e+00
-1.479611172436079869e+00
-1.990684977325986260e+00
-2.082064955576632848e+00
-1.290148569998225803e+00
-1.631595057624944722e+00
-3.171126275418806983e+00
-2.861173851853598293e+00
-2.181946209215914756e+00
-1.735181402838251508e+00
-2.186041381406325534e+00
-7.134749773745356904e-01
-8.792493145969375590e-01
-9.812635318244744553e-01
-1.040198090771952799e+00
-1.303467465562947680e+00
-1.113152958314961083e+00
-4.286074806333068921e-01
1.692989307904761986e-01
4.022586151271090316e-01
-6.021633111774971070e-02
-6.256400912041106821e-01
-9.083824751497946437e-01
-9.215961453545205018e-01
-8.431692819499367886e-01
-1.625844133603369102e-01
-1.994677394041422858e+00
-2.318544404708728912e+00
-1.546231217961114623e+00
-1.601039330200368482e+00
-3.902978675746906490e-01
-1.169025690825924890e+00
-1.868080347322237600e+00
-2.478981489396696603e+00
-1.208399420759582732e+00
-1.333858888280863297e+00
-1.603616435901312975e+00
-1.142011267422661014e+00
-1.183094614833102298e+00
-5.807302357969454931e-01
-1.451388138572497155e+00
-1.030683476871405269e+00
-1.358902536493761914e+00
-1.209803754895595773e+00
-1.362644429186119943e+00
-1.455082975757186148e+00
-1.537656205308636892e+00
-2.023841452755831050e+00
-2.425572470767741073e+00
-1.201943734712735079e+00
-4.504883804626675925e-01
-2.256236549128666447e+00
-2.202456450099312235e+00
-2.881872072336794766e+00
-3.556660857729666780e+00
-3.161344568700127589e+00
-2.718045878417408190e+00
-2.880681636113901156e+00
-2.303986742723011183e+00
-3.137560731326427543e+00
-2.351296726689628969e+00
-2.250906652885917403e+00
-2.169071082514950177e+00
-2.419910691575180905e+00
-2.977329146657441861e+00
-2.761003601382109984e+00
-1.518340536282694941e+00
-2.641151385787898320e+00
-3.867030881527889541e+00
-2.630784514105909189e+00
-2.965945059975704901e+00
-2.987723977650277085e+00
-3.759346592507435858e+00
-2.046852567802212697e+00
-1.444917895506053007e+01
-5.416731453077215264e+00
-8.576732724211664660e+00
-1.473631940369967275e+01
-1.049544180549557026e+01
-9.990931070631269506e+00
-1.352050288834086089e+01
-9.955459116875978509e+00
-1.612059298495980286e+01
-1.417199181133046260e+01
-1.866083256252873213e+01
-8.227118338434848965e+00
-1.499588602305980700e+01
-1.888416984143638899e+01
-4.616561803687751819e+00
-1.671680215350309595e+01
-8.342504144413648959e+00
-7.810926122282568329e+00
-1.234569324637204346e+01
-1.737959432308166896e+01
-1.038041621865524355e+01
-1.113463016004367745e+01
-1.668315110142462032e+01
-1.269434977403442311e+01
-8.131392420975167568e+00
-1.480971370626737382e+01
-1.018653571864470209e+01
-5.718927179972418173e+00
-1.235884028835631909e+01
-1.843491476784216943e+01
-9.121592215210618804e+00
-1.008810292749089577e+01
-1.120223269246526421e+01
-9.187792895492105316e+00
-1.439009678045630558e+01
-1.064131664976846992e+01
-5.196622679923289745e+00
-1.365827492293668932e+01
-1.108027649865783459e+01
-1.318593596274733315e+01
-5.003975179350653946e+00
-1.031731995500816446e+01
-1.579855197496710062e+01
-1.549325493393662967e+01
-1.313289383883346417e+01
-5.929656928289871232e+00
-1.470869539359236455e+01
-6.844987065793942449e+00
-1.645232147896141583e+01
-8.578234708003154907e+00
-7.084582541121125843e+00
-1.416376783422485630e+01
-1.395044225452061326e+01
-1.266241208160675136e+01
-1.558528061842794443e+01
-1.289556747144782456e+01
-1.265130846224688455e+01
-1.078586133438534489e+01
-5.927884050494022894e+00
-4.900765042840582453e+00
-1.267819083863595964e+01
-7.042715582187363488e+00
-1.547271117933363627e+01
-1.420656740056772449e+01
-6.112041732476575007e+00
-1.119405482382648920e+01
-1.664234455846055027e+01
-1.345382530558171652e+01
-8.137124033940962065e+00
-8.050094572653849312e+00
-4.099609337759284600e+00
-9.010247198253374279e+00
-2.337926300854826778e-01
-1.748015909583805438e+01
-1.123406055127668601e+01
-5.996571610821743725e+00
-1.399700287807399945e+01
-1.074030004337304334e+01
-2.005306006075536374e+01
-1.342607520632114770e+01
-7.504427328127759367e+00
-1.806702898437602656e+01
-1.430957835730072247e+01
-9.939874559941710430e+00
-1.404700206046082656e+01
-9.676837688240471635e+00
-7.781651793946577023e+00
-2.174272730101777640e+01
-9.777645373763116154e+00
-1.446892716795410827e+01
-1.342641942610970140e+01
-9.183288118708157199e+00
-1.432015358833151453e+01
-8.270908670433355425e+00
-1.258362768900010309e+01
-6.225341182243806948e+00
-7.481107461516309343e+00
-9.551283403243447268e+00
-1.152200733765694807e+01
-1.614276866817639444e+01
-1.517445434652616143e+01
-6.945066492198398223e+00
-1.503357128528953623e+01
-1.000656324256031837e+01
-8.207852102370456038e+00
-8.467410209063331195e+00
-8.507467444870805195e+00
-1.018980846317131750e+01
-4.347772883671246369e+00
-2.402455055036686105e+00
-1.533685549039158502e+01
-1.052847217617323317e+01
-1.794888722337993059e+01
-1.285281783596962590e+01
-8.783582607721774238e+00
-1.506780065323433249e+01
-1.289184219827372146e+01
-1.833302033802389985e+01
-1.053566235751057611e+01
-1.553093244376464810e+01
-1.175759513169958126e+01
-1.409867693788606147e+01
-1.110855329522777701e+01
-1.509952372353161998e+01
-1.612862361861281713e+01
-5.132790885413772486e+00
-2.009724401571747876e+01
-1.741129496268580823e+01
-1.850154432212570654e+01
-1.349684703397340257e+01
-1.189090559617502940e+01
-1.224422445995683795e+01
-2.471937537502794768e+01
-1.912509243717391527e+01
-1.427636463025931945e+01
-2.097891699086052597e+01
-9.548635336254342576e+00
-2.201639350063078382e+01
-2.418300254598667465e+01
-2.509488237774923647e+01
-1.180090801791863164e+01
-2.254911376135019196e+01
-1.752328430779462209e+01
-1.669203621282753147e+01
-2.405494297259233605e+01
-2.257977837010138700e+01
-1.032280159702597189e+01
-1.856994011221675223e+01
-1.948195951229258327e+01
-2.172863419516039230e+01
-1.530405792137835164e+01
-1.781606544790955482e+01
-1.379018128511293639e+01
-1.413957565593690546e+01
-1.637049255835193762e+01
-1.552582952052899223e+01
-1.595989283511794810e+01
-1.961064238138408911e+01
-2.976187549118355946e+01
-1.353579623247423669e+01
-1.271998387784981333e+01
-1.768815641458814270e+01
-1.143740166426892024e+01
-2.447163085256260118e+01
-1.474080217925202518e+01
-2.926548744662130019e+01
-2.452648899298694118e+01
-1.498367574800165514e+01
-2.291439814853175960e+01
-1.552693652100915145e+01
-1.672588998077441858e+01
-2.637428389932363615e+01
-1.453594414139959490e+01
-1.159584661068224953e+01
-1.667413624664286687e+01
-1.016507692714962197e+01
-2.602366821051748147e+01
-2.975174093453075486e+01
-1.911249804753677850e+01
-2.162067396316131251e+01
-1.736773249549623799e+01
-1.979092742434081131e+01
-3.034278227292603702e+01
-2.540677327461726165e+01
-1.994704187505742965e+01
-1.621734575389560007e+01
-1.616618220729480271e+01
-1.977607656991411034e+01
-1.254038742437155562e+01
-1.499964771674808262e+01
-1.781347948729069230e+01
-2.251693189708329257e+01
-2.801000433810413170e+01
-1.617456747670649264e+01
-2.374250108020248007e+01
-2.155635072582025202e+01
-2.680298485889196414e+01
-1.635341117290753488e+01
-1.769040128137069701e+01
-2.794223175866618547e+01
-2.316653175904845696e+01
-1.930299134966073282e+01
-2.435482724229542839e+01
-2.827331102830648391e+01
-2.295487991575782871e+01
-1.425849923980498524e+01
-2.085267125790418419e+01
-2.308019490570600851e+01
-2.578712919156576078e+01
-1.530281304965657085e+01
-2.686168500922729052e+01
-2.723359853022015642e+01
-1.342502087284829848e+01
-2.432812428216720235e+01
-2.026371051509256915e+01
-2.457337143811913904e+01
-1.784754352514806186e+01
-2.707534190744288338e+01
-2.311901979108044003e+01
-2.516651296845371277e+01
-1.806519567141107174e+01
-2.261186411694070486e+01
-2.493596440910797440e+01
-2.118411576900547644e+01
-2.187372113407953478e+01
-8.408386521988475693e+00
-2.392750232090532947e+01
-1.509706026417611824e+01
-1.982422208248810236e+01
-1.939262260175478758e+01
-2.853778853618740996e+01
-2.260306177224250135e+01
-1.971810405584147219e+01
-2.870532726844752602e+01
-2.247771559300011290e+01
-3.155751907190764882e+01
-1.964551573788258665e+01
-2.034860547488830917e+01
-3.137924683375092627e+01
-2.861791572424172259e+01
-2.515229080856384059e+01
-1.596590902287123726e+01
-2.173962824557839113e+01
-1.429883227450978467e+01
-2.425995724480059224e+01
-3.098521754488169222e+01
-1.651428322371508983e+01
-2.737647197569308943e+01
-1.829048235889617402e+01
-2.294846597882369821e+01
-1.706968059682647620e+01
-1.513462996967172458e+01
-1.724554160740693476e+01
-2.240756206504143222e+01
-1.563968295419705257e+01
-2.430580648807495692e+01
-2.087776902402798029e+01
-1.835529144550364578e+01
-1.759688495144851927e+01
-2.277770760447076270e+01
-1.278743291598629028e+01
-1.257296499462985828e+01
-1.613995961487692199e+01
-1.703296892552160813e+01
-1.130024520092559825e+01
-2.689702146739580257e+01
-2.202665874529369461e+01
-1.756623313026554101e+01
-1.778809746581288209e+01
-2.134716938129563601e+01
-2.057336472902240487e+01
-1.497973568184349347e+01
-1.749012303815427316e+01
-1.452114729954767824e+01
-1.971078045833427339e+01
-2.467017418551020569e+01
-1.277754246006622907e+01
-2.179337710541431505e+01
-1.096416135782604506e+01
-1.989605844640838228e+01
-1.765617391377822543e+01
-1.535637890687324081e+01
-1.258613939679025329e+01
-1.635726015413595746e+01
-2.046063163574399013e+01
-2.513725056380120293e+01
-1.091787117852157252e+01
-1.936065483581167967e+01
-2.048567541516925772e+01
-2.107939817508157176e+01
-2.358476423310457193e+01
-1.643729421614162689e+01
-2.000033765023641052e+01
-1.828251994104441991e+01
-1.295421047571424467e+01
-2.144049402212935718e+01
-2.031543556487806512e+01
-1.997288617840774094e+01
-1.927910197554771443e+01
-1.507297861738009281e+01
-1.716033778907700125e+01
-2.572339013734166002e+01
-2.327301429477633832e+01
-1.715319040499053216e+01
-1.302967669007619733e+01
-1.464492874559322289e+01
-2.528586178943636753e+01
-2.295851938106673984e+01
-2.835954149859349727e+01
-1.675381844352471816e+01
-1.980013061019591447e+01
-2.572302386794739348e+01
-2.144723879394407717e+01
-2.156764020342518862e+01
-2.848444838193863404e+01
-2.053460737234969002e+01
-2.393511611076242218e+01
-1.974546400884833730e+01
-2.404684456357423272e+01
-2.226851095684883219e+01
-2.048423676326291698e+01
-1.857574455382825107e+01
-2.882069103807072707e+01
-1.417541922630835671e+01
-1.850303506240870632e+01
-2.216051115378108705e+01
-1.963104082264861106e+01
-1.041281804717624659e+01
-2.153292186898594807e+01
-1.968928898380839598e+01
-2.910170668860411780e+01
-2.056485750140050328e+01
-1.824467030037162374e+01
-2.442580926272012931e+01
-1.704857547631679893e+01
-2.765911331031321652e+01
-1.636662444048960907e+01
-1.987131400868247866e+01
-2.059973876292155381e+01
-1.894860417154220045e+01
-2.754282193055220418e+01
-9.783471656860164956e+00
-1.282800091646086216e+01
-2.008546918104910617e+01
-1.959186735538330737e+01
-2.449258798219338473e+01
-2.080893046075462038e+01
-1.829248604980038451e+01
-1.828856834019146760e+01
-2.135647631144645686e+01
-2.521644993620293107e+01
-2.045842878881789062e+01
-2.091500505312877678e+01
-2.107845140459007283e+01
-1.967797531465025784e+01
-2.300737739581581920e+01
-1.560284800726489962e+01
-2.512210342290957499e+01
-2.806482631300567832e+01
-3.017554483425842449e+01
-1.478629532186658224e+01
-3.360953709083110397e+01
-1.532809311767252147e+01
-2.322537925456061458e+01
-3.077864944799922853e+01
-2.256219456676564761e+01
-2.876225114661561832e+01
-2.401710134043529621e+01
-2.789448587469953367e+01
-1.791572705801709020e+01
-2.013854711087923022e+01
-2.670756438965434754e+01
-2.881075776432531654e+01
-3.292207431991218414e+01
-2.656710234622999778e+01
-2.656006166603147278e+01
-2.490368534131355460e+01
-2.419851789438505207e+01
-2.707741790463258269e+01
-2.411831400761017363e+01
-2.114437943035792955e+01
-2.139881203061043280e+01
-2.798382598413114764e+01
-2.576907839809898348e+01
-2.275682787968800369e+01
-3.211083257799753454e+01
-2.677847780914391507e+01
-2.019419421479298293e+01
-2.546492035622701167e+01
-3.211838507609019189e+01
-2.509312682820209162e+01
-1.947770502803911796e+01
-2.456408107238762284e+01
-2.496975091879387776e+01
-2.124972270009870101e+01
-2.875613363422256086e+01
-2.419885702726536891e+01
-3.201896476584164475e+01
-2.975323253780835486e+01
-2.863609403794756147e+01
-2.068714895438579404e+01
-2.891181342210074945e+01
-2.842287498178946592e+01
-3.302500900972857778e+01
-2.607524971705043981e+01
-2.175632031486910734e+01
-2.061203573945469714e+01
-2.456006475623274099e+01
-2.369274680684009127e+01
-2.550464340834659538e+01
-1.614064494581572617e+01
-2.668900834307916625e+01
-3.387519409813573645e+01
-2.247518167757201724e+01
-2.579587202551326186e+01
-2.566564099943107280e+01
-2.376011593969920099e+01
-1.916288299132520834e+01
-3.206375710663762391e+01
-2.253215446391832444e+01
-2.435697186858761043e+01
-1.990763408154537828e+01
-2.279657003990165975e+01
-2.134066682386561453e+01
-2.682594767890743270e+01
-3.522961820239366659e+01
-2.380627985760276033e+01
-2.340027322091467354e+01
-2.090537019447659972e+01
-2.894441172941905194e+01
-1.704141082347473457e+01
-2.357951050551665162e+01
-2.822063638506987004e+01
-1.962245032952164081e+01
-2.526391247897217340e+01
-3.095589021151748810e+01
-2.516382400742989134e+01
-2.298391687551290730e+01
-2.023507899960484835e+01
-2.411305718725014557e+01
-2.672631689136365551e+01
-2.713072780330104905e+01
-2.201534318601092011e+01
-2.705874581171656956e+01
-2.427823151463591600e+01
-2.711592139311537863e+01
-2.830103373791740395e+01
-1.812127913749675301e+01
-2.964939996987744664e+01
-2.433733373888187046e+01
-1.703892974977679486e+01
-2.608427682159088334e+01
-2.665730200391088545e+01
-2.716627239802557980e+01
-2.426848943519512858e+01
-2.615787733530184411e+01
-1.587145314310675204e+01
-2.291339986639047765e+01
-1.785287130814237599e+01
-2.612419633022199150e+01
-2.648537781901062971e+01
-2.445690298502745463e+01
-3.425783591836797370e+01
-2.738161744088163374e+01
-1.780307498673738564e+01
-2.005759585535728817e+01
-2.236053177034222017e+01
-2.403457279073527530e+01
-2.745308394614750824e+01
-1.734714820237852706e+01
-2.688324854483366622e+01
-1.892740349509887565e+01
-2.969915111561620691e+01
-2.547249295037942218e+01
-2.189419692657648397e+01
-2.319152689460684869e+01
-2.562732826040337741e+01
-2.556243778146681223e+01
-2.625751661331177900e+01
-3.060435883765152099e+01
-2.842641119037642738e+01
-3.044436435694692733e+01
-1.811258045629072555e+01
-1.762829548967156867e+01
-2.593543319732805585e+01
-1.766782483779830670e+01
-2.455642427494644764e+01
-1.919468471077673399e+01
-2.465487146488280246e+01
-2.281849774507062634e+01
-2.631522567818933567e+01
-2.061340490165206063e+01
-2.144696344486057171e+01
-2.517768346588843187e+01
-3.270037944842873401e+01
-1.636500267946927423e+01
-2.599259323580458414e+01
-2.341307637858686874e+01
-2.949612731510180197e+01
