6.091512586593078815e+00
5.310926857942144252e+00
5.611942553256564992e+00
4.941099241762481498e+00
6.196596840878442869e+00
5.602674021316858877e+00
6.576912756750306954e+00
6.891990848556776683e+00
4.505449694318591547e+00
5.571481123990489337e+00
5.922382433318082562e+00
5.063974828148512408e+00
5.650491915161008905e+00
7.077070793539252058e+00
6.383951345928871035e+00
7.728111832537677195e+00
6.040872081761623491e+00
5.140930643724365368e+00
5.214078178492465021e+00
5.039786611122773152e+00
6.086766819695481168e+00
5.991267130430612653e+00
5.609703450691615245e+00
6.526400373848582959e+00
5.981936041895773215e+00
7.093602863343095422e+00
8.009771834873117058e+00
6.258770259591148744e+00
6.777476370017494034e+00
5.368391281543297033e+00
6.726910725851883655e+00
7.741244166272421623e+00
6.224758359930507190e+00
6.786093690210542206e+00
6.680626817267739881e+00
6.702865955886117000e+00
4.882472028460392188e+00
6.386614837245520704e+00
6.964263570051070218e+00
8.140328882880599082e+00
7.163587615371859840e+00
7.374553294913342327e+00
8.377887390217683361e+00
6.902509778944176944e+00
8.300333498625025896e+00
5.684883044230885751e+00
8.313431275655172925e+00
7.216263605434932060e+00
7.706468178021999904e+00
8.269228312916355961e+00
6.095736151170650707e+00
5.334948049470023435e+00
6.241655543311329879e+00
7.458211987498888362e+00
7.662496483203922182e+00
7.509417096885918852e+00
7.363147515213467109e+00
6.840771111869060839e+00
8.016269693507602767e+00
6.560180076256062698e+00
7.012532206798551826e+00
7.051716511784507979e+00
8.369374416049055299e+00
7.717044790170120905e+00
5.117191291407909404e+00
7.346002626589186235e+00
7.589176542220857691e+00
6.723175320686058498e+00
6.111010043500681554e+00
6.524436505678948173e+00
6.917148193741287088e+00
7.210836507307858412e+00
7.386524757243993378e+00
8.882492110193080492e+00
7.783080707236730511e+00
7.592708038530127546e+00
7.726628690310180403e+00
8.907231417907707893e+00
6.825145995467526205e+00
6.948479679144790033e+00
7.869053250356267348e+00
6.276133192712455511e+00
6.924664378121665465e+00
8.080390404329044429e+00
8.400053838392080863e+00
7.334763047559301086e+00
8.246807115702491586e+00
7.304574668123310133e+00
6.548773798325109752e+00
6.722077549737141666e+00
8.561266933254106704e+00
7.585129762461420455e+00
8.462824527410818476e+00
9.165749096256373463e+00
7.826705047596247411e+00
8.674390853235802723e+00
8.549096892370350531e+00
8.564456461252589747e+00
9.137836098784701377e+00
8.748843303541306682e+00
8.255340062068661666e+00
8.720901584651905125e+00
9.751473412885639291e+00
8.928094863339058662e+00
7.965464826214263994e+00
7.990782244391615663e+00
6.558975715458728928e+00
8.351971590805366219e+00
7.952452856742506349e+00
8.673560256909338406e+00
8.597288114948137050e+00
8.492952938179795908e+00
7.873784244543935884e+00
6.508733571156670727e+00
9.011472643982319397e+00
8.534701490139866564e+00
7.678208285940455013e+00
7.288077462204384460e+00
7.400396729434190135e+00
8.347900357245880087e+00
6.247103752509913122e+00
7.872914682931187791e+00
7.059344612386307283e+00
8.394788667985054076e+00
8.059448580533453921e+00
8.406499773082018123e+00
9.607518617366295643e+00
8.858156202588276074e+00
7.875859936511149684e+00
7.580086302438131085e+00
8.226703969976481901e+00
8.441644163971272263e+00
7.928627220585956259e+00
8.099397083426092436e+00
6.850421723601655799e+00
8.407043086762438833e+00
8.178905503965282264e+00
1.033378465075576358e+01
8.979024186798245211e+00
9.348496723617131465e+00
9.618357145511399864e+00
9.060448371192752148e+00
9.429588409837858620e+00
1.064462342322549837e+01
9.858214413372007101e+00
9.665438285000265140e+00
1.010925609904236921e+01
8.521398723530701602e+00
9.859745598586350468e+00
9.735134860057740980e+00
9.332432120428329370e+00
1.070900389963211907e+01
9.200376503998095146e+00
1.007569906609059274e+01
1.032255461516091444e+01
9.000387826475950703e+00
1.000042370225592592e+01
8.331391767282681826e+00
1.016944143993792515e+01
1.137824765901953583e+01
9.719571650399689844e+00
9.376850621820819853e+00
8.989886516124059312e+00
1.023313374365004336e+01
9.176372570562962849e+00
8.463586222996429598e+00
1.045784299553756824e+01
8.895505990813035169e+00
-1.170729134775699176e+00
1.031909748253275971e+00
-1.683191746696940161e+00
-8.862654459948697827e-01
-2.650063353645071729e+00
-2.615375651845575966e+00
-2.704420424608978468e+00
-1.486361563761736448e+00
-6.120388120006925448e-02
-2.860297168989371919e-01
-1.095637528315218212e+00
-4.826128084576373212e-01
1.111727269211464808e+00
-1.378994966396470012e+00
8.407963053285136823e-01
8.928626186309145396e-01
-9.846935934140255142e-02
1.277801037434489473e-02
-1.072139987994361832e+00
-5.071361939891874115e-01
8.935224884518895294e-01
-9.540468372531187846e-01
-1.327187499537782145e+00
5.249363420630261956e-01
-2.920435088514663491e-01
-7.712398793694639210e-01
-7.684031976801808383e-02
-9.364713352131186497e-01
-1.360624794180180785e+00
-4.463437726591807930e-01
-6.273615884998156034e-01
-1.468174252115534983e+00
-1.255378049806095131e+00
-2.242159204086755953e+00
4.004550845166439110e-01
-1.197366654734373537e+00
-1.313835903253007586e+00
-1.472477051954917293e+00
-1.752703739278214545e+00
-2.132747770130124731e+00
-2.360593855542911346e+00
-1.611277377062881211e+00
-9.554582692846564917e-01
-9.297746060045821714e-01
-8.905605194844135042e-01
-7.164501422890419136e-01
-5.971253449388944645e-01
-6.082857081304373636e-01
-1.290818457549552711e+00
-1.605200209694679359e-02
-4.609059992690749397e-01
6.351332754102552158e-01
5.444492957797635313e-01
3.931574251899050410e-01
-9.809089643010970860e-03
-2.056736049811842548e-01
1.677774013328745539e-01
-9.746993211287691139e-02
-8.726668857271500102e-01
-6.629632048962230684e-01
-5.419792287000966269e-01
-1.226088382323089476e+00
-8.538887065100757567e-01
-9.979283003900079052e-01
-8.421300174456272103e-01
-1.001215989646024873e+00
-8.845149041595279371e-01
-6.549122460263951950e-01
-5.399376821085146716e-01
-1.721998563247063352e+00
-1.105399626035601823e+00
-1.527570550851355513e+00
6.899463649127168807e-01
1.732439443597932893e-01
3.707225249315104776e-02
7.164042848465612678e-02
2.286410378738867877e-02
5.265663783452172453e-01
1.203619413342002620e+00
-3.710353126071348484e-01
9.482807720994648193e-01
7.267303814841357124e-01
1.604192844455218037e+00
8.097928697897174288e-01
2.670980068792405682e+00
5.943292042721237678e-01
-7.784280558827649799e-02
5.321778328999862140e-01
2.278072145000276549e+00
6.425066860300914229e-01
1.696570741321673292e+00
4.116385290316575407e-01
5.394576544292268849e-01
4.861472194788660772e-01
-5.784033812138567043e-02
-2.229062438538331747e-02
8.404690571423412138e-02
-1.464117711144119482e-02
5.410389867122820107e-01
6.386638479136772517e-01
9.103789331263216766e-01
-3.402426993128120358e-01
4.574096554369315726e-01
1.329921212404006070e-01
-8.199228988871167800e-01
2.788513870581406096e-01
-1.176857159932045427e+00
-3.370150174871868742e-01
-8.453320657912390956e-01
-1.787948333635145381e+00
-8.401006140911597697e-01
-3.905227217068132362e-01
-5.453740168957410539e-01
-1.417233365976891868e+00
-6.463975210558312590e-01
-3.721414558729509992e-01
-2.165560622372042943e+00
-1.568465114236257563e+00
-1.886235623921628246e-01
5.430207054943982925e-01
5.936917910171937152e-01
9.747722524122082177e-01
2.842603675636636851e-01
-8.502062173312818771e-02
1.978213190301609359e+00
1.139177129142034062e+00
2.185303985446829245e-02
1.335431151099750302e+00
1.145761016310388847e+00
6.222028027765844627e-01
-6.019587491624704967e-01
-4.281727405315294277e-04
-9.267975199468443392e-01
-6.866864199359739018e-01
1.164236164313145139e+00
3.309776836431330693e-01
1.722493740527614392e+00
1.591668665068404209e-01
1.576914929599409376e+00
1.407001240960039645e+00
-8.315547885114051851e-01
2.085418227227805232e+00
2.396747229132500934e+00
2.433554195585354130e+00
1.208171572258708970e+00
3.912075688718321231e+00
2.294038666422691719e+00
2.826454186767287879e+00
3.214173912043008841e+00
3.046331409642729859e+00
1.877942070032047717e+00
2.747166050138399207e+00
7.868614267418960750e-01
2.477149721115609715e+00
1.973978597643832877e+00
1.327467143260419036e+00
1.872143800980847317e+00
1.294946392366290056e+00
2.854050907994339248e+00
2.089422249538721132e+00
1.896128568032361628e+00
1.762723539271258133e+00
2.421689727253103719e+00
3.797392207782039897e+00
3.544841952821172981e+00
2.851295344211943750e+00
2.146776323752304094e+00
3.371043102056436425e+00
3.540626455307087639e+00
2.119553614916406481e+00
3.936439833141926137e+00
3.202723775632585479e+00
2.658960338098417253e+00
2.218199859808807517e+00
3.754456203405500681e+00
1.901675386212612118e+00
3.819117529944035638e+00
3.390356821218745154e+00
2.608170575578129480e+00
2.823476706201207165e+00
2.710948977538898852e+00
2.661820234669873386e+00
3.410779126694293062e+00
3.102185412420087829e+00
2.980463563683413142e+00
2.386803235360234865e+00
4.006880311524759541e+00
3.559642467543604027e+00
4.167123740302517199e+00
3.786245716753977142e+00
3.229831490511151593e+00
2.935612674838059100e+00
3.616927161177312833e+00
2.367587261034621804e+00
3.011864174722331811e+00
2.778390358638609392e+00
2.247144079251678583e+00
3.084403777729757046e+00
3.287382735786192889e+00
4.221322026290997620e+00
2.821058801287694706e+00
3.974974747625040994e+00
3.103087569892725384e+00
2.870032912378935208e+00
3.365896552270340791e+00
2.930935794018552976e+00
3.233666014389226184e+00
3.479684272157907543e+00
2.826419695859385683e+00
2.250800439103826989e+00
4.172948612381152778e+00
5.887694822710523468e+00
4.951103339031598161e+00
4.675425058410595192e+00
4.861072605742750241e+00
3.325100343304066008e+00
3.295091210168966889e+00
3.233131576982373190e+00
2.882070078389562084e+00
3.697295686289375105e+00
4.233756728667749769e+00
4.737005996220614357e+00
5.464191180740708198e+00
5.111683359371524737e+00
6.791925140564666563e+00
5.030752700226200247e+00
5.456641787796073118e+00
5.950242782628507143e+00
4.563389679325354109e+00
4.888977973865035409e+00
4.606915535052985788e+00
5.114482147687312796e+00
7.546660164606238119e+00
7.062741629815187494e+00
6.096642396385722584e+00
5.291509998632084155e+00
6.033261141241401226e+00
5.290068293417728995e+00
4.531308947382027164e+00
4.597395370081037491e+00
4.408017910468114309e+00
6.600781779189416554e+00
5.972708294400938200e+00
7.130936859079943346e+00
5.243094084535655064e+00
6.844236831969307211e+00
6.990696641158871572e+00
7.334232544601359649e+00
8.422099921918068333e+00
5.550477970147763784e+00
6.738281547101434121e+00
6.741248053731554002e+00
7.327575588504085857e+00
6.697893140394172384e+00
7.021368253882235066e+00
7.683746387427740743e+00
6.215834886391045977e+00
6.855116825939597369e+00
7.825289436422578682e+00
5.245470346122094618e+00
5.326385840754483958e+00
5.921257784671576374e+00
5.822239401407816040e+00
5.835864529360601516e+00
5.887583924721817574e+00
6.092714839086178280e+00
5.508070440424388536e+00
5.835882577939063509e+00
5.042562537989748961e+00
5.706814665472200510e+00
6.246663775963071430e+00
4.777210035597288851e+00
4.911328114276722445e+00
4.532989064218126529e+00
5.450342290190426375e+00
5.815254045286545548e+00
5.651769384330908252e+00
5.793071643658971759e+00
5.783216864824268555e+00
4.966272669933020190e+00
4.873620625542982587e+00
4.364396898046840612e+00
3.668611788760067327e+00
4.211813867452245397e+00
5.241332780927729473e+00
4.879979711922128871e+00
5.014650486907829219e+00
5.784175009314230564e+00
6.439501059048860832e+00
5.565629753719923301e+00
6.002883721435604336e+00
5.224783745699309812e+00
4.815493024838752412e+00
5.394566641380602157e+00
5.213352260993358023e+00
3.674551355678801201e+00
6.679959228312763564e+00
5.711955195133175067e+00
5.723913587213955267e+00
5.853049414797230732e+00
5.862502325232901157e+00
5.902376993927259896e+00
4.320600718358752701e+00
6.031011718879708106e+00
5.843703882272914818e+00
5.389165484721423205e+00
5.203319074740941019e+00
6.009592129706481600e+00
5.206567394991056474e+00
5.093178971535981425e+00
5.246368019741325384e+00
5.073877113438651776e+00
4.269646960924890600e+00
3.694638167472152901e+00
6.193779912823433875e+00
3.378197907297786351e+00
4.492555850614954771e+00
4.700549168779220466e+00
3.874938931566521916e+00
6.565605753497667507e+00
5.282942356638821835e+00
5.990524430064755101e+00
5.325350269751244703e+00
6.080139721108725581e+00
6.329124187329138174e+00
5.410472319018836629e+00
5.601959561916330266e+00
5.863562940010472069e+00
7.018100559708411623e+00
8.142367113026308445e+00
5.981445217917942259e+00
6.994323036100725588e+00
5.876883088868169125e+00
