5.192856031799191197e-01
8.837473202092068769e-01
1.201255467364561458e+00
1.487447480312973136e+00
1.638148301689375863e+00
1.487046182313366716e+00
1.673868242492295266e+00
1.092171116700933364e+00
9.662630233057053486e-01
7.317379698667036969e-01
7.393321578215421574e-01
6.495280701014932712e-01
5.026014837290344595e-01
1.122213833056527221e+00
1.175832923805724795e+00
1.324126633198596581e+00
9.559115270898295158e-01
6.614602647332382679e-01
4.285548067398851635e-01
1.078069700087746607e+00
8.504781022030931670e-01
9.288983952433078617e-01
1.029658735197850339e+00
1.522553224381802073e+00
1.283596662000428434e+00
1.979733592112634888e+00
1.963584125248652335e+00
1.640787905613391828e+00
1.254595093718784415e+00
1.478014063849707016e+00
1.699123477564525420e+00
1.852737562904255508e+00
1.853040903127324945e+00
1.685713904326818779e+00
1.921872393287558989e+00
2.023053268686298090e+00
1.537541228270965954e+00
1.835473330740454490e+00
2.150778730308950504e+00
2.605284999575466554e+00
2.382935651650934794e+00
2.332419878838725147e+00
2.729004291151725603e+00
2.988769873595328530e+00
2.860664645369879633e+00
2.515670550859038457e+00
2.905662826948213873e+00
2.501429347341922238e+00
2.530201099780946983e+00
2.492087488448498256e+00
2.170980761688876104e+00
1.970769141507454414e+00
1.628654655092621528e+00
2.008635706057426251e+00
1.755714033229693660e+00
1.790253558783402754e+00
2.576630380121120112e+00
2.275498202209719878e+00
2.173524136233780713e+00
2.054657641260061673e+00
1.721017240684394878e+00
2.369211456119231229e+00
1.936617209437851317e+00
1.951220107959581895e+00
1.766812767716269494e+00
1.588776919744399052e+00
1.637305898036381713e+00
2.121057910647909051e+00
1.694902106747522730e+00
1.611446145049247436e+00
1.577494901144059547e+00
1.596002127956526850e+00
2.052317519285697944e+00
2.231543425973680606e+00
1.666635384668973430e+00
1.990743625550224438e+00
2.347347106595167432e+00
2.232491872005643696e+00
2.164039227825851786e+00
2.321610763504304842e+00
2.683667273696329403e+00
2.462111390327633043e+00
2.712009161457441309e+00
2.676831452276988710e+00
3.147756235935130320e+00
2.735278578076611122e+00
2.678002876947678246e+00
2.629843143069530598e+00
2.603740242939998062e+00
3.029439950974831763e+00
3.060410691411258099e+00
3.435972632652410041e+00
3.479747658639655405e+00
3.942535364886099902e+00
3.411187687730259377e+00
3.159484940920979312e+00
3.080743261432541846e+00
3.442730309441058179e+00
3.656856020964416754e+00
3.949386903418846906e+00
3.811262563743834431e+00
3.744120622109259777e+00
3.734562429428573527e+00
3.887087418833012009e+00
3.749427354438056081e+00
3.462695279195485476e+00
3.049870956490162488e+00
2.800604947966614411e+00
2.894022785043532942e+00
3.277627379985980749e+00
3.197805854281060789e+00
3.076006736221508220e+00
2.839776950872416439e+00
2.644222655566100144e+00
2.441211305010955623e+00
2.709314547742269763e+00
2.929308249212044135e+00
2.654425436452732878e+00
2.826636943648123346e+00
2.535993295271917969e+00
2.369964479263862334e+00
2.622585225093913230e+00
2.958967931363981840e+00
3.388943645196912158e+00
3.114690063164406553e+00
3.095368768918450364e+00
3.164154571656585091e+00
2.767242606040808184e+00
2.462138494234771269e+00
2.475730819332179422e+00
2.693828853164454973e+00
2.849934520704756835e+00
2.804768097618320688e+00
2.960995405595780117e+00
3.130297256577776910e+00
3.380474018195583241e+00
3.655721285988956737e+00
4.169308787233344304e+00
4.438988152915868568e+00
4.607802230308567282e+00
4.493730554173336778e+00
4.965718883188294797e+00
5.088025610688198697e+00
5.302038481550943594e+00
5.097356396725754024e+00
4.929841425155451873e+00
4.925275169722773683e+00
4.359424961622447192e+00
4.391557978053829636e+00
4.290922642454724212e+00
4.591378552436571781e+00
4.837527744267259067e+00
4.941219925763410181e+00
4.916142532435022083e+00
4.357238299450104435e+00
4.775810261168706106e+00
4.978948111189759551e+00
4.739132387515214262e+00
4.189376900824158589e+00
4.746345385166198305e+00
4.542091989804097452e+00
4.786714280276766154e+00
4.620455588235580002e+00
4.786911862029862519e+00
5.071612580579512475e+00
4.447585845945700278e+00
4.289814230123665695e+00
4.241330831092153808e+00
3.849578857892281381e+00
4.080046676065951949e+00
3.188224570832919991e+00
3.224038351147104020e+00
3.098107898801525373e+00
2.732528371502166209e+00
3.357893721997333270e+00
3.500478261930045853e+00
3.668247661225640499e+00
3.778860076922285760e+00
4.151412920769346648e+00
4.209854472049658902e+00
4.368626282338640365e+00
4.361402497189558858e+00
5.044379130738266603e+00
5.166488858198897027e+00
4.717455720239854600e+00
4.780827228766160175e+00
4.772831371969917136e+00
4.484259114415856118e+00
4.426488460331024832e+00
3.995922052362408383e+00
4.237673733235959084e+00
4.746939855168724520e+00
4.571324848941112684e+00
3.863767495473247493e+00
4.275710463301576780e+00
4.668536998684809092e+00
4.190458724991957595e+00
4.494094239858728024e+00
4.188153592313907936e+00
3.870698062560055774e+00
3.399705308170639650e+00
3.251910511787796221e+00
3.892779475440167225e+00
3.832903530379162316e+00
3.788841495391683800e+00
3.773644418821418434e+00
3.916170022508253634e+00
3.955945136576329180e+00
3.973047141173263075e+00
3.597116756326081966e+00
3.989222055576926440e+00
3.724351929041212816e+00
3.860027931186072792e+00
4.057123041202208569e+00
4.313425934036758669e+00
4.697001955681195717e+00
4.797062688728989777e+00
5.008142202199314497e+00
5.151824756005093597e+00
5.516046414837743050e+00
5.510640737513114118e+00
5.119252197941981386e+00
4.976464564254941436e+00
4.910863783962875040e+00
5.184323278623638842e+00
4.764156108432276326e+00
4.284287795136876298e+00
4.466055142021449598e+00
4.765943313516275204e+00
4.532704661531635537e+00
4.221681771823436513e+00
4.304976715467573101e+00
4.155374137848453664e+00
4.046794955537926342e+00
4.365194456058284267e+00
4.055308779978805234e+00
4.121470346738712820e+00
4.134376882640343531e+00
3.678752732350739851e+00
4.394281713442529380e+00
4.987941396852924925e+00
4.828513236649386364e+00
4.298663911313574282e+00
4.981647837951262758e+00
4.738547172890480219e+00
4.752458305510957715e+00
5.044447893453289034e+00
4.780912661553545995e+00
5.297742502355957228e+00
4.902932211743133983e+00
5.595268602622293308e+00
5.634659325270844121e+00
5.579520922638371516e+00
5.541897466141839423e+00
5.532238205787123775e+00
5.507119131789452560e+00
5.743047971962471188e+00
5.688011819042939621e+00
5.473295493972151426e+00
5.734377814455245748e+00
5.689330600561448570e+00
5.445346176006872874e+00
5.199027847112354550e+00
5.017372764392906248e+00
4.991734089639792593e+00
4.955575960711500194e+00
5.097730448633636335e+00
5.175842883163478625e+00
4.991093451972762551e+00
5.105328652206010176e+00
5.529866417933948952e+00
5.291420076606466516e+00
5.135652105533640821e+00
4.767638001755715393e+00
4.117938970081571171e+00
4.271103039245473632e+00
4.360230220603232176e+00
4.205813277123352734e+00
3.775806082250758422e+00
4.153625380312555571e+00
3.660369424535269811e+00
3.785156248600045181e+00
3.915673833455253661e+00
4.360149459869679944e+00
4.420240103349341254e+00
4.392505357258843723e+00
4.835329062426830582e+00
5.528177986119411358e+00
5.603239258881079543e+00
5.707060658688513755e+00
5.477930100816787551e+00
5.558822818491279349e+00
6.018984054803691919e+00
6.063272693881541109e+00
5.772438243156761573e+00
5.756390081856736174e+00
5.681415499320751294e+00
5.164202711547587477e+00
4.739845909534427193e+00
4.971296757852884163e+00
4.962352007929882625e+00
5.085889313348997298e+00
5.951303980965469087e+00
6.141059320734616911e+00
6.339837097607492922e+00
6.335425590060951073e+00
5.556383920902585594e+00
5.938810017523418416e+00
5.929062032830977103e+00
6.139389436269969025e+00
6.905046349605195033e+00
7.068912229137347403e+00
7.500582569928386789e+00
7.554740032134281691e+00
7.683470961411696720e+00
8.010261166935478627e+00
7.511510590305364055e+00
7.640953965531915415e+00
7.540063370479438198e+00
7.166150476535441349e+00
6.978022140404623208e+00
7.284921999953066774e+00
7.318036392440576243e+00
6.973228982843394874e+00
6.876995253141858555e+00
6.922673570173423663e+00
6.972501454743144755e+00
7.164206250017201683e+00
7.078617647283178549e+00
7.018599470668433149e+00
7.398475622353651637e+00
7.305767973694476503e+00
7.676650559070631097e+00
7.748955440153029173e+00
7.554960704550396144e+00
8.060576079553550599e+00
8.122178735194225396e+00
7.904129323452156797e+00
8.165945494814057071e+00
7.867991243228646070e+00
7.842018395557718513e+00
8.362022067597017383e+00
8.204920067572125220e+00
8.342126672035284685e+00
8.008782404868918903e+00
8.104467718490056427e+00
7.868123337548495577e+00
8.135782518911190309e+00
7.819068762848112364e+00
8.272994064038032391e+00
8.420128798360439148e+00
8.832887388844740784e+00
8.945790897069256786e+00
8.983571140672841793e+00
8.772805527926792024e+00
8.745496541465419327e+00
8.832775115883009676e+00
8.030725906974751638e+00
7.909638998463986326e+00
7.964206620004277148e+00
8.029355782942339204e+00
8.559014066970354051e+00
8.544074858332509237e+00
8.159894332735783351e+00
8.369318290019608142e+00
8.204550844649016739e+00
7.872171153898548823e+00
7.913187530965003269e+00
7.743453125133711978e+00
7.919510713886404929e+00
8.128120953889951039e+00
8.145192490897549931e+00
8.048632448633282976e+00
8.083532694163000798e+00
8.432075009820998446e+00
8.143886286087044013e+00
8.536562933811948639e+00
8.646589152068715478e+00
8.945375540107258772e+00
9.686959439388923343e+00
9.422100808641882708e+00
9.558555313395096675e+00
9.227623713196681621e+00
8.476473623284897840e+00
8.191938649651003601e+00
8.321586968185071598e+00
8.611720269365770619e+00
8.787979056911842335e+00
9.075780981510693124e+00
9.698333637443594668e+00
1.009389429900357626e+01
1.025583568513133770e+01
1.048304104387965907e+01
1.003948158405821900e+01
1.009257631765260754e+01
9.904356039874613771e+00
1.016623236468977787e+01
1.037312702915948570e+01
1.061979895651737138e+01
1.082797512990455857e+01
1.090183793632895437e+01
1.071938319537478712e+01
1.088149922744824849e+01
1.051399806356983113e+01
1.056591710601352396e+01
1.059746719173764973e+01
9.993172699923198010e+00
1.012567576345972142e+01
9.919890276939577589e+00
1.044383354658863539e+01
1.073596381990578053e+01
1.093317946209165115e+01
1.110500604010527681e+01
1.156864985615483121e+01
1.176663235143917419e+01
1.179404151071492457e+01
1.172896441336195572e+01
1.134226639313654417e+01
1.174220603545825803e+01
1.229121991363943067e+01
1.192305977478596191e+01
1.160705999758019402e+01
1.143074788197957403e+01
1.171219814025526063e+01
1.154254715551240551e+01
1.182504081014382358e+01
1.129189371268240905e+01
1.071852607091164700e+01
1.044856956989961816e+01
1.065377701984821002e+01
1.082641854970120399e+01
1.080725619769930468e+01
1.080853096880564124e+01
1.087689780817454199e+01
1.078396802090844275e+01
1.072823921688492810e+01
1.034126369290987135e+01
1.046922151999901551e+01
1.070576232496435054e+01
1.014984983979670474e+01
9.964326893047147138e+00
1.029191232581602833e+01
1.029880657283326606e+01
1.029256764217104170e+01
9.935196273538977607e+00
1.010929493897419462e+01
1.001638463238481158e+01
1.011118148484889190e+01
9.885379981221126044e+00
9.675511982151741464e+00
9.702522637484626955e+00
9.801939415359385066e+00
9.549175048496403306e+00
1.001516201356193392e+01
1.005887574039813792e+01
1.026603869646440614e+01
1.036244973932945257e+01
1.031067829387732004e+01
1.031660948667037836e+01
1.027356606011295881e+01
1.044000645263077587e+01
1.037420685974173651e+01
1.057813824611649522e+01
1.073543863856813196e+01
1.104607237507403639e+01
1.108562048103387454e+01
1.115392340776980973e+01
1.105446955135969844e+01
1.119089836364108592e+01
1.121634655131335556e+01
1.091402365624830040e+01
1.095270119839671707e+01
1.081751925535388636e+01
1.010819480834796735e+01
1.059753095761629282e+01
1.101191387655160803e+01
1.083165283739971940e+01
1.079979955339871189e+01
1.051784822177600809e+01
9.823891112881959486e+00
9.482708264450701918e+00
9.364209757245651744e+00
9.538676757192321887e+00
9.189554477240786667e+00
9.213457367986633173e+00
9.435904487475427871e+00
9.942639855412950922e+00
1.022797410188118583e+01
1.031084771742302131e+01
1.088358996377836085e+01
1.077059094917249205e+01
1.082243954306552780e+01
1.105981492218061746e+01
1.123151973415902738e+01
1.134477179508262701e+01
1.145239396027757373e+01
1.167218688839752616e+01
1.215250240864219933e+01
1.158676700712643637e+01
1.182164886219784705e+01
1.157148243048304437e+01
