5.329304574547454543e+00
6.233576257004081356e+00
6.879094112553123530e+00
6.245410008080737541e+00
5.911460507291632638e+00
7.119817041795560186e+00
7.231815067063733338e+00
6.604136311671430448e+00
5.523449502736464289e+00
5.212433330366261330e+00
6.152235119429223076e+00
6.223249058199671779e+00
6.110040357865583083e+00
5.594937013902304024e+00
5.112293043016763683e+00
6.935389071816247863e+00
5.779075814946267542e+00
6.586450461854855831e+00
6.580636247868955735e+00
8.369149194936763791e+00
8.084643731212654671e+00
6.839391483764081237e+00
8.195146514911012758e+00
7.115011324183923236e+00
6.478545050446719245e+00
7.102436567424613045e+00
7.353312235897073279e+00
5.550368229495926897e+00
7.052731187184431150e+00
5.831760321492785337e+00
7.511670187530133269e+00
7.441005595267467854e+00
6.568037977781495229e+00
5.888144272294011827e+00
6.875473085773857740e+00
6.699009929110922634e+00
6.650585077446907967e+00
7.144063563762900415e+00
5.181995111750492100e+00
5.848214880921642767e+00
5.330539065614035010e+00
4.372853158361774462e+00
4.693202234886789448e+00
4.339126752246516894e+00
4.049635662808504399e+00
4.182929030684015004e+00
4.512625957054260617e+00
4.076864815717073043e+00
4.674074343700270084e+00
3.366290168983414155e+00
4.424702711288767354e+00
4.087050457497332978e+00
3.188634151917559389e+00
3.268042392042802113e+00
3.036712028616904924e+00
2.714269754432040216e+00
2.607389699242648629e+00
3.630673723063951197e+00
3.979313813576480285e+00
3.477426960211477791e+00
3.800434428728463487e+00
4.115510750809399987e+00
3.644158861629177792e+00
3.566205574271560153e+00
4.389414822283488782e+00
5.025606891696615897e+00
5.269380219064348836e+00
5.624848149811016107e+00
3.547010634212507174e+00
5.730468549232400122e+00
4.591133569956201477e+00
4.743531591323745467e+00
4.965667632454096037e+00
4.572079318199465447e+00
5.259089558915497342e+00
6.521408113567013665e+00
4.723271711427093678e+00
4.866970970886005610e+00
5.095248135463629424e+00
5.785283378684327182e+00
6.335202336608700691e+00
5.987089791093785252e+00
6.096966106378213013e+00
5.837460083220943119e+00
7.134663030972375530e+00
7.479680924948384657e+00
7.450993403548803684e+00
6.159876606116968745e+00
7.685885111305053030e+00
7.746221749564885073e+00
7.328191939119182763e+00
7.399381170254165418e+00
7.561148159446457129e+00
7.330635514966468591e+00
8.138380313876517391e+00
6.850433342418733140e+00
7.271245149478675174e+00
7.704072349352609983e+00
7.743435024395536104e+00
6.483046304194584053e+00
8.270426292991551520e+00
8.271732527618350872e+00
6.923600313871267176e+00
7.337926800116346904e+00
8.180537883951540579e+00
7.868664296571322048e+00
9.032815313394120693e+00
8.699908084059078561e+00
8.208065709874412974e+00
7.879241605776708290e+00
9.109056880063572947e+00
9.132712711824673590e+00
8.352524082039636255e+00
1.004771753257039890e+01
9.692711404012081644e+00
9.637113839282680061e+00
9.944439449138656073e+00
1.035380783805885230e+01
1.089341012866753289e+01
8.849802728039239952e+00
9.467671258469211537e+00
1.115400539276933323e+01
9.848312146762037145e+00
1.177963464256437653e+01
8.382465125640873538e+00
1.014884882768088659e+01
1.027928037261732896e+01
1.018393817027871506e+01
8.931187602975352746e+00
8.959817679898710807e+00
8.400243981768081625e+00
1.102863524251991834e+01
8.354336704324623497e+00
8.587635295867858787e+00
9.114983238242352570e+00
9.415169776046408145e+00
9.603852186709243455e+00
9.374530329774270143e+00
8.710302746724945422e+00
7.277381003056223818e+00
8.826603885930397908e+00
8.530602171430500036e+00
9.072797581308673642e+00
9.095563301935468914e+00
7.966844145172322200e+00
1.049368660119071883e+01
9.901416895464667078e+00
8.904774702047543400e+00
7.144134832075591746e+00
7.959102861194085499e+00
1.023616064939633219e+01
1.010211211007169929e+01
1.013255469025736311e+01
7.752242344065571444e+00
1.000195918065093714e+01
8.383593977085528337e+00
8.248229913866133245e+00
8.299034054830288554e+00
8.372604228163115891e+00
8.663743733882348863e+00
8.201412887264192264e+00
8.681415449190987843e+00
7.913869237909926468e+00
7.937204546746484013e+00
8.382610948091382852e+00
8.267422815102838385e+00
8.909875550097854813e+00
9.606417436302312041e+00
9.988755494672826529e+00
1.000640132987845377e+01
9.398188525230210644e+00
7.819589795084123551e+00
7.813834319679777707e+00
9.428894381457913809e+00
9.013765457657269664e+00
8.001073182982519683e+00
7.166371125423729893e+00
9.280877857695909228e+00
8.768622987135994862e+00
8.727739798057607246e+00
8.864931995152669941e+00
8.249168139477779604e+00
1.085804340521685063e+01
8.742428573770517630e+00
9.299435448207125532e+00
7.885362301272993868e+00
8.280182921320209388e+00
6.097395094492967793e+00
8.851337274534909483e+00
8.887007026334730497e+00
8.486209261147315885e+00
9.164386437164798949e+00
8.178782721793490751e+00
8.518157059624975602e+00
8.257254402969682161e+00
8.434348412420444419e+00
8.422803893857739865e+00
7.519505734979238021e+00
7.263165981845967956e+00
8.465420078295061046e+00
7.932092836339394104e+00
8.087334364713727908e+00
7.898682738213545385e+00
7.701929499119398059e+00
8.009953381109678361e+00
7.592911037980188738e+00
7.167271635387484352e+00
8.384777427506403313e+00
7.562965317022790401e+00
8.129995241939656836e+00
8.986922905663279337e+00
8.938229624209927948e+00
8.364937470122088214e+00
7.797545254157076222e+00
9.729928836183811214e+00
9.580867116450997756e+00
7.908925456764457351e+00
9.516731367354218207e+00
8.786044119992487467e+00
9.112285627348079231e+00
8.376920558625506885e+00
9.976121338468200150e+00
9.781238265998709380e+00
1.013992438790024764e+01
9.087901532645574321e+00
9.362993361868451103e+00
9.444512315092577381e+00
1.098511662638171060e+01
1.056137052854705516e+01
9.527261419086112681e+00
1.036069211522338129e+01
1.085078790644038271e+01
1.045681892196543927e+01
9.934668684335498767e+00
9.525715054385267777e+00
1.103712876386101627e+01
1.039452474639483981e+01
1.019732612257931592e+01
8.595712147761130240e+00
1.029685935762861249e+01
7.789200475299038473e+00
8.033975332160427030e+00
8.404371719777108396e+00
7.820086121301622839e+00
8.186323992977168729e+00
8.164285914100100072e+00
8.102787059573403283e+00
8.149918073378536576e+00
8.813697619884866441e+00
9.037329717036589827e+00
7.655485758083375281e+00
8.379465403928161749e+00
-1.914277638701828987e+00
-2.285745665643329705e+00
-1.712099975072912450e+00
-3.031493818063855095e+00
-2.343680837710424569e+00
-4.027638489007292932e+00
-2.992420484890120580e+00
-2.820795802337203728e+00
-3.413083541462280657e+00
-3.661616361942653164e+00
-2.831638921119524088e+00
-3.192279011728722971e+00
-3.849342932968084163e+00
-2.815243882909361339e+00
-3.407102165322861698e+00
-2.774259847541153512e+00
-2.512002427471268895e+00
-2.278608955318201179e+00
-1.521098538500439634e+00
-3.364119249087685226e+00
-1.317553133563079459e+00
-2.450783392828823626e+00
-3.084558213528930892e+00
-3.805639426143319515e+00
-4.014192053152085826e+00
-3.790684236437401378e+00
-5.023946447925268011e+00
-4.361399903445809301e+00
-4.226899083666776136e+00
-4.281299923811801023e+00
-3.912466485122561899e+00
-3.399900270414609516e+00
-4.973963629270289566e+00
-3.228642684570350418e+00
-3.840458510991274999e+00
-3.789570251646090071e+00
-2.591642132791970532e+00
-3.551045573151121459e+00
-2.631731885792422787e+00
-4.840132973301540353e+00
-3.861649057063223811e+00
-5.248218223490462186e+00
-4.926106403724598515e+00
-4.781808154906193487e+00
-4.873186919139870454e+00
-5.912248630514071124e+00
-6.588365769560699192e+00
-5.571395752673547364e+00
-7.306766557626666270e+00
-5.956806317468063661e+00
-7.054829401672616740e+00
-6.502388639055260100e+00
-6.379473640021844361e+00
-6.112570866921391399e+00
-5.100182804245083190e+00
-5.290017199623004096e+00
-6.888561355782787388e+00
-7.305070155057203252e+00
-7.053187193757864293e+00
-6.584067550418613024e+00
-7.156440962111407345e+00
-7.111380036414606032e+00
-5.416281735986681056e+00
-6.270463685976128687e+00
-7.998991388275371150e+00
-6.765633081627667522e+00
-5.744244389435584353e+00
-7.435566747842278446e+00
-6.976492433689046813e+00
-7.548725459881696409e+00
-6.540112980732148529e+00
-6.417977658681540909e+00
-6.059718798377071280e+00
-7.027800127898165883e+00
-6.409894843408428855e+00
-6.538790745898005241e+00
-7.177883055091118791e+00
-7.313707041824232036e+00
-6.262420268365820775e+00
-6.651775736823744900e+00
-4.867561878850453994e+00
-6.004963997957323052e+00
-5.611171491590845939e+00
-5.905136971821585590e+00
-5.941141260672908153e+00
-5.918161699793186514e+00
-5.345913794815074560e+00
-6.688170353297765658e+00
-4.371129745770859998e+00
-6.007220021133337973e+00
-6.318681883793413334e+00
-5.392327442039698049e+00
-5.760433676511708789e+00
-4.748675529577827348e+00
-6.131966507542318645e+00
-5.119902823828965666e+00
-5.460807802033505354e+00
-6.227437962686462214e+00
-7.037556443441689069e+00
-5.211242957824794075e+00
-6.564442453656119447e+00
-6.955531238629216517e+00
-6.321008722780769418e+00
-6.467724162148545730e+00
-6.291689459414119057e+00
-4.737202916745932413e+00
-5.483778856734382146e+00
-6.268386187732781778e+00
-4.603185711214132780e+00
-4.615299608691006306e+00
-5.837087477859810747e+00
-5.187389846108500180e+00
-6.187400294778243826e+00
-5.983345392626057802e+00
-5.461595222651554948e+00
-5.023793245315171241e+00
-4.775810954798512142e+00
-4.922031613977980946e+00
-4.202569686661893122e+00
-5.033078480855341930e+00
-5.448402349984402093e+00
-5.667609173639013953e+00
-5.816193496949055408e+00
-5.907194222937443229e+00
-5.917012860837536081e+00
-5.253034587848232739e+00
-6.263627871614383835e+00
-5.112262923742959764e+00
-4.503449157003476699e+00
-6.362269775115922954e+00
-6.364437402703966740e+00
-4.710737699401812861e+00
-4.948552216470080367e+00
-4.536765620528347753e+00
-5.633809383538746829e+00
-5.665715280071140114e+00
-4.353755411354981675e+00
-4.703764650064298891e+00
-4.553055055514267480e+00
-4.551571240154270725e+00
-4.305061452435535507e+00
-5.238321676417327488e+00
-6.457695808901748435e+00
-5.819808065957927212e+00
-5.906156933428959199e+00
-5.566651707342900934e+00
-3.826434222282146802e+00
-5.027313320463584034e+00
-5.414153339772332707e+00
-3.829910192426956517e+00
-6.297803656517361404e+00
-4.467817806069581898e+00
-4.351868642610273952e+00
-3.801772014466484162e+00
-4.039131140984547841e+00
-2.039835477119554596e+00
-3.856279133688996108e+00
-3.914424165953859891e+00
-3.435819786481192573e+00
-2.433771899648303538e+00
-3.061868001730783995e+00
-3.666546641274535556e+00
-4.316405216608505846e+00
-3.555647066910565535e+00
-4.443677173927134127e+00
-4.324257376788122720e+00
-3.113097133037740605e+00
-3.439769666638952561e+00
-3.204894619670457967e+00
-3.871265844179735627e+00
-2.873863680923229857e+00
-2.923762306708575398e+00
-4.648601448260532010e+00
-1.996396484991562748e+00
-3.631813639205488720e+00
-1.930107791372938308e+00
-4.095003610880969092e+00
-3.401411659536289100e+00
-1.630865319456242801e+00
-2.316882710897536501e+00
-2.127297201857194064e+00
-2.850003095746690640e+00
-9.861576448268611905e-01
-1.743806296327065741e+00
-1.553766746116312270e+00
-2.850866837631152340e+00
-3.275075543592099070e+00
-2.861994922228745963e+00
-2.187794041079947238e+00
-1.557239196481260191e+00
-1.896455044273224644e+00
-9.794057287021460390e-01
-7.987842696716920265e-01
-1.815416901764109081e+00
-1.821524742324108548e+00
-3.089587216648053136e-01
-2.497724984473010501e+00
-2.655957788418634724e+00
-2.491254424200972206e+00
-2.946634208021956081e+00
-1.082840219994582132e+00
-3.652737374736751530e+00
-2.169385308146988933e+00
-3.231753741126925483e+00
-1.594809441069080957e+00
-2.918038557245896669e+00
-1.786420163752040047e+00
-2.347513316879327849e+00
-2.089872305149726106e+00
-3.253014552971102979e-01
1.538390168583410045e-01
-3.536131170972733884e-01
9.539499129486896933e-01
-9.284132936378597378e-01
-3.757973875581859247e-01
-2.217757746818804776e-01
2.393492133179622172e-01
-1.768682295998500464e-01
7.465124022467017895e-01
-1.439398086139132005e-02
5.236174627975831442e-02
2.286366378232598251e-01
-1.590187817210780175e+00
-3.099012103247611449e-01
2.729691228651160984e-01
-1.975533477091893531e+00
-8.468482854850645225e-02
8.599334427492104638e-01
-8.063761463125826978e-01
-1.376584830609167476e+00
-2.478058860982779166e-01
-4.539211673285885595e-01
1.787427644243470226e+00
2.782150347122751555e-01
5.661508936371486556e-01
5.043415592773525802e-01
1.755772013416068589e+00
-3.023915012380298251e-01
5.834073416401519552e-02
1.101693066441294278e+00
5.071283024589057220e-02
-4.053395253496985262e-01
1.079958604684543744e+00
1.811676330555355374e+00
1.476142193282054205e+00
1.137742704303828845e+00
8.992134316839210939e-01
9.719253578242366132e-01
1.778164526005268087e+00
