3.148627458067101426e-01
7.788044249932288832e-01
1.033531417066892333e+00
1.157630995289391951e+00
1.472790304571368836e+00
1.842479054476936273e+00
1.560082798070387078e+00
1.484173161453963274e+00
8.159400758788146746e-01
8.553044468919345222e-01
1.092948610080243466e+00
8.890367005073971374e-01
7.737177801688295276e-01
1.073565969940657228e+00
1.325101030195781515e+00
1.211186561190681354e+00
1.577258913939070251e+00
1.902829803311687051e+00
1.921239094453949026e+00
2.230762970596196215e+00
2.097085776295864346e+00
2.153269862824237713e+00
2.158091905348322737e+00
2.078109133003674724e+00
1.841122994934583090e+00
1.917661924386479200e+00
1.769206504873951591e+00
1.212009789996366882e+00
1.354389043691181627e+00
1.029266363729216760e+00
1.020056080349026395e+00
1.116974218994821744e+00
1.186111703760870828e+00
1.503433701810175105e+00
1.594319818249453347e+00
1.594304958111362858e+00
1.575641693952376299e+00
1.170113245076191522e+00
1.294371367635836378e+00
6.203587077054194543e-01
4.338364657371444610e-01
4.578068690065423274e-01
2.151599249579334294e-01
-3.406194487438415908e-02
-4.634964898141932244e-01
-1.840687475256697070e-01
-5.108981773939331728e-01
-4.788291061859486497e-01
-4.159891447918876439e-01
-8.242411007628467345e-01
-5.648990830608024982e-01
-6.082255331396021480e-01
-7.551505352862429854e-01
-1.017351033318712794e+00
-9.183457934957743873e-01
-1.153577534179567543e+00
-1.339115447205595277e+00
-8.775945136769834898e-01
-1.252807115536437088e+00
-1.659602289142242171e+00
-1.251252385098060804e+00
-6.317947806295765023e-01
-4.574433058747005010e-01
-5.075473405551084172e-01
-8.877982348359725329e-02
1.767704692593620730e-01
1.241293716900626065e-01
2.309434074538445347e-02
3.221334788051182785e-01
-3.825388808426144482e-03
-1.966890384156146088e-02
-2.535735414170053881e-01
-3.085239928756904337e-01
-1.339989138826715165e-01
-3.812857509123586397e-02
-4.210359751332947570e-02
-2.823267407127908468e-01
-3.899709894594549642e-01
2.109125360341285171e-01
1.778358868551057070e-01
7.626861171614582879e-01
8.570979395273664592e-01
1.163390434026500442e+00
1.372679316977560626e+00
1.554291629759894988e+00
2.089822130024297397e+00
2.386745399216196439e+00
2.461956139443338465e+00
2.373331288315450482e+00
2.547988243128782138e+00
2.661172538756381378e+00
2.878188250211644927e+00
2.636527141219250137e+00
3.009892544647836843e+00
2.796853313995367074e+00
2.502553124869108636e+00
2.599843713795681577e+00
2.567711213467068099e+00
2.230188569483649630e+00
2.625256183344312433e+00
2.550538738022955165e+00
2.948267275696825784e+00
3.074257352847356906e+00
3.684784356955306706e+00
3.560998889642784881e+00
3.460552163668144665e+00
3.579259869777128067e+00
2.633112258076439005e+00
3.190560925089470423e+00
3.855033045550254833e+00
4.362832091342579766e+00
3.782102843186113894e+00
3.396105576912898272e+00
3.846831448698625255e+00
4.963226625572704442e+00
4.450454458025022042e+00
4.199205393330012193e+00
5.064299853827067821e+00
4.801257882953404277e+00
5.275314694355083489e+00
5.044898120562354649e+00
4.932693567811474722e+00
4.610284643757288414e+00
4.543872463394906802e+00
4.583408148703617790e+00
4.631704151151121884e+00
5.042296318062994942e+00
4.848502248909480450e+00
5.105167703385531830e+00
4.371327950710393928e+00
4.523483962251239276e+00
4.844415072447724846e+00
4.265866842360454214e+00
4.367928606708193051e+00
4.466252714540519975e+00
4.822937745272203536e+00
4.628747663189819228e+00
4.063982974314897412e+00
3.675587977379764837e+00
3.655580736613957882e+00
3.988492376512898563e+00
3.951493556307084543e+00
3.831111309298829593e+00
3.599949263665952692e+00
3.809442980141435342e+00
4.080487575740598061e+00
3.979429329698111140e+00
3.614719911468096125e+00
4.403199583577583454e+00
4.492322530596563723e+00
4.144126237810414892e+00
3.820649027601584979e+00
4.235603676281728625e+00
3.963745890411612294e+00
3.726423021591382945e+00
3.148964322263710258e+00
3.167784394946635551e+00
3.285989998701963177e+00
3.241298735702104139e+00
3.705154435324530038e+00
3.132506140363826574e+00
3.200029647735701754e+00
3.726379497671976182e+00
4.314823302716395581e+00
3.810199198837942447e+00
3.559181048545257742e+00
4.211912626368326862e+00
4.515177382732236566e+00
4.386894396938814111e+00
4.350981895230412455e+00
4.224433028566002335e+00
3.850757078040363268e+00
3.567605082225571600e+00
3.533315066394204340e+00
3.434707872130159156e+00
3.392120767820742344e+00
3.338927989952635844e+00
3.728317702033322689e+00
3.629609382768134829e+00
3.770609131411548187e+00
4.019676745312423805e+00
4.126120025304061301e+00
4.452743652041854183e+00
4.297212685424095291e+00
3.804828104958293711e+00
3.384822625173204536e+00
3.374197375878028371e+00
2.776701425050216887e+00
3.597334774767327659e+00
3.796509422798458822e+00
3.524246283041457595e+00
3.802529948549607575e+00
3.475867783946703593e+00
2.921217896931642688e+00
2.903616330178381499e+00
3.354472417704347453e+00
3.187107834468720924e+00
2.540768479251926948e+00
2.491916001617219045e+00
2.773014378395493473e+00
3.193674115129931934e+00
3.401083488090822726e+00
3.217120408212736926e+00
2.880377202984573337e+00
2.484659413374963766e+00
2.456596589563379229e+00
2.247131176952615217e+00
2.925008443187612439e+00
3.214145717310339379e+00
3.372769517115288718e+00
3.487621256546224568e+00
3.285833968034835184e+00
3.033445567870635795e+00
2.850386570053505153e+00
3.349860369425291751e+00
3.501301455422892506e+00
3.130383891133993846e+00
3.674259768940387083e+00
3.807664263825542683e+00
3.906188592993150799e+00
4.162574645632727943e+00
4.344406252905422150e+00
4.420670068589940271e+00
4.440308509660293446e+00
4.303180403887798988e+00
4.157562929743519042e+00
4.464011477978617748e+00
4.422408163767532763e+00
4.980040419291981380e+00
5.314843093533275997e+00
5.691582878266507883e+00
5.645831695949130591e+00
5.434447503738142338e+00
5.307782602609371736e+00
4.946211817342252459e+00
4.947670225231305174e+00
5.141614250983011836e+00
4.731736394043265292e+00
4.111243072022554124e+00
3.509001229042303827e+00
2.956958740253975204e+00
3.056695891127558351e+00
2.943415019628601303e+00
3.026616041177302652e+00
3.146442802582174014e+00
3.196931827638465062e+00
3.141705239669038363e+00
3.658904807351976984e+00
3.802044865419202502e+00
3.650510051821579172e+00
3.042930760631475273e+00
3.102077293568391791e+00
2.505954348789773523e+00
2.097655154445409398e+00
2.409218308590963531e+00
2.066588262843138679e+00
2.456152710334146505e+00
2.395918132847392190e+00
2.178291138577089558e+00
1.828960019447241958e+00
1.988811289288694439e+00
1.511822960013309292e+00
1.823344350681293857e+00
1.172872227284508240e+00
1.319169798745705613e+00
1.796198017306396055e+00
1.632901241888931931e+00
1.642319760585892796e+00
1.942936540869059536e+00
2.238734927327455271e+00
2.026076145710642873e+00
1.808632691883852672e+00
2.371480277464519837e+00
2.716490232059255217e+00
1.867777277267243186e+00
1.305111125070005595e+00
9.429587630933938813e-01
9.378803832702186094e-01
2.072888782485334813e-01
1.312024067802430305e-01
-6.320343358242386245e-03
5.476601266667810997e-01
3.936594481236879162e-01
8.754257084459426963e-01
1.090362968346840544e+00
1.341679411461990767e+00
1.580510825323974577e+00
1.535005497917470096e+00
1.205583519829341199e+00
7.468402845851230820e-01
1.133859927665250344e+00
7.657078257941437593e-01
1.146040524289718920e+00
3.102942594664969134e-01
-1.602419393341436571e-02
1.091870188121679963e-01
-2.764700161438324311e-02
-5.485493206375164910e-01
-9.631155134686569808e-01
-1.369741194159089348e+00
-1.580599660537531426e+00
-1.664546632443252072e+00
-1.856253566617843465e+00
-1.678642098934703064e+00
-1.237037145897137869e+00
-7.067060085724846674e-01
-8.789369126506393348e-01
-1.073401953950513965e+00
-1.234139877900832349e+00
-1.715957757950331786e+00
-1.613459563215230874e+00
-1.772812654008206534e+00
-1.491361576587619586e+00
-1.462981094203972710e+00
-1.651038814295478607e+00
-1.375457153710682778e+00
-1.588984778701430844e+00
-1.286894949693278223e+00
-1.436325379803004676e+00
-2.052043300515648649e+00
-1.897740812967437352e+00
-2.010115079739973165e+00
-1.587686028644118785e+00
-1.622731840459676667e+00
-1.702931773588371556e+00
-2.039863974844387862e+00
-1.605347286146975527e+00
-1.904779114885599700e+00
-1.887219998941304544e+00
-1.463046717661736551e+00
-1.524284312627580906e+00
-1.067534885838105074e+00
-1.398000051801856713e+00
-1.147435193472432502e+00
-1.501249960189340316e+00
-1.573686018128360287e+00
-1.134020677959404866e+00
-8.874356455337576444e-01
-1.124198733651731841e+00
-1.355412085481955575e+00
-6.775960716167150899e-01
-1.298258094990512035e+00
-1.261198715696104644e+00
-1.118672366566203058e+00
-1.019736619123376542e+00
-5.018303865638915617e-01
-5.460995748196771915e-01
-4.276256945267626897e-01
-7.838559650290632952e-01
-8.853955071379826514e-01
-1.058689242674035302e+00
-1.300192446559813586e+00
-1.142850776732633911e+00
-1.472874105472069761e+00
-1.210395850851103461e+00
-9.847909175989469910e-01
-9.535395636641188499e-01
-6.628040606486163000e-01
-9.791579128414121813e-01
-2.239738369719544986e-01
-5.911499863094681340e-01
-2.828760873168355006e-01
-4.978067593536275037e-01
-3.765244624037329402e-01
-4.819089712327535580e-01
-5.658151425471623641e-01
-4.738957166495947337e-01
-3.186782021328270487e-01
-4.384377343520956538e-02
-3.463976238153664844e-01
-3.275322740269320798e-01
-3.264151101481615469e-01
-4.349268236539238774e-01
-6.820874577257036719e-01
-1.050715804358539840e+00
-7.861115347617180227e-01
-7.792389557318505355e-01
-1.026728106308359534e+00
-8.962702281809133975e-01
-4.363734550694682857e-01
-1.953254250131294667e-01
-7.046083656796264805e-02
1.208309679966522443e-01
6.028647893656656487e-02
2.733479933305002496e-01
1.331878499760860979e-01
3.136963956305965917e-01
3.943948683633881069e-01
3.425289286087136453e-01
6.392264316902942500e-01
5.433431618208718339e-01
2.483962987377165699e-01
-9.554510053009324100e-02
-3.573055254147795012e-01
-4.221274906534494553e-01
-7.109797975582992091e-01
-1.308390734899942398e-01
-1.629763417803551939e-01
4.197361158302446715e-01
2.112529043787270966e-01
-7.900504342909028810e-02
1.474774335669223890e-01
2.636765172311146266e-01
1.261744548773673813e+00
6.708849311047196950e-01
1.111794355712011129e+00
1.491668723446868849e+00
1.556060248560292569e+00
1.149627916703588770e+00
1.211485910712182923e+00
1.358818476832683864e+00
1.716824071673104468e+00
1.838463376800856919e+00
1.656183358891746504e+00
1.586458291303485924e+00
1.246880059227305715e+00
1.059367064056913721e+00
1.077521793900001912e+00
1.160976723713408765e+00
1.379507327762290014e+00
1.721278823270497416e+00
1.639272939679317087e+00
1.746111983459050165e+00
1.910672229008596457e+00
1.846201009470526122e+00
1.471025998679208247e+00
1.831770205494818171e+00
2.006350702810737463e+00
1.923751447263067904e+00
2.334640191771836015e+00
2.584924204308075346e+00
2.355100255336370463e+00
2.535180096077228828e+00
2.728840572508675066e+00
2.765389919378089534e+00
2.801065290208026415e+00
2.899192253090910221e+00
3.215191540999891462e+00
2.853077757787289226e+00
2.872640969688491808e+00
2.878885120229001782e+00
3.069080430098515055e+00
3.105735359385392691e+00
3.639719912615405395e+00
3.791019593000255927e+00
3.547241774929405178e+00
3.544385297057405904e+00
3.562059634556559828e+00
3.349306010689986124e+00
2.917500449270851615e+00
2.929438808160318874e+00
2.870158137271474619e+00
2.776551230733445674e+00
2.816384696216517103e+00
2.580401401906543768e+00
2.282236277690821602e+00
2.503599355841912288e+00
2.565623268353881770e+00
2.710553545509199580e+00
3.029087579652164575e+00
3.275480961190089690e+00
3.323488097960147325e+00
3.905633956837190723e+00
4.311291163547377181e+00
4.570519435380480111e+00
4.691079005947674574e+00
4.826531995933431851e+00
5.294980490699133568e+00
4.793691657836467002e+00
4.943977130270845066e+00
5.206268500082082085e+00
4.992567339528645398e+00
4.933048761978438002e+00
4.456424307484541991e+00
4.622844040843109958e+00
4.629021291254991510e+00
4.939571122249195589e+00
4.635643233330116075e+00
4.880373159710122088e+00
5.305057368192803047e+00
4.914794820957316901e+00
5.047951585287475673e+00
5.116410470109099329e+00
5.546541872788528948e+00
5.392028010103014246e+00
4.961659270394699561e+00
5.247937950455084710e+00
5.390447979320845739e+00
5.924604154679637524e+00
5.597625744466673936e+00
5.023622305543351985e+00
5.106256506136316986e+00
5.469910881571485639e+00
5.681294277319907771e+00
5.511462832359443453e+00
5.441804615228872599e+00
5.314377557737002711e+00
5.653559333196112036e+00
6.168286762513282007e+00
5.926374218867041854e+00
6.008778021651209222e+00
