5.550722187987888745e+00
6.177807322715317184e+00
4.951983063427354281e+00
5.964457485873668752e+00
5.530039344756857211e+00
4.297312515840481240e+00
5.648692071068434295e+00
4.653643415127959315e+00
4.938127190369582920e+00
5.333347677101476059e+00
4.527413086573914391e+00
3.949973083463675039e+00
3.659736710220869327e+00
4.266089294122858533e+00
3.067064771873421414e+00
2.754751464585224241e+00
2.432646815527314210e+00
3.853659009916053257e+00
2.761148184603789080e+00
2.841916311005017182e+00
2.955797133471306903e+00
3.502795658240104526e+00
4.389844008740946713e+00
3.945722504304624234e+00
2.445010201160513930e+00
3.360854539442423849e+00
3.980693171101696848e+00
2.880861984901789796e+00
3.266473353835487980e+00
4.245000838051278258e+00
3.825170994615477493e+00
3.153601780040546920e+00
3.206173157777797655e+00
1.593068140230179175e+00
2.701754250400041357e+00
2.058164050182534233e+00
2.803617310279570507e+00
2.297544040184577696e+00
2.993640284192534473e+00
2.251573985497025365e+00
2.827752420705975211e+00
2.038616231243236765e+00
3.875397049542233852e+00
2.653831916460751561e+00
2.765127189899533988e+00
3.156092507331622166e+00
3.159305900911675735e+00
3.046424539730560266e+00
2.164059360318835168e+00
2.336921452482456640e+00
3.381187735148206919e+00
1.618130585711213154e+00
3.339592663875261103e+00
2.645213724830663082e+00
3.772115124015026133e+00
3.869270882083730712e+00
4.073127515174077118e+00
3.806419823470647223e+00
4.632327702764145627e+00
5.054078435062946184e+00
5.495656217128031429e+00
4.237275658038867299e+00
4.845577746399173158e+00
4.528839465224764993e+00
3.667338427903151121e+00
3.929662677951334171e+00
4.635969440036487477e+00
2.904189167673076000e+00
4.327559167906138704e+00
4.631167343539909886e+00
4.122696281137439911e+00
3.993287402839698075e+00
3.484076431964396203e+00
2.695535742902982257e+00
3.674864057419625851e+00
2.192350865304069529e+00
3.331266387779717064e+00
3.291954636639386145e+00
3.055379275383256932e+00
3.126510604123036607e+00
2.246431789864950623e+00
1.917950833828056201e+00
2.739892099547773352e+00
1.510545836077401116e+00
5.364242103296863462e-01
9.516188201432140836e-01
1.823307641440976123e+00
1.093742881431117198e+00
1.233193872677355252e+00
1.388112806238251729e+00
1.204704196881245526e+00
2.537451276503150943e+00
2.870187430673370343e+00
2.345540970964781646e+00
2.126237446966990241e+00
2.563080961836425864e+00
1.582761318556229035e+00
7.662096479408271321e-01
1.522408750418669854e+00
2.192583692391515626e+00
1.982300252308216049e+00
1.155912645230424030e+00
1.626082864854912824e+00
1.025436558410165233e+00
1.311170839852131120e+00
8.857552366955832035e-01
1.533668489433356097e+00
2.010957810111162924e+00
2.758673405659843425e+00
1.507447175797512973e+00
2.606942176741825712e+00
2.676645726395479041e+00
1.362369650997760306e+00
2.505900764446512774e+00
3.840098415898173467e+00
2.094459591937193554e+00
1.343875248264022826e+00
1.879926446896926784e+00
8.698631292305663010e-01
2.267709144064010029e+00
1.984662490703140492e+00
1.662870593897177507e+00
2.030563542848818237e+00
3.334464009976596532e+00
2.315155994396178585e+00
1.422328984056185686e+00
2.134284073159066430e+00
1.317937394068302570e+00
2.349869499341270096e+00
2.723426798461055842e+00
2.949705084161703184e+00
1.449213358982097244e+00
2.113226122490709624e+00
1.643754369773177348e+00
1.201645566108410002e+00
9.606248291365822034e-01
1.199248426963053671e+00
7.240782189798986579e-01
1.627284653622989463e+00
1.482950678858830251e+00
1.517348119538818985e+00
9.804427080187321231e-01
3.642301795133677800e-01
2.411311359523775621e-01
-3.369289542872611065e-01
1.008852853495909585e-01
1.084582553729817711e+00
1.485519448602798054e+00
2.324649045961677540e+00
1.181829322804811344e+00
1.246234605533680373e+00
1.849053821960771504e+00
1.245500655525918710e+00
1.949712522531400705e+00
7.050170318199562303e-01
-5.852952702779301575e-02
2.254622125241880770e+00
8.653378750044629086e-01
8.061168598455816792e-01
7.863538099713709428e-01
1.208113739710214851e+00
1.375395434541009987e+00
1.892221220555688088e+00
1.393630281954960637e+00
1.134175729513399400e+00
2.337545364792264824e+00
1.595615642449125460e+00
3.261268797428052313e+00
2.417207550867893850e+00
2.144662063170655220e+00
1.490107456482707704e+00
1.703921514643444546e+00
2.158044440864100189e+00
2.172222927391457947e+00
1.703061317734845481e+00
1.790185498305060019e+00
1.210921492928717313e+00
1.349652260541740034e+00
1.687905770166776342e+00
2.080066668057154455e+00
1.781031533777827747e+00
2.501171695458821898e+00
2.642754897644755907e+00
1.646594239815639682e+00
1.237972049723482293e+00
2.608621988275225068e+00
1.473704782266316293e+00
2.660387593075685952e+00
2.585290428766291448e+00
2.006366046229319799e+00
4.235033604338604540e+00
2.893406534227835003e+00
2.104462281664218004e+00
2.287384216899843725e+00
3.248509626542968931e+00
2.832452034203722491e+00
4.033929331355311731e+00
3.698958773101541198e+00
3.497472648746785318e+00
1.905904244669849090e+00
3.076480384052523220e+00
2.815392569097886710e+00
3.668176567027466195e+00
3.535255126873801057e+00
3.279716050840207675e+00
3.327981420986295014e+00
2.882329371976549481e+00
2.920977400974035909e+00
2.927668174214313357e+00
3.215039024534332768e+00
3.663280950218297249e+00
2.875494520384501485e+00
3.309367926119294534e+00
4.422704484868895669e+00
4.145733444395769851e+00
3.999526944859452371e+00
4.135013573177444002e+00
5.340470250089337512e+00
5.464106314785337482e+00
5.256556912254543690e+00
5.987468800708544592e+00
5.543886427291979224e+00
6.229864939054355233e+00
6.456099268414588366e+00
6.017459741230576142e+00
6.712936652142101224e+00
6.594723861194443870e+00
5.845106099802509725e+00
6.635946787287738680e+00
6.532479755334941629e+00
6.395211765875358445e+00
6.234261070399774063e+00
6.353245516008087179e+00
4.723049984381993305e+00
5.856763890581721199e+00
6.237879755111254809e+00
5.758613631575888903e+00
5.455668072676320257e+00
4.897389206536325368e+00
4.884880875053732474e+00
5.867415018914375224e+00
4.181949582477161975e+00
5.303321404672956874e+00
6.117292274397509999e+00
5.446258640205646984e+00
6.282103218728593674e+00
5.885879278014558125e+00
5.956972727505232434e+00
6.661063031819159264e+00
5.991434297142268939e+00
4.972025533618317894e+00
6.105710477033884587e+00
6.469465038637741472e+00
6.159165992827096758e+00
6.136536919935672074e+00
5.598282638200727135e+00
5.578927307747408193e+00
5.217089131287468540e+00
4.170437436479566884e+00
3.925902319136655549e+00
4.017606218906236037e+00
4.325302368567201405e+00
5.677218751178884304e+00
4.702385163952802927e+00
4.647044752950482582e+00
4.562367839092162924e+00
5.287216085129438525e+00
4.887163351018862123e+00
4.147823163737793806e+00
4.535506090638451226e+00
3.889119190889647193e+00
3.881927006897787358e+00
4.247870741213825241e+00
3.553769594294367451e+00
4.018939575751515392e+00
5.012743293930126853e+00
4.591613827258842484e+00
4.781905071692272635e+00
5.025635431530095509e+00
4.234952200858867144e+00
4.795291764137281199e+00
3.789043619923563977e+00
5.015747258233032468e+00
4.271611041702087164e+00
4.688455162980376123e+00
6.125103052240982393e+00
5.472261638836124931e+00
5.225603970982525048e+00
5.426528563898004975e+00
5.468618153801139137e+00
5.498682291667686961e+00
4.865512796877963453e+00
5.350639143168219647e+00
5.204173886949979178e+00
4.529703279501837265e+00
4.692944922806528751e+00
4.424983737503144887e+00
5.048793323865023552e+00
5.385503954579659691e+00
5.051081464980093472e+00
5.077230265560991107e+00
4.782461569990556605e+00
4.439371920403396565e+00
4.668971935032566023e+00
5.086278420930873345e+00
4.651600448082613859e+00
5.143126100307906512e+00
4.560304445106502236e+00
4.385298677625194763e+00
5.085519762682895184e+00
5.258814565631981353e+00
5.460896156215962804e+00
6.344075384258951900e+00
5.259763469921402645e+00
6.516576136394036212e+00
6.746314823055776344e+00
6.860842449354834116e+00
5.919005374587275270e+00
5.332254045364872574e+00
6.752582371423418550e+00
6.420066954353169209e+00
6.390961170018753634e+00
6.417231187258284564e+00
6.063274262570581996e+00
6.680594331991235535e+00
7.797542114864651097e+00
7.025845683451354518e+00
8.118023862637883781e+00
6.724503246881356588e+00
7.785204084634306021e+00
8.374530345411574928e+00
8.732108365377397874e+00
7.628388616756309304e+00
7.859564353748005772e+00
8.724875749711943129e+00
7.483824083198848953e+00
6.713117086110649723e+00
7.846470320227820316e+00
7.703278274585951380e+00
6.512291667621338931e+00
7.681575726938064008e+00
8.062813457676806905e+00
7.430707775227274325e+00
6.476495562064084055e+00
6.895698783641224239e+00
7.002796475515502550e+00
8.512885255549534236e+00
9.398285796633548017e+00
8.659891530060129128e+00
7.243169937409794201e+00
6.658234546227706829e+00
8.274234541349795080e+00
7.615522913104572744e+00
7.989300563616106743e+00
7.596178797086971635e+00
7.161347247038058583e+00
7.190158955175945721e+00
6.201824422623886335e+00
7.386038587618063644e+00
7.188267535203232583e+00
8.137738189850139747e+00
7.487145645785977521e+00
7.277758484179360998e+00
8.400779429987750291e+00
8.925867421777155641e+00
7.413442908471621351e+00
8.624358597273396043e+00
8.908714558295057984e+00
8.111259692310312630e+00
8.129099330283374059e+00
8.584113290838129018e+00
7.071592142186617025e+00
8.181268697221664610e+00
8.344326327501018881e+00
9.762174591229694443e+00
9.270033987827012822e+00
7.931628026435557643e+00
8.556184335946475983e+00
9.173283973616687348e+00
8.695232938278399715e+00
7.982305028122378410e+00
8.834910844082553893e+00
8.106540097340953821e+00
8.574881869902492681e+00
9.043586646043738853e+00
9.986143401253201546e+00
9.869239079143351745e+00
9.416767064623840611e+00
8.703369331105502482e+00
9.789175008513456788e+00
9.657363188072276117e+00
9.145933167888232518e+00
1.028330996136808650e+01
9.560745273028262048e+00
1.048011545901114516e+01
8.094123053639627585e+00
9.607894909103453784e+00
9.065045783190880613e+00
9.892517101936435964e+00
9.987969620006380111e+00
9.976737718881565797e+00
9.470244091715709800e+00
9.845699985586648495e+00
8.503290357138883593e+00
8.761961077550292742e+00
9.313749700290067324e+00
8.567841173750810668e+00
8.896823606173560606e+00
9.485691508004411077e+00
8.814542459506249372e+00
8.429224457057244990e+00
7.282430362813160585e+00
7.138964030719749942e+00
7.687603294787313857e+00
7.572650475862070074e+00
8.646817800332559756e+00
8.581159100484022417e+00
8.664702673925642529e+00
7.910323078097118099e+00
8.499179049219907967e+00
6.922260801632684313e+00
7.030630224739516265e+00
6.810377764855734206e+00
7.702238623918942650e+00
7.317611798883169705e+00
7.582625115295748230e+00
7.172322007967056656e+00
7.513099166985490740e+00
6.633825235753916694e+00
7.882979804561657922e+00
5.725001960080224883e+00
6.182675359452439956e+00
7.285818711842133588e+00
6.659944139687535625e+00
5.757047885894099437e+00
6.311825119309062870e+00
7.921898254888819046e+00
6.821637337612248331e+00
8.107239462252209705e+00
6.807603379928417020e+00
7.217740693308117628e+00
8.291598672516279578e+00
6.580545285302102698e+00
6.816439512529473888e+00
5.813180708346550318e+00
7.044478441518860379e+00
6.534752199496351999e+00
6.156052929489601588e+00
7.018513200972340549e+00
6.021810679140596534e+00
6.256097026035025266e+00
6.250914968340902433e+00
5.915521914486010502e+00
6.880555698677122578e+00
6.175325798032688773e+00
5.577251601223252919e+00
5.316333168746762539e+00
5.440152994358504301e+00
4.699469310322736071e+00
5.318439703061764945e+00
5.637136657809637796e+00
4.768932996088675047e+00
4.318999405451654283e+00
4.901448702820487391e+00
5.191582736889310823e+00
4.768910149623879491e+00
3.864573257199769962e+00
3.886779705087444192e+00
4.366334672323263888e+00
4.181783248201509373e+00
4.191386571685190354e+00
5.109321066167747283e+00
4.510144823602233899e+00
3.661222001098862755e+00
4.792316498898614441e+00
4.183662682328142424e+00
4.678727295947965992e+00
4.554286564065283649e+00
4.098446568598756556e+00
4.545243468584093449e+00
3.139561277759205460e+00
3.415730194058231639e+00
4.549541562051041765e+00
3.134485720110339102e+00
2.995463037576848286e+00
2.750520502342708618e+00
3.493608748769684968e+00
2.986684977160173116e+00
3.098882499827008807e+00
4.787251514527792295e+00
3.902000129880301316e+00
2.984492804398775068e+00
3.179370651722337016e+00
4.256445336332007834e+00
4.160668304553968078e+00
4.010970064895829523e+00
4.791996533820189086e+00
4.046056443446951256e+00
4.208261259596137727e+00
4.451319102140568695e+00
4.331403552411208224e+00
3.925292337537283238e+00
6.230593810636734453e+00
-6.731641341956763114e+00
-5.872028933237404935e+00
1.194033880992024121e+00
2.261981532114520910e-02
-8.372187394810250538e+00
-5.165410891646198266e+00
-2.064571725231029831e+00
-8.850044109780769830e+00
-4.920634435273819607e-01
-4.898913515949238295e+00
-7.453465445581461069e+00
-3.560273413814445398e+00
-7.789728137395114160e+00
-1.143968889486825624e+01
-6.936205014595947738e+00
-7.357872089441604757e+00
-6.519933438712934404e+00
-6.085416164352285273e-01
1.012949054516457892e+00
-1.952471971538972451e+00
-9.948173809706871040e+00
-1.271308339431291934e+01
-1.365714954234865353e+01
-2.903188041699696686e+00
-1.057122817368597545e+01
-3.771492417007958231e+00
-4.437931807771336779e+00
-8.480253069038649727e+00
-1.234994891973177999e+01
-7.355783914318692496e+00
-1.633430777892084151e+01
-1.173360135846482954e+01
-4.361190793031964219e+00
-6.308039879292065777e+00
-1.077726063317355454e+01
-6.193790117373126236e+00
-2.820072119267235777e+00
-1.156514489388873912e+01
-7.821619076339664467e+00
-1.023533940719742130e+00
2.623578621163598079e-01
-3.903802542868169301e+00
-8.479533346129317195e+00
-5.574944251605417733e+00
-4.664501467816432267e+00
-4.631529403846500692e+00
-1.134857514928248001e+01
-8.898760254845687001e+00
-8.869889618349450444e+00
-1.483954741369120356e+01
-8.786719507822269293e+00
-4.398010443222677424e+00
-2.991074429850467453e+00
3.002963861771011267e+00
-9.307602169543610415e+00
5.582208565513000487e-01
-8.462390707000096768e+00
-5.306570312625082053e+00
-3.993381417673110167e+00
-3.378849081240244967e+00
-7.516564918093246561e+00
-8.087785990582851525e+00
-8.950216394909759288e+00
-1.565549665999030715e+01
-1.663096347299943645e+01
-5.490072771013422503e+00
-1.050608286010764481e+01
-9.438807668146395713e+00
-1.617477210786764630e+01
-8.769779735416197042e+00
-1.013628063806489088e+01
-9.219548757192542965e+00
-5.709154106863111977e+00
-7.021442435920699943e+00
-1.042588074709007095e+01
-1.137305674915049813e+01
-4.097408641652029893e+00
-9.705712904467363344e+00
-6.583076140170654789e+00
-4.570270509040653018e+00
-1.322948710209666956e+01
-9.656383994585031161e+00
3.686330349652667593e+00
-8.725493009404043931e+00
-1.206705992901817126e+01
-1.131586021011538046e+00
-4.643992238683079421e+00
-5.921443706203104007e+00
-1.273421672177448905e+01
1.570329677189719053e-01
-8.155530203861022898e+00
-1.115212812394871467e+00
-5.949340656872804445e+00
-2.357447594457285689e+00
-1.357295768235155897e+01
-3.010256105866125242e+00
-5.129544871250972804e+00
-1.568231288236992071e+01
-9.785652546412165975e+00
-7.295314691181025601e+00
-9.807468601419003562e+00
-9.300810913892233245e+00
-6.988986453121572850e+00
-1.912974220946012105e+00
3.612135007047382995e+00
-4.347595060611097573e+00
-1.286362507793352528e+01
-3.192180462444369482e+00
-6.004793219555048189e+00
-9.362746917785530698e+00
-3.733373243258708563e+00
-2.012145580787193522e-01
-1.011646100908877877e+01
-9.564986626337487863e+00
-8.026289282051131124e+00
-5.657876625459198117e+00
-3.622332054464918460e+00
-1.548359348358485876e+00
-4.432958290805603108e-01
-3.950443453113145154e+00
5.288945402858792555e+00
-7.208827998684028238e+00
-1.325746981790911150e+01
-1.522607121117307116e+01
-9.270648433823421186e+00
7.228144840896989498e-01
-4.052139894630035322e+00
-6.731471829586782363e+00
5.838635075850054923e-01
-5.593093333965533986e+00
-4.753371310836648433e+00
-1.612839250760103482e+00
-3.349987612398931169e+00
-5.885887295126940977e+00
2.007012278942454042e+00
-4.964877601906970028e+00
-5.124765851249121873e+00
-7.502173715442612689e+00
-3.512047275342260910e+00
-1.342101737414050788e+01
6.556767601287774916e+00
-8.107920700117762891e+00
-1.251739866594430772e+01
-2.195928546776354739e+00
-5.757996576073334261e+00
-1.181802538227396404e+01
-4.221193118076902451e+00
-1.860140483375549270e+00
-1.364483454164526766e+00
-1.999983047730162777e-01
2.541762957956352764e-01
-3.099471686726857467e+00
-7.434812753200998880e-01
-4.385361420881548788e+00
-8.327355328388062361e+00
-4.389047782337688552e+00
-6.282053794956809156e+00
-8.095435483241054442e+00
-8.220916144844716555e+00
-1.055723263872847184e+01
-3.432384497777217547e+00
-6.520860127860828470e+00
-7.426884408427657291e+00
9.052594660459357456e+00
-6.562873254832293668e+00
-5.967046032123785260e+00
-1.470639873676908671e+01
-2.152731643647037618e+00
-8.168849778074179113e+00
-1.041410911509477621e+01
-1.575705926034218152e+01
-2.408436106082394002e+00
-1.333348335183785771e+01
-1.389240431922397079e+01
-7.695745613799965135e+00
-1.000459450249753246e+01
-4.053409325601746716e+00
-4.464360890251373171e+00
-1.453289781585204210e+01
-5.221756741448522199e+00
-9.031692654694939648e+00
-1.345061726995930229e+01
-1.155235308477461231e+01
-1.089343749857203214e+01
-8.490700543140146550e+00
-7.990718602517291380e+00
-1.308115092994841788e+01
-1.278858020112639693e+01
-8.938760432111592991e+00
-1.239633318322721500e+01
-1.279870091718544245e+01
-9.952275329202951326e+00
-1.351727054353509416e+01
-1.344995009416661347e+01
-1.108552128504165069e+01
5.710600971032482320e-01
-9.333289483251524743e+00
-1.828637088813138689e+00
-8.604270049434287415e+00
-6.689951476321176038e+00
-8.121210035698926077e+00
-8.544375762217306658e-01
-1.008849611696826365e+01
-1.236112742031030365e+01
-4.094746620633361367e+00
-6.761762965772024181e+00
-8.281473214816843509e+00
-9.181017226531526632e+00
-1.265437748157817666e+01
-4.925749462649862132e+00
-5.683026158426570440e+00
-5.611324467700976371e+00
-2.821260323420653471e+00
-6.988266814370893698e+00
-8.862453811200875720e+00
-1.930430466714991411e+01
-1.674083357209329392e+01
-1.154732530028076454e+01
-7.490314215829059208e+00
-9.925546503282069111e+00
-8.158647618608409147e+00
-1.856870356880216022e+01
-9.769817855379468341e+00
-9.280897796501005104e+00
-1.082866301804896025e+01
-1.966513526671194612e+01
-7.169459852184427717e+00
-7.450905829987021001e+00
-1.581933989776155158e+01
-2.833301011018305893e+00
-1.276623357345264864e+01
-8.773843607186936566e+00
-8.869918317622861537e+00
-1.376651078865810263e+01
-1.353085286050278491e+01
-8.503007970788694081e+00
-1.255090981933127736e+01
-1.325848566395002948e+01
-5.537347390905008382e+00
-7.949739947768065917e+00
-1.729524097305488795e+01
-1.413992699077399706e+01
-5.668959185643974052e+00
-2.498876298083935410e+00
-7.871526132021298139e+00
-5.075724365724538778e+00
-1.183684646526584672e+01
-6.200302078484212664e+00
-1.830754063890864103e+01
-1.284014024558861777e+01
-1.182075196666839112e+01
-5.495234707739651725e+00
-8.724390579385229216e+00
-1.357466026687546190e+01
-1.674111688228017414e+01
-1.457542011216080979e+01
-2.417689050371780723e+00
-7.852030110523573470e+00
-6.042800951614708538e+00
-1.425667386139481607e+01
-8.346627483508388679e+00
-1.135996631592472284e+01
-1.046878871014653356e+01
-5.113690427896069757e+00
-3.590182499015384554e+00
-2.156379793417608681e+01
-1.279223882598074802e+01
-6.172711473635891899e+00
-7.320597536998683097e+00
-5.813890092414412791e+00
-8.037861774241859436e+00
-1.254691016176125196e+01
-1.127420493570489057e+01
-1.795627243850138299e+01
-7.528678618936574196e+00
-8.763925226198539420e+00
-1.184207743028338555e+01
-1.000556538657208350e+01
-1.515280988601822010e+01
-8.895682600437407217e+00
-9.210530066852552267e+00
-1.159600520228747556e+01
-7.239503364878350666e+00
-8.689383883708059031e+00
-1.257657100793869098e+01
-4.594580324925774839e+00
-1.030013028301953781e+01
-9.693855063629802871e+00
-1.284999417242275399e+01
-1.433121792571394337e+01
-5.501450159614782898e+00
-2.624262901505336032e+00
-6.526119891634301062e+00
-1.355772975061455554e+01
-1.109287019445299372e+01
-7.332488658547845262e+00
-9.554730109020855622e+00
8.766663606122300223e-01
-6.413152426465282829e+00
-7.731266659058244173e+00
-6.353821633208433184e+00
-9.456871088742513365e+00
-1.562878747804206192e+01
-1.008058988274931522e+01
-6.090402384460988472e+00
-1.530245760700327295e+01
-1.066387318293264741e+01
-1.040953597568157463e+01
-1.194791585822679458e+01
-1.158206037351704687e+01
-5.059210740665337269e+00
-1.063109861117973409e+01
-8.794303322664397626e+00
-1.112161274636433284e+01
-5.970529753503921455e+00
-5.570372906860504791e+00
-2.557649084763628622e+00
-7.067805418646520899e+00
-7.267729824813809358e+00
-2.139125471349662355e+00
-5.850391468580565579e+00
-8.040503575643999312e+00
7.753716743748730877e-01
-4.608894467243098703e+00
-9.423237809571318735e+00
-8.105523650218799503e+00
-1.085859675538607405e+01
-1.504095061283183155e+00
-4.987977851336081514e+00
-6.956267699749368205e+00
5.713087497878002186e-01
-6.620191277957011344e+00
-3.300046648391724791e+00
-8.435772260869741856e+00
-5.796919626270374160e+00
-1.155506572956941902e+01
-4.333224237742191676e+00
-4.656694133818266579e+00
-7.833414387135610113e+00
-3.620830262343134542e+00
-6.029576827040845188e+00
-9.339456235712063403e+00
-5.447205114989390751e+00
5.751135223448011757e-01
-1.007463246720438832e+01
-8.692649431470718113e+00
-4.469092339693297333e+00
-8.790162311372856863e+00
-1.601574455072018566e+01
-8.682639176705183814e+00
5.268246643516053540e-01
-4.654980006380283974e+00
-1.507211429451082729e+01
-7.888624947788645869e+00
-2.694294382069794658e+00
-9.835086476453115623e+00
-3.023026246776473691e+00
-1.092159084150497250e+01
-1.240741586069566260e+01
-8.439576007553862169e+00
-6.240724454335075500e+00
-3.216921370032590044e+00
-8.706038011550315758e+00
-1.239452803459492269e+00
-5.803770083119113465e+00
5.684244909090141462e-01
-9.023718635969295576e+00
-1.366113114335469803e+01
-3.717136151393841459e+00
-3.820337418001608309e+00
-2.742764700261268285e+00
-4.559178570208944237e+00
-1.399549531763889831e+01
-1.008558499405898523e+01
-1.215733762960623388e+01
-1.198750575041282751e+01
-3.647866678654348327e+00
-2.231020212355612653e+00
-1.320309817907484806e+00
-8.851137150007717835e+00
-1.588343991137578470e+01
-8.012791432373251865e+00
-2.816498173048057829e+00
-1.859768081156636299e+01
-1.041391710227427581e+01
-1.637830793648455341e+01
-1.353580165211791986e+01
-1.625578744433397560e+01
-1.185187225419678114e+01
-1.237184684970536175e+01
-1.526042712180309024e+01
-1.149089457049988638e+01
-3.953407329457391484e+00
-8.667193323723530796e+00
-5.215429010100060658e+00
-5.198705436938930724e+00
-1.311670044701607729e+01
-1.296479134244542486e+01
-8.299267201639844771e+00
-1.239295077249172294e+01
-1.135501442019858231e+01
-6.364728967192657905e+00
-1.242553119918535209e+01
-1.585640679387758567e+01
-9.012622460820459480e+00
-1.113649150423261602e+01
-1.586082766151807988e+01
-8.532327239903157334e+00
-1.059703141375589297e+01
-9.965013993742605436e+00
-8.501695990123860014e+00
-1.050511595626512218e+01
-9.353956749544980909e+00
-1.289484217342404548e+01
-3.950897716548994687e+00
-1.323626963811483748e+01
-1.087122673213209367e+01
-6.835796829392374541e+00
4.526851818657994464e+00
-1.356672442387214694e+01
-6.260954838810805612e+00
-4.883403927682731904e+00
-4.102730247879632586e+00
-1.198756340363376971e+01
-1.195676136294057024e+01
-9.407965237929511559e+00
-4.336439507490447376e+00
-1.168343360569189215e+01
4.040033319419151780e-01
-7.328528557547148381e+00
-1.068531511187395466e+01
-5.330323076364125612e+00
-1.171478551478672436e+01
-1.350041210875573761e+01
-1.798859923897124347e+01
-1.384859569590782158e+01
-8.305085030149875536e+00
-1.722679952942046455e+00
-1.206900329425025120e+01
-3.354058980124174916e+00
-1.678110566238028412e+01
-5.773182086498424681e+00
-4.097634140228414878e+00
-3.969972951618728096e+00
-1.175754385816834358e+01
1.444704467759825306e+00
-1.296012821929228842e+01
-1.196986110167296147e+01
-1.208688761670268086e+01
-8.561142689911800829e+00
-7.906936265609764369e+00
-8.432145026588058201e+00
-2.284028707511194689e+00
-1.225245302273200387e+01
-1.421448780301545511e+01
-1.824717563910359530e+01
-1.541986289224091422e+01
-9.231692577395172350e+00
-1.154226129766125908e+01
-2.242169586563332473e+01
-3.592902558320071549e+00
-5.233991640582789984e+00
-1.788587937239184100e+01
-1.074517969104963910e+01
-1.500783631510596550e+01
6.101048256163696060e+00
-5.263833316842372767e+00
-1.796688431156896115e+01
-1.149154681036891112e+01
-1.687571734348514951e+01
-9.629653377619206367e+00
-1.192606980544663031e+01
-1.477025929392552328e+01
-1.594652560667603858e+00
-9.792493988921036063e+00
-1.526095595859530718e+01
-1.150945553831473944e+01
-1.250694381148802314e+01
-3.775569317312948314e+00
-3.224710110644356753e+00
-1.129750855137590904e+01
-7.510029190030161672e+00
-8.748991233509055832e+00
-1.026772253781693234e+00
-1.715616644443741734e+01
-1.411826162698843845e+01
-4.900304017507844279e+00
-9.965798763754309064e+00
-7.336171088231317583e+00
-6.961064293319425111e+00
-5.993291793673225065e+00
-6.475524209339290849e+00
-6.295395304734007880e+00
-1.301170329169618789e+01
-4.758379657385017225e+00
-1.064865604803423516e+01
-2.032246675112432754e+01
-2.194720758229420454e+01
