5.685502949033908182e-01
4.471044399937385561e-01
6.285821704224114903e-01
1.009250580769160299e+00
2.370772934887680483e-01
-3.072586814087446827e-02
-2.281685849858678949e-01
-4.418757884929390700e-01
-3.973985293079339565e-01
-1.423278163530725116e-01
-5.890330380467636573e-01
-8.629207301816367304e-01
-1.074704633314333968e+00
-1.280760969807675620e+00
-1.446218238383475407e+00
-1.907710962645300157e+00
-1.933651254071085512e+00
-2.084066675185089146e+00
-2.337580691226857521e+00
-2.123159719226430209e+00
-2.026952045732436591e+00
-1.593727268045903589e+00
-1.284828516479504579e+00
-1.624890591915266302e+00
-1.926690202218970249e+00
-1.638129359041790023e+00
-1.746105758433743382e+00
-1.708609892499003635e+00
-1.800227828673853114e+00
-1.603992141673751703e+00
-1.510842778913407347e+00
-1.984432997703575952e+00
-1.839250751656319016e+00
-2.673575005894162082e+00
-2.915651781149169786e+00
-3.021317319560925085e+00
-2.540428142761383956e+00
-2.562549877645765584e+00
-2.471295604125715251e+00
-2.129792817645164593e+00
-2.285110506245481510e+00
-2.417245999153297742e+00
-2.109765223706387971e+00
-2.541305336042154916e+00
-2.806960794121645009e+00
-2.652523252499318751e+00
-2.575044719784342462e+00
-2.892888366592726523e+00
-2.720544003185857207e+00
-2.651953737785676335e+00
-2.464026312615483327e+00
-2.364800161782122156e+00
-1.778374914480960634e+00
-1.530373935907653582e+00
-1.487326816819151576e+00
-1.212149633561510065e+00
-1.074598569837071693e+00
-8.283578858831557312e-01
-6.424257261451946643e-01
-2.990403902450696760e-01
-1.601194617615603888e-01
-3.452744671169261648e-01
-7.738379020440794287e-01
-1.015690721532036100e+00
-1.189536320161849625e+00
-9.444772526366703724e-01
-8.433308227563278692e-01
-1.014389794608976603e+00
-9.214911104261193087e-01
-8.197035997035000410e-01
-9.748954424184959056e-01
-1.159565453654456180e+00
-1.756670658622928816e+00
-1.575175283862643383e+00
-1.444066866745199684e+00
-1.375470201510876178e+00
-1.492533400941779886e+00
-1.572463422239120723e+00
-1.985167508448437479e+00
-1.718898185500369769e+00
-2.089816069462948178e+00
-2.618946333987838049e+00
-2.465342905308886667e+00
-2.813797715470084615e+00
-3.176773690945664086e+00
-3.372427262385524482e+00
-3.965885290574296729e+00
-3.659056226446907978e+00
-3.704356329206396126e+00
-3.358514865003725980e+00
-3.340322381423078912e+00
-2.871132452702816806e+00
-2.300743537185060639e+00
-2.334339612238553574e+00
-2.603234230802008220e+00
-3.125687177328747346e+00
-3.449473084438711368e+00
-3.696769084712959064e+00
-3.264825945038062116e+00
-2.808882548477589225e+00
-3.023233890254596101e+00
-3.318029869028994217e+00
-3.220676618790670798e+00
-3.549748231737325455e+00
-3.221692134457999845e+00
-3.417136280913920299e+00
-3.225358289666021339e+00
-3.426937351293469103e+00
-3.067109333740776655e+00
-3.153928905969703766e+00
-2.735637705208960213e+00
-2.982846800378451402e+00
-3.151012385365760782e+00
-3.153708732503712753e+00
-2.576180992322302021e+00
-2.926220683725170080e+00
-3.451919468759375054e+00
-3.099968747013527981e+00
-3.248388677888272902e+00
-2.824744947509740367e+00
-2.919996254614183329e+00
-2.867409163996140542e+00
-2.593447270180583963e+00
-2.380917972591484411e+00
-2.871290453293516620e+00
-3.208845443751254134e+00
-2.855443249334348899e+00
-3.054403689743363959e+00
-2.682815428080294051e+00
-2.619276636888961729e+00
-2.861602750071464918e+00
-3.152426082301028831e+00
-3.724758788590943670e+00
-3.948229607037732958e+00
-4.004790184875373527e+00
-3.830506260244122441e+00
-3.918954340857617513e+00
-4.205222962686195665e+00
-3.554175050888052301e+00
-3.641079464550366573e+00
-3.876600848833954949e+00
-3.744528319025236751e+00
-4.295032596447608597e+00
-4.144663397061251864e+00
-4.475178873352465558e+00
-4.634068331313283551e+00
-4.109777231981166956e+00
-3.786999652717805365e+00
-3.494061736908523397e+00
-3.595673137984865431e+00
-3.450305904268094359e+00
-3.375727350826534856e+00
-3.853860745414269040e+00
-3.817805106458993958e+00
-3.667051862723385014e+00
-4.183092738439238900e+00
-3.766580882128895968e+00
-3.837496297472502427e+00
-4.265606019139699612e+00
-4.423942792862519902e+00
-3.879254004536421441e+00
-3.578212660011636626e+00
-3.289918366397812211e+00
-3.334889612053801855e+00
-3.808763759062711696e+00
-3.170640821728159420e+00
-2.949934584867103915e+00
-3.008772051088822064e+00
-3.005088775877609031e+00
-3.066396294311984239e+00
-3.209643660392285547e+00
-3.127132319506319647e+00
-3.296103561652995673e+00
-2.852292141781047174e+00
-3.253989528570313539e+00
-3.258379804262773849e+00
-3.510810082286649703e+00
-3.232645221052043105e+00
-3.035707117623305251e+00
-2.949566862540759171e+00
-2.685614512631415707e+00
-2.941244418682539052e+00
-3.092232922122251537e+00
-3.318291782887274444e+00
-3.281428140282941719e+00
-2.974424352300569563e+00
-2.750636785205448298e+00
-3.155657397838140366e+00
-2.976486568143728917e+00
-2.228095955641505199e+00
-2.092386004236360897e+00
-2.064780309891396826e+00
-2.384439495329464975e+00
-2.169423572920371246e+00
-1.817261796126014461e+00
-1.811354792825017546e+00
-2.120510498235956387e+00
-1.832487204208701259e+00
-1.483797299597071628e+00
-1.877527585700894397e+00
-1.621081503358448472e+00
-1.738095584092593793e+00
-2.184995115463635340e+00
-2.175001846218469037e+00
-1.644987110211161063e+00
-2.112435392475885187e+00
-2.142312505479310403e+00
-1.814067259135447863e+00
-2.233377444996664796e+00
-2.261508145652031843e+00
-2.255393745973277575e+00
-2.175197665543840309e+00
-1.592847910726649108e+00
-1.279669655021435259e+00
-1.074081064664543783e+00
-8.371541482738357187e-01
-6.516234244409068177e-01
-8.703268632373140079e-02
5.423396370263089405e-02
2.832029306187093809e-01
7.576518698205474411e-01
7.116386516991928257e-01
1.082909219498447317e+00
1.130804503800998839e+00
1.365385948157030516e+00
1.551593909581702180e+00
1.793359969789993569e+00
1.423515152593822108e+00
1.332071238982170946e+00
1.590181262788363581e+00
1.429469916856601408e+00
9.901955573661647136e-01
9.063769932056284784e-01
9.520791892430888748e-01
7.999586698434701937e-01
1.056821526765313823e+00
8.051696275216837506e-01
3.617810557935128846e-01
-3.547265725980189299e-01
4.511057778928889705e-02
1.575625821002821780e-01
1.475752604917132671e-02
2.863906570167682464e-01
4.735868480799824143e-01
1.059074779603016214e+00
1.229641695868649354e+00
1.242385527320637228e+00
1.140806568253695197e+00
1.287671333494365022e+00
5.516104713010048233e-01
8.545130918327958902e-02
6.935022890766814330e-01
5.620394201907805698e-01
8.470058332413048507e-01
8.091134286923444829e-01
9.937015511724848205e-01
7.459912102470440676e-01
5.162278372498597667e-01
-1.198380757681360986e-02
-6.638234080011152782e-01
-5.387372320947851900e-01
-2.778797844601063605e-01
-3.483112465626991838e-01
-9.079912434789372266e-02
2.136568319046638909e-02
-3.980189836985419394e-01
-1.195517657046343274e-01
-1.967576737505151718e-01
-4.434422871745909434e-01
-5.931379261462297325e-01
-9.163716803357601082e-01
-1.374666727714005665e+00
-1.199835031295653387e+00
-1.475118562168003189e+00
-1.438367149878578832e+00
-9.156969622420068067e-01
-7.950287255727500613e-01
-3.695342675914760067e-01
-3.378778798542543260e-01
-4.800962019568559280e-01
-4.198929845695059671e-01
-6.307184426090840512e-01
-3.118490370163507497e-01
1.117019423014764534e-02
-2.430288684765433138e-01
4.843303120421010299e-01
4.858386338357326140e-01
6.592466892338836315e-01
6.896215905432189208e-01
5.941053415133572546e-01
8.621360216922130393e-01
4.901233838317065050e-01
1.298078283694882873e-01
9.899505725605500794e-02
-2.208748912879387460e-01
-3.062384815407603877e-01
-1.004219812685660240e-01
8.394964756276765416e-02
5.865188573519936749e-02
-4.267372037606097929e-02
-2.290355825974480786e-01
-2.414209531665834074e-02
-1.626107366363340190e-01
-2.765325193334944864e-01
-3.753973503186658345e-02
2.061467275267708232e-01
-3.430483065218931649e-01
-3.366498465405387552e-02
1.671274523300853021e-01
1.670972601381453537e-01
1.260295441171563890e-01
5.903322277406840568e-01
1.084325033162878205e+00
1.368643889064553143e+00
1.541584211645219860e+00
1.663058816471894463e+00
1.336127462641452102e+00
1.318464547005065324e+00
8.806107552015605133e-01
1.113920407378500510e+00
1.544379670409512961e+00
1.705864969590498159e+00
2.033718384946610502e+00
2.348938032918530983e+00
2.080259318642372346e+00
2.244793104669205785e+00
2.282054577705910692e+00
2.454740671481586034e+00
2.263116903204330566e+00
2.716491265774803487e+00
2.871812453230192297e+00
2.873191515006565222e+00
2.922468302056956180e+00
2.753080278629167932e+00
3.096652742905429356e+00
2.650485041655952667e+00
2.389546230577644703e+00
2.794863346430772388e+00
2.504494910836210675e+00
1.994575810499838120e+00
2.208954355291149252e+00
2.485269447516787800e+00
2.287072914014928404e+00
2.087036426491304386e+00
2.397550964038714927e+00
2.847032360275350449e+00
2.978532081962677935e+00
3.087496835023422648e+00
2.975277709645845370e+00
2.879743951910971766e+00
2.730473288528194153e+00
2.962439725187330453e+00
3.081027472636217013e+00
2.644360526995073624e+00
2.539490556321628567e+00
2.369252424265837487e+00
2.204281552305757064e+00
1.985516188380248570e+00
2.048039880611027375e+00
2.431049949835142332e+00
2.588061884995509487e+00
2.375737263349124717e+00
2.634182231055161694e+00
2.751673686065283508e+00
3.256209912997716671e+00
3.053616846214262992e+00
3.252861000887638188e+00
3.129782978379371361e+00
3.425339548657933442e+00
2.844321770413080319e+00
2.997475409146169945e+00
3.082455243615374485e+00
3.440330478633381261e+00
3.921138357909392802e+00
3.869195365914280593e+00
3.642254199320215768e+00
3.527366686086627290e+00
3.324181019986835128e+00
3.775678541004047872e+00
3.675337533913837440e+00
3.773163270051673734e+00
3.559386767854079370e+00
3.144016381368854418e+00
3.391711393484901915e+00
3.854939347174737296e+00
4.142895100676014408e+00
4.081146488582094278e+00
4.550818291288514672e+00
4.565612439610814199e+00
4.363176175522294642e+00
4.387604386301823034e+00
4.596800845216431952e+00
4.773249174976641029e+00
4.547420620215522291e+00
4.542209340768503800e+00
4.506202649789586623e+00
4.926928148953126474e+00
4.916391644050564835e+00
4.690765548519737038e+00
4.994368248772871333e+00
4.822460578693359423e+00
4.411414770500917903e+00
4.497677946121218184e+00
4.284392830266723351e+00
3.889663287868921682e+00
3.666581385470277787e+00
3.844667481350928284e+00
3.573016903955516188e+00
3.323549098332930996e+00
3.262789848996175746e+00
3.421749119566323660e+00
2.574109777096194041e+00
2.719770248194749218e+00
2.490657293475363243e+00
2.494524996263141503e+00
2.639411280993334774e+00
3.261642938670631153e+00
3.062631655861965285e+00
2.758734201748723525e+00
3.133596945308545045e+00
2.662621479266134905e+00
2.158373880289529811e+00
1.896521375574838908e+00
1.850398195947769109e+00
2.411911589065466544e+00
2.409868311476417002e+00
2.268190305326459821e+00
2.044825344255540411e+00
1.828377481109861202e+00
2.121475076931042203e+00
1.827729518293296884e+00
1.973639936936823380e+00
1.509736938878541990e+00
1.682780003078657716e+00
1.662605120851780249e+00
1.616690339798275700e+00
2.106168875263423779e+00
2.027281348214172496e+00
2.439568208777237679e+00
2.515718145647798387e+00
2.586025191429869974e+00
2.564125957776903775e+00
1.744092625082034775e+00
1.599855256508240009e+00
1.166803883337529602e+00
1.306922328222942742e+00
1.086529681871938324e+00
1.361011268154463494e+00
1.617242501714811320e+00
1.343611482402116142e+00
1.359013403931734976e+00
1.504382327148762188e+00
1.707578345964982924e+00
1.763629674280293269e+00
1.111568475807591883e+00
7.044484897433886950e-01
3.278976758931010926e-01
7.023572374469813084e-01
4.250897829817655849e-01
3.070930184907030847e-01
1.453633333621133228e-01
-4.333313599876678635e-01
-4.071460181516875498e-01
-1.001224646083017644e-01
-2.667097628032396583e-01
-3.992723389861635441e-01
-6.616021183304613418e-01
-9.288046898087436443e-01
-9.823517679308969575e-01
-8.185703790301903648e-01
-2.693060222811342053e-01
-4.647245856946318754e-01
-5.725344792692411700e-01
-7.124495732283195881e-01
-4.978663087127006004e-01
-8.975556141510733221e-01
-5.912001370735280315e-01
-6.592435270868496344e-01
-7.662199495183610320e-01
-8.221268753954271702e-01
-1.406344421610914885e+00
-1.422735696157512164e+00
-9.870857869561666664e-01
-1.817046597411391629e+00
-2.140259441734707835e+00
-2.257469616005355562e+00
-2.111702109557409113e+00
-1.476275018464547895e+00
-1.657655704531279639e+00
-1.193138358641458563e+00
-1.144003144162315522e+00
-1.239961165955813183e+00
-1.509273173939739365e+00
-1.011142138156710502e+00
-8.786633434234533135e-01
-1.130999546741567885e+00
-7.816502197560675214e-01
-3.934814465770906100e-01
-7.051350698767679948e-01
-1.074918511475431160e+00
-1.282668890724615096e+00
-7.478082921577293707e-01
-3.111972365990952061e-01
-1.207874581588677942e-01
-2.525347494373803570e-01
-1.837049396866758388e-01
-7.490209744645073275e-01
-5.460042848716891717e-01
-6.726611661489818594e-01
-5.397684906791812010e-01
-7.042590826069410337e-01
-8.052401415593372080e-01
-7.982345553689477180e-01
-1.185303704437189021e+00
-1.196716336191787411e+00
-1.007890159429192467e+00
-1.385224105262349070e+00
-1.838480955729341781e+00
-1.699270301665515959e+00
-1.462993981941830723e+00
-9.004405481827083557e-01
-6.746844966287870449e-01
-1.345590500324504557e+00
-1.600238005575186140e+00
-1.926359299834937033e+00
-2.259896960023376256e+00
-2.338477281193768409e+00
-2.468443557820104939e+00
-2.713803923181142608e+00
-2.502067465405700908e+00
-2.767002816702658574e+00
-2.371180204767687094e+00
-2.256860602735585974e+00
-2.186467221156926488e+00
-2.031264458500247727e+00
-1.691715594186293803e+00
-2.146353115081209406e+00
-2.473892545033521628e+00
-2.697413839368401955e+00
-2.716449615208343715e+00
-2.970680642442373731e+00
-2.599135138913273302e+00
-2.879930278701704705e+00
-3.263941562595399137e+00
-3.146468328432835637e+00
-2.946372001443352318e+00
-2.742632553905367310e+00
-3.153653563993172870e+00
-3.381661259726718161e+00
-3.124950182223187767e+00
-3.262402140855440003e+00
-3.134934170573171031e+00
-3.248461733525481065e+00
-3.070605966554219357e+00
-3.117428461218230140e+00
-3.367398697204181168e+00
-3.525408373613473145e+00
-3.444212755277800131e+00
-3.392912313849703931e+00
-3.346337711571776286e+00
-2.648360633006291653e+00
-2.281865769280410738e+00
-2.315062485311160323e+00
-2.477320209674313656e+00
-2.438936301487474978e+00
-2.090465385321167879e+00
-1.875877085304390901e+00
-2.171217903444647934e+00
-1.892671999057817578e+00
-2.033771090488967204e+00
-2.160580353884289817e+00
-2.586033728707423318e+00
-2.349279623395763572e+00
-2.423134461053518152e+00
-2.315732090021336731e+00
-2.920110937757415925e+00
-3.188595082765761202e+00
-2.896115850029836736e+00
-2.740956552664171042e+00
-2.542246846859115283e+00
-2.547932615449450822e+00
-2.523071112398560523e+00
-2.034745459969586889e+00
-1.885234599413425416e+00
-1.765043954942112858e+00
-1.794478284629521525e+00
-1.342378228834133269e+00
-1.145964566527029493e+00
-1.309041376483565999e+00
-1.337633137256245996e+00
-1.632011858562259166e+00
-1.167610225724165618e+00
-1.121489592122733248e+00
-1.361495921719328095e+00
-1.091802837686195016e+00
-1.182582564995214192e+00
-1.415263186939675899e+00
-1.206216729667560328e+00
-1.176930035396345886e+00
-1.435713894439460070e+00
-1.177087747909999926e+00
-1.272366710196095818e+00
-1.185346798528677859e+00
-1.101616768995735463e+00
-1.370303231351610362e+00
-1.029822234977851192e+00
-1.143919295259945956e+00
-5.161239842469941275e-01
-7.444202053504330729e-01
-4.459496850919709154e-01
-3.746440058062279754e-01
-5.746601806352040764e-01
-9.316917041720782500e-01
-6.013357747857174251e-01
-7.114535344437386000e-01
-1.117619394530761312e+00
-6.786633517041973374e-01
-8.321692859563668554e-01
-6.927188652774488586e-01
-1.903940864220592388e-01
-2.279830286513739868e-01
-2.038188827198906816e-01
-1.546350301965157825e-01
-2.390963806067648578e-01
-1.141948662320253771e-01
-2.035552427429546951e-01
-3.399999558092859919e-01
1.322966830582117392e-01
1.725959194029393073e-01
1.191749643109337176e-01
3.760628945598496475e-01
5.259554634286279784e-01
2.024106139752124278e-01
3.396309945690278442e-01
4.465055030535629577e-01
3.801583492895224126e-01
5.154892916441147221e-01
9.355748005035038339e-01
9.685170179492682552e-01
1.086058096709268783e+00
1.021372120577889842e+00
1.149370821998765058e+00
8.851016120677150933e-01
3.544942925574644521e-01
3.002329850190508242e-01
1.125594061170212823e-01
-3.650631810482903861e-01
-5.030408462029891670e-01
-2.190830821572771203e-01
-9.350743562771302031e-02
-6.694377299621322441e-01
-8.844610601483896550e-01
-7.706390674557324072e-01
-6.108810333328245079e-01
-6.638594957288584952e-01
-1.254269949586891419e+00
-1.324301601364810343e+00
-1.080151412834791103e+00
-9.377485499218148890e-01
-7.822203168734829237e-01
-7.994322564261142627e-01
-6.105663557256404417e-01
-4.362413709922022820e-01
-9.162723284717135819e-01
-1.328889261689122581e+00
-1.499148931095808823e+00
-1.806814862249194409e+00
-2.734960804630141240e+00
-2.953450819822906581e+00
-3.117404592456432866e+00
-3.426600599415853932e+00
-3.119252062452584795e+00
-3.067389908418262312e+00
-3.136594206826906817e+00
-3.268111439719566302e+00
-3.380514378997766300e+00
-3.911289238172364957e+00
-4.318914403931171542e+00
-3.662220651583133701e+00
-3.611694758836036190e+00
-3.669239123050350493e+00
-3.628815231163975419e+00
-4.197485230011539947e+00
-4.367900661216911118e+00
-4.161395974310990731e+00
-4.054374873425370396e+00
-4.879169746204071068e+00
-4.751012984765082159e+00
-4.379308342095390216e+00
-4.085492673606331060e+00
-4.124905914984174693e+00
-4.585374959351566915e+00
-4.695663800753235861e+00
-4.981833139584970205e+00
-5.265499978822435700e+00
-4.531590867748132467e+00
-4.553067183727248057e+00
-4.661754696803148690e+00
-4.460817608082453312e+00
-4.373349829699602509e+00
-3.813714126742464572e+00
-3.900507715342737214e+00
-4.047441883428923859e+00
-4.295130555808143846e+00
-4.452674523364532178e+00
-4.436564047788775333e+00
-4.691728573531845470e+00
-4.392288869176664612e+00
-4.152472109605383821e+00
-4.362928017406672687e+00
-4.327539267000199530e+00
-4.204488567695511492e+00
-4.342850952462979919e+00
-4.532660027957197357e+00
-5.027217706660083607e+00
-5.167728458578688233e+00
-5.265759925587590651e+00
-5.314053116331547422e+00
-5.379202653002967516e+00
-4.932693514912307009e+00
-4.924521180360743600e+00
-4.725507215421456131e+00
-5.127212814141332231e+00
-4.945836102367040077e+00
-5.436039064547928845e+00
-5.198693536576882934e+00
-5.074791986891315609e+00
-4.644841684742959664e+00
-4.939736440690544406e+00
-4.999380172850247384e+00
-4.849212270149723558e+00
-5.165997486727134991e+00
-5.174508527327968288e+00
-5.174937455887062221e+00
-5.142614547051964635e+00
-5.372922660767315506e+00
-5.268956420913350591e+00
-5.544713953047839539e+00
-6.205393803578195921e+00
-5.968348226390922662e+00
-5.748057637109488915e+00
-5.292930168093835874e+00
-5.478176141900790164e+00
-5.655313780437841942e+00
-5.559806825115715334e+00
-5.786502914143873966e+00
-6.054325670930131409e+00
-5.429359393775847309e+00
-5.104079625796226871e+00
-5.123444003015948489e+00
-5.334267655196061497e+00
-5.519213930836054161e+00
-5.452466626903303748e+00
-5.420232879259197389e+00
-5.390285851935531447e+00
-5.062009676958747484e+00
-5.195076281097652959e+00
-5.203051233231273720e+00
-4.981282215003535185e+00
-5.015977088604835821e+00
-4.490821409138924025e+00
-3.914504732843249624e+00
-4.633734250717674641e+00
-3.984510092388370950e+00
-3.284455289297066205e+00
-3.300340449076615279e+00
-3.165130167418563012e+00
-3.468075999871999660e+00
-3.530191086565585668e+00
-3.367524766734194319e+00
-3.369977025265544324e+00
-3.990362748848721441e+00
-4.226628286554126035e+00
-4.316448319941796008e+00
-4.178905642865576198e+00
-4.267136430188864793e+00
-4.266756414662281394e+00
-4.286044316753162775e+00
-4.487241884006380133e+00
-4.428200630978101238e+00
-4.596741910491201288e+00
-3.964547607846862221e+00
-4.366064656117809584e+00
-4.623945473526436700e+00
-4.165417129307411592e+00
-3.793868441828254223e+00
-4.160202655956826590e+00
-4.668536336619784954e+00
-5.110651395659552954e+00
-5.423032856505165533e+00
-5.935209301479082988e+00
-5.557376089389921781e+00
-5.239564016291637039e+00
-5.517178926378736747e+00
-5.150388909922230418e+00
-4.830505653846631553e+00
-4.505763832714653638e+00
-4.462917717561417419e+00
-5.162249836532271097e+00
-4.998744901937461016e+00
-4.727494483103733103e+00
-4.707699848778894136e+00
-4.825687779801706156e+00
-4.510453120484523737e+00
-4.659350169748486259e+00
-4.323606604476671222e+00
-4.543869309829168479e+00
-4.054910694286020245e+00
-3.595171907071649020e+00
-3.401343039549411973e+00
-3.526718607609412803e+00
-3.488294086619516232e+00
-3.207638350548144945e+00
-3.050548204374003536e+00
-2.811345800103482340e+00
-2.138549173146323756e+00
-2.487399779642510911e+00
-2.081786986420989471e+00
-2.109358587962190335e+00
-1.790016630400950826e+00
-1.619245414690279494e+00
-1.616052469649571721e+00
-1.427094276691425634e+00
-1.493029518980855785e+00
-2.187102829972450202e+00
-1.693489374113983814e+00
-1.381606111252381419e+00
-1.754780012507514808e+00
-1.619036935333330041e+00
-1.408756262334939002e+00
-1.397833306816317345e+00
-9.227651324661707566e-01
-1.099106281057787626e+00
-6.939371266078671052e-01
-1.150595412445417631e-01
5.293239385043202461e-02
2.765442264292045094e-01
7.202541182463698122e-02
4.229387987896024992e-01
4.177411912104694314e-01
-9.045967561820239533e-02
-3.098531702242403041e-01
-5.787424371211040697e-01
-5.521690416364961607e-01
-4.585721899508151678e-01
-2.198809882732506438e-01
-3.247217090092301972e-01
-1.587296302527934910e-01
-3.965267771170768452e-01
-5.683799091935419767e-01
-5.413775041429177426e-01
-5.461261864337551009e-01
-5.531591701804218220e-01
-9.322747935966056998e-01
-1.275442667526351714e+00
-1.468663728331392138e+00
-1.353149549653705819e+00
-1.553019890753816634e+00
-1.576185072383742058e+00
-1.815514976661275925e+00
-2.108197252413134937e+00
-2.249307629639103023e+00
-2.078492775955665284e+00
-1.961069830354789767e+00
-2.036504579347376165e+00
-2.300941265821705439e+00
-2.323212333887752390e+00
-2.590918040488429330e+00
-2.535073332721307970e+00
-2.277268581131839387e+00
-2.681929461044805230e+00
-2.708111266770513392e+00
-2.837295179603340767e+00
-2.729402494815343250e+00
-2.619252528670389601e+00
-2.929855203736844160e+00
-3.097843501136015032e+00
-3.732426343973293204e+00
-4.071590589568713447e+00
-4.126442551306803708e+00
-3.776703871390391765e+00
-4.088378408319015556e+00
-4.491908354461600084e+00
-4.805206494178825061e+00
-4.730030599352702758e+00
-4.792238753162848752e+00
-5.037994720661854942e+00
-5.048879489555017308e+00
-5.022176420496389682e+00
-5.294329678952124141e+00
-5.795879133421619755e+00
-5.219575708976949002e+00
-5.376415341642770684e+00
-5.200786158580633867e+00
-4.922553869374465485e+00
-4.842283859549648461e+00
-4.742481661263023618e+00
-5.152736549345461547e+00
-5.203926659838722379e+00
-5.108107001158641580e+00
-5.120656113683574873e+00
-5.532269220037037805e+00
-5.288881238185637379e+00
-5.114784907259120494e+00
-5.046740197517157966e+00
-4.890034624506711225e+00
-4.932885503177147690e+00
-4.993144840675053153e+00
-4.797506480020042652e+00
-5.071756200162827355e+00
-5.029297818031313483e+00
-4.367189490025539911e+00
-5.088699986725805147e+00
-4.980030513774263312e+00
-4.717867204529873959e+00
-3.926434603675069468e+00
-4.169123580903330684e+00
-3.596987437350532169e+00
-3.774093310726830186e+00
-3.649148198268763910e+00
-3.631579995401859939e+00
-3.793813555808815074e+00
-3.638721141547536675e+00
-4.128171998320071090e+00
-3.962338476267948106e+00
-3.571979003236606776e+00
-3.660114843088379644e+00
-4.203797741706385871e+00
-5.069957922033272446e+00
-5.663877853969842668e+00
-5.105632822427708106e+00
-5.159531064897446839e+00
-5.252367747511310192e+00
-4.888157781034027316e+00
-5.455054274038831252e+00
-5.395714500456286089e+00
-5.203863909160647339e+00
-5.513307714509330104e+00
-5.107812084291537325e+00
-5.189308964980243744e+00
-5.172400055718467726e+00
-4.895318121146720713e+00
-5.131929599451386714e+00
-4.809324779837853114e+00
-4.717674840280345450e+00
-4.800870537932648396e+00
-5.090796336112275000e+00
-5.143366628479927982e+00
-5.146905396740381278e+00
-4.998328373360187982e+00
-4.444993357767930142e+00
-4.715296331773199512e+00
-4.966918680806225339e+00
-5.048894655648796359e+00
-5.156633039192900725e+00
-5.103792538885612906e+00
-4.994556239715150170e+00
-4.959117946526229836e+00
-5.341240535443716908e+00
-5.196568748204982491e+00
-5.566407302521247047e+00
-5.632355222308432552e+00
-5.685733358427817130e+00
-5.820347741372859929e+00
-5.532802519441443856e+00
-5.387011349820275186e+00
-5.427252555370106535e+00
-5.620995502621231488e+00
-5.370051944709996583e+00
-5.005810901701213567e+00
-4.904152367711288818e+00
-4.882996152812355994e+00
-4.748078236975767474e+00
-4.552717783557355347e+00
-4.527937219183505668e+00
-5.053531408317170737e+00
-4.461029816258871072e+00
-4.595161285233769100e+00
-4.696609228178355799e+00
-4.634192722728457170e+00
-4.538627190338061723e+00
-4.396665892319703062e+00
-4.228708905751045855e+00
-4.025893706425943464e+00
-4.261535313550478321e+00
-4.079202143363414024e+00
-3.653121034422972091e+00
-3.840040329560796550e+00
-3.993711306599268873e+00
-4.096872106644252831e+00
-3.709403276759390966e+00
-3.659593455777399029e+00
-3.492374924369313405e+00
-3.429470107990050920e+00
-3.386526376614575451e+00
-3.335436477656694709e+00
-4.097332972341655832e+00
-4.026175250142683737e+00
-3.860544709523582085e+00
-4.095793386384481316e+00
-3.576452033446636758e+00
