4.022681920378921028e+00
5.042426209908845713e+00
2.864958359830572121e+00
5.105782878295130445e+00
5.719084633941556639e+00
7.146475939581196535e+00
3.559384726045017100e+00
5.592541618513326540e+00
4.742589629506393401e+00
5.165673094078826466e+00
5.602450376811042965e+00
5.256945177053871099e+00
5.702582297011072221e+00
5.504776318687405912e+00
5.365497950104111347e+00
5.716276853114243828e+00
6.508988644552054836e+00
6.634843948975888139e+00
7.108276838875396741e+00
6.958382256536160604e+00
7.099038921885644449e+00
6.629419375913931489e+00
6.172391319913583807e+00
6.633214242368373093e+00
7.201806242217028142e+00
6.621315506779886562e+00
6.982516866212832518e+00
8.074237639813905076e+00
7.651057257633206987e+00
5.925616656292557849e+00
7.194421114374657478e+00
7.889074946889031992e+00
8.056479476843197318e+00
8.703202070091210274e+00
8.601487021429480961e+00
8.479926694025349931e+00
7.946362095287570426e+00
7.686206186096516291e+00
6.807594743010519700e+00
1.030872700541823761e+01
9.554021869729520944e+00
1.058743566416919180e+01
9.125216389485766300e+00
1.039758060995218614e+01
1.073829856553272322e+01
8.820473921084261093e+00
8.421054558479880825e+00
9.691401505963472829e+00
9.772978531551707704e+00
9.636746265480329754e+00
8.809800829274443856e+00
9.412459136299041518e+00
8.910145512791379119e+00
9.000467401382620025e+00
9.813565620155733527e+00
1.001767257732957006e+01
1.010074824564028972e+01
1.011547479956152529e+01
8.717347107559977104e+00
9.542169069864192110e+00
9.394995664170700422e+00
1.033952036597008828e+01
9.984318916589890236e+00
9.317658817837632057e+00
8.996884602586860069e+00
8.038701246763757524e+00
9.641470141184651510e+00
8.086383071537991185e+00
9.623148403760506397e+00
1.009048468401657317e+01
9.268501148668960354e+00
8.836029972677351907e+00
7.652398994275289468e+00
8.795631715465621170e+00
8.744219966886923601e+00
7.871557703524139527e+00
8.746616977365382795e+00
1.085877029721596543e+01
8.638970377959406477e+00
9.498005515383592723e+00
9.839957944327123229e+00
8.714935839179805299e+00
9.768340479061890846e+00
8.381089617959073479e+00
7.899647001300703408e+00
7.672892561903486452e+00
7.898236762102520458e+00
9.031258006659896864e+00
7.092367076540256221e+00
8.233516528576387827e+00
7.093318640202147307e+00
7.493362840139997871e+00
8.573664328013773428e+00
8.217692992171524935e+00
7.022601011757863887e+00
9.037139983918926589e+00
8.956859912790591238e+00
8.331734806818452910e+00
6.658553573275289850e+00
9.024024767174061878e+00
8.845325251230701014e+00
8.992329670938453035e+00
8.033868686578244933e+00
9.782257837076343776e+00
9.975744012777646219e+00
8.028117573268502838e+00
8.369283824190826948e+00
8.909209816374092483e+00
7.180793358545392024e+00
6.982671550475291866e+00
7.520944030564223226e+00
8.516573579427491936e+00
8.451378423850421484e+00
8.531723555786708602e+00
7.684092765556326476e+00
9.524316494612538264e+00
9.066473126496219948e+00
9.055637745917799464e+00
8.936246380136632084e+00
9.046771673944370207e+00
7.896653692310315442e+00
8.308317994780985316e+00
7.268276163657180433e+00
8.591453867908011688e+00
7.499051746354446379e+00
6.555253741835269210e+00
7.297788924394303933e+00
6.393106309544309696e+00
6.605009214940811724e+00
5.421115012064213090e+00
6.516233636697062792e+00
5.781598359196140180e+00
5.884306821169575485e+00
6.533726606622911603e+00
7.989992644430263802e+00
5.670399240608708702e+00
7.097511889416776576e+00
6.382840904427002471e+00
7.299336231533590791e+00
6.740611557256608322e+00
7.420952546002896000e+00
5.616900431151985451e+00
8.504307555281389597e+00
6.208326283377918031e+00
7.272517494189790987e+00
6.483412474618941879e+00
7.731446433045794819e+00
7.016206341781892952e+00
8.215911399861669295e+00
6.235306275870046377e+00
6.200249468251945117e+00
6.741983252017237582e+00
6.632383248861165370e+00
6.816497330496132712e+00
8.018023749575586834e+00
6.976594601699622977e+00
7.205512503054267270e+00
7.087200373106613327e+00
7.952687101535068415e+00
7.157607802923013907e+00
6.824233329151816463e+00
7.023112451064534412e+00
8.125103074703222461e+00
6.942292772375074250e+00
7.477130910931496288e+00
6.854486891345866972e+00
7.469885562711926497e+00
7.756359750611255599e+00
7.857389609832010180e+00
7.393017085752704887e+00
6.492310032067580394e+00
7.188033130413587379e+00
7.643089952957254241e+00
7.454500918979304558e+00
5.530173239382845551e+00
6.933879952492187471e+00
7.350045413006311534e+00
7.191706543915312722e+00
7.658060349663855959e+00
7.047446344333856416e+00
8.001763893353450285e+00
7.544354410970575131e+00
7.333288208761466365e+00
6.026012725907049727e+00
6.329561610233981561e+00
8.043064610351166266e+00
6.944738336259687728e+00
7.245722946792978902e+00
6.943583623258639648e+00
6.889946646511924122e+00
6.564997710622075822e+00
7.667625155225081812e+00
6.354073804807757853e+00
7.265661147104349737e+00
6.491035433334173987e+00
6.936040960843228298e+00
7.222630146110646798e+00
6.170369531957733855e+00
6.329741815823695106e+00
7.300974805133217060e+00
7.380141576930021152e+00
8.681798864218912115e+00
8.170604183159689171e+00
8.150857174168496755e+00
8.596208250557657138e+00
8.503790324303139414e+00
8.179202408231141419e+00
9.119738669278978804e+00
8.389410031078449848e+00
8.481095769150144292e+00
8.172602624681374550e+00
7.382314864399807774e+00
8.765267417593612720e+00
8.076818375741112277e+00
8.839065464984399156e+00
7.884665427350336486e+00
7.888982735127988200e+00
7.790677622354014176e+00
6.762326005217691893e+00
9.171130559920346315e+00
8.427981760486526142e+00
7.879256362868465757e+00
7.900835428407344985e+00
8.179630532060867765e+00
9.507990026815257067e+00
9.942289405116270018e+00
9.280028567009980023e+00
7.821025113214429503e+00
1.009101634342591503e+01
9.097630002006065197e+00
1.046220269797478153e+01
9.502054483577905941e+00
1.002386397139371255e+01
1.002265046586502706e+01
1.099162081218451092e+01
8.022186514358304876e+00
8.404882347413030530e+00
8.989102337454218272e+00
8.330083624774058393e+00
8.189401160939370428e+00
6.318016109336279662e+00
7.458296419035921332e+00
7.445374626956346553e+00
6.946873065524107105e+00
8.942009072223545019e+00
8.945550318208823626e+00
7.781273661467022151e+00
8.720836033074565563e+00
7.955460487743618359e+00
7.891263742405826065e+00
7.714834084405261194e+00
7.649296170906277226e+00
-1.951637601197471650e+00
-3.346919201019189494e+00
-2.291982523154781681e+00
-1.645166264540479872e+00
-1.840951443580304048e+00
-1.739307615407480689e+00
-2.101362988327378112e+00
-1.272087267083103601e+00
-9.074871322408606389e-01
-8.441401096289347095e-02
-1.704081324560426491e+00
-1.697702368506817550e+00
-2.429335996821957444e+00
-2.684352486675662952e+00
-2.793419632645413486e+00
-1.932913408916744125e+00
-2.336412066045860936e+00
-3.332473632562440891e+00
-7.213344724714136902e-01
-1.322027221560985843e+00
-3.882595802615069758e-01
-2.746328708560370480e+00
-2.233891518061442927e+00
-1.360820711998438792e+00
-1.660818581944507155e+00
-6.322045077521294409e-01
-9.399513605535467775e-01
-3.246926085000923390e+00
-2.946910375880471999e+00
-9.835580138789010718e-01
-2.366400176362256857e+00
-3.105668992801250639e+00
-1.677122954066541105e+00
-1.373478302740643198e+00
-1.597551431724011817e+00
-1.914287194683058857e+00
-2.989367382523540950e+00
-1.308973814660589152e+00
-1.558165512750609771e+00
-2.717897707820274622e+00
-1.197507499527633801e+00
-8.269826701432871907e-01
-2.829037763701879982e+00
-1.957119655900648958e+00
2.411688844996207060e-01
-1.216772777182455023e+00
-1.148493027049193316e+00
-2.225197842259714065e-01
-2.325670936093897190e+00
-4.293015258764620867e-01
-8.516308921858470882e-01
-3.526658338472010712e-01
-8.985229501579317102e-01
-1.245289943473228078e+00
3.211275107699611553e-01
-1.529584657021643146e+00
-4.703015487834338870e-01
1.357450373715446190e+00
-8.673385770466177647e-01
1.281761158638632381e-01
-1.020889176885200200e+00
-6.072576105367222254e-01
3.074043402001569447e-01
-3.485420396104492724e-01
-1.323804534580755643e+00
-5.615152093941588873e-03
5.348554124541760046e-02
1.925295487874875366e+00
1.086182197530890292e+00
1.070373382246359029e-02
1.305431344894714130e-01
2.471256926160059209e-01
-3.397307640168705234e-01
2.013957890295090536e+00
1.889919117061713116e+00
2.214530667409163378e+00
1.248903184100255359e+00
3.513220011965731970e-01
1.152261762239093379e+00
2.712420232777708051e-01
8.457432475788060344e-01
6.154735450547708098e-01
-1.095765749798408351e+00
-2.701133300709726015e-01
-1.150693588974363024e-01
-2.046225589581611715e-01
-5.132002045253809541e-01
-1.333423052555934518e+00
-1.963865956946886371e-02
-1.252856450557176871e+00
4.478829924172496035e-01
4.490509845098955566e-01
1.398364016646453933e-01
-1.127483848871003502e+00
-1.178080223485477696e+00
-3.469244224417589173e-01
-6.576467155282292865e-01
-1.525072835144746008e+00
7.454974770432802877e-01
5.385050975657890149e-02
-2.177522801829265831e-01
2.830561928495889390e-01
1.364833964489742257e-01
-1.312355871294172971e-01
5.284491623516984760e-02
1.431948024128564256e-01
-1.334435874478367090e+00
1.390279068913669036e-02
1.119011425669063087e-01
-1.664808476616999044e-01
-1.404044832041035917e+00
-1.653026680345262012e+00
-1.467369935494238220e+00
-2.049534534469480640e+00
8.061465360011244030e-02
-3.571667717350424098e-01
2.304384874192209054e-01
3.688324800143893967e-01
-1.732325793981628337e-01
1.069955469698462558e+00
1.228042231848931465e-01
-2.229879233488354373e-01
1.353172998270997240e-01
1.216710094894527749e+00
1.438957019955720895e+00
1.390183916388632035e+00
1.514784446772184268e+00
-2.236876609891043088e-01
-1.585591784874340604e-01
6.984899804812982893e-03
4.226092286794864705e-01
2.379202208433417454e-01
5.980456983422843820e-01
-1.855737575586262622e-01
-2.870771552967097406e-01
-4.559293320895116963e-01
2.944868947861882802e-01
-7.374650888555578376e-02
8.909255128491428977e-01
-5.011742230649121055e-01
1.063863250978496211e-01
-3.684999868582607974e-01
-5.842508147614591252e-01
2.168717246529370257e-01
-1.198159146985470436e+00
1.321940875830367013e+00
-2.597109007221263255e-01
9.052432874188642842e-02
-5.573598906117878116e-01
3.955914437724263877e-01
-1.084335436171827816e+00
-6.236228058524462270e-01
3.152638228006221510e-01
7.131401576039282375e-01
-4.250013693939491688e-01
1.013983545737826120e+00
-2.564913616994690670e-01
-5.976211693258228763e-01
-3.445935088376863575e-01
-2.190004591997753991e-01
5.306896570547410263e-01
-8.614154500065094311e-01
1.810555121763552933e-01
3.037584572921092629e-01
4.954139011822764616e-01
-1.901844871293314476e+00
-2.628554350791354466e-01
-4.703735859681570375e-01
-1.412871263358510987e+00
-1.905694442603916627e+00
-1.860341889193068532e+00
-1.965553516231477893e+00
-2.509246468165159616e+00
-1.801272160165472869e+00
-1.715566038165570184e-01
-2.149428669339615627e+00
-1.786188747590344406e+00
-1.995999845351424717e+00
-1.621619266064269205e+00
-2.570051318810111063e+00
-1.484097158219225276e+00
-1.949022603669781528e+00
-3.242689418800000389e+00
-4.858246478779975064e+00
-2.814936179291661844e+00
-3.181386776399088845e+00
-4.342915804471561891e+00
-4.242787055032867016e+00
-3.887538949262919985e+00
-4.774440250697264965e+00
-4.216599945181750186e+00
-3.619629348386281364e+00
-4.975367102716340639e+00
-2.464881737334680523e+00
-3.963580389361247569e+00
-3.991457131839542871e+00
-3.380192259144644051e+00
-2.795865225907818719e+00
-3.222867441337871952e+00
-2.633951561063194724e+00
-8.394721332617605114e-01
-7.127830928757394879e-01
-1.521604131790866177e+00
-4.638551881943016042e-01
-1.397428567465786031e+00
2.766309940553735025e-01
-1.745157253084004267e-01
-6.342140695876619105e-02
-8.179505751371642930e-01
-1.284671808578049301e+00
7.794487405790651025e-01
1.029712420827015862e+00
9.612629782760988562e-01
1.590384328541740722e+00
1.406663107857201389e+00
4.515803349534204258e-01
7.694977505928992656e-01
2.505505042364211121e-01
4.777304424734571953e-01
8.941933119997740320e-01
1.661363799152574039e+00
1.375605192148218414e+00
1.590386673170955056e+00
2.890987244706533232e-01
1.189479354980973014e+00
5.573862882358939785e-01
9.494012728881999763e-01
2.019281369663477044e+00
1.027114885326835036e+00
1.808959465158237911e+00
6.958607783693881998e-02
-1.056956318656260940e+00
2.447370673582600631e-01
-1.030820080290263618e+00
-5.227331044609306865e-01
-1.755073502358055926e+00
-1.526608097964828659e+00
1.032981884101453751e+00
-1.631826102525586464e-01
-3.160036234446419456e-01
-1.795475131601111052e+00
-5.513586301937305478e-01
-2.655730362539898692e-01
4.992126781192629537e-01
1.215532632931152435e+00
6.976780087963474486e-01
2.901175737109626951e-01
1.450834902966374962e+00
1.339506654685475695e+00
