7.089062117231820226e-02
-2.165465480450409763e-01
-4.264743970332263157e-01
1.060626078422228780e-01
3.085953915620850974e-01
2.461562247528479019e-01
-1.152299075954475172e-01
3.994131708790066293e-03
-1.918679968280963266e-01
-2.637388223517513897e-01
-1.427447973289852623e-02
4.443407160696438707e-01
5.153183998358016327e-01
4.437721956703473136e-01
9.976172770207842877e-01
1.076160891832986577e+00
9.306875874655995418e-01
1.090656539787181689e+00
1.488269819844029840e+00
1.571172317764720772e+00
1.661820664021560034e+00
1.755078114757717245e+00
1.774403279999297700e+00
1.766299514985016028e+00
1.939309865251233722e+00
1.785491090044023510e+00
2.067640181147323730e+00
2.221953716568399795e+00
2.668566358995611232e+00
2.690526790191245077e+00
2.728684719240598966e+00
3.035328831674864780e+00
3.168456567205237384e+00
2.948699338757264865e+00
3.181420300073430241e+00
3.364471419552763187e+00
2.940381340145016953e+00
2.991917883250962085e+00
3.205712687937896987e+00
4.061131505036853717e+00
4.569590317629071308e+00
4.695639945355996936e+00
4.769945290391223836e+00
4.766628804790656204e+00
4.131829358230575622e+00
4.230248640066670340e+00
4.023829589441659138e+00
3.788466579714649285e+00
4.008797813081420358e+00
4.010950866510328616e+00
4.311982510865315810e+00
4.233400086023035414e+00
3.979303721903167723e+00
4.477282101249448587e+00
4.697685238616374548e+00
4.785329178455842047e+00
4.651149957111566202e+00
5.204855056183522066e+00
5.067413316949537005e+00
5.205553477091761749e+00
5.089723749992145052e+00
5.069629255430998960e+00
4.481786179009638715e+00
4.448307828134016262e+00
4.644136531441952265e+00
4.586025638320726294e+00
4.208504506344271867e+00
4.140241806708943706e+00
4.281530841103937668e+00
4.071249833402287521e+00
3.989459631257165739e+00
3.579200245970989513e+00
3.398027355951083184e+00
3.502225415060492342e+00
4.040760341916116438e+00
3.882897174551933617e+00
4.202733694683706389e+00
4.960979275400931421e+00
5.210728291115826138e+00
4.860181028685042648e+00
4.633986654037301811e+00
4.357061768485394282e+00
4.044756875794098150e+00
3.398426978612999250e+00
3.095549110446752294e+00
3.067398564186698540e+00
3.610338532174925952e+00
3.190942377373373162e+00
2.693469937233446299e+00
2.814405811795854362e+00
2.485894172276360781e+00
3.061508646648141152e+00
3.090351621836467277e+00
3.333618367278752270e+00
2.720201150145722835e+00
2.976225611903177359e+00
3.483862595107597215e+00
3.355563900705554659e+00
3.894283127402989209e+00
4.093693096511302976e+00
3.701049325638511522e+00
3.520761756892143879e+00
3.914533917452172496e+00
3.666764382301644254e+00
3.488347358599142023e+00
3.167514427267297705e+00
2.985884259478447600e+00
2.945118741163446519e+00
3.178533463751919808e+00
2.998004672376761715e+00
3.136939277216467037e+00
3.145926540969250951e+00
3.091700079573436621e+00
3.343374710934760685e+00
3.375784902155202438e+00
3.706249873301957098e+00
3.824490405858867348e+00
4.306118196603504700e+00
3.787934093174482708e+00
3.850493677213319366e+00
3.576995712659114979e+00
3.180986209327036462e+00
2.443803195270428219e+00
2.534122526393398633e+00
2.114346795634329812e+00
1.896288514733090791e+00
1.856371318804658888e+00
1.438561930703372571e+00
1.095592776921463063e+00
1.203378765650668480e+00
1.443077217706253412e+00
1.210940301995079071e+00
1.414604998084346699e+00
1.803238156861068031e+00
2.084001164413154861e+00
1.613054352831366778e+00
1.889974155229311670e+00
1.624291720008263606e+00
1.589070559985194198e+00
1.687517441078897118e+00
1.744207372392807986e+00
1.525048375426407032e+00
1.788190698286405755e+00
1.482666368193441997e+00
1.890769709152798184e+00
1.628142587202791480e+00
2.066926986123585053e+00
2.032946047584095695e+00
1.867890706602025608e+00
1.598525712294612156e+00
1.390314494736877959e+00
1.674000930631883266e+00
1.849569645119753858e+00
1.959530585627956123e+00
2.546429511774808141e+00
2.536298114356030808e+00
2.452202493161087293e+00
2.928912969861714455e+00
2.478481420807806757e+00
2.417198760417224701e+00
2.262548871004469664e+00
2.513136253370811701e+00
2.256831278646718175e+00
2.279687118934036416e+00
2.468423353923212549e+00
2.106038447150873516e+00
2.247387837511276576e+00
2.623374439595942853e+00
2.507576733362164578e+00
2.551909267740593901e+00
2.537653446504556598e+00
2.151365808249134481e+00
2.175714509771399019e+00
1.929325292779864753e+00
1.714556717662411689e+00
1.468038172937962571e+00
1.248384444312931496e+00
1.636539224132391723e+00
2.345498088725834762e+00
2.149628035453614139e+00
2.109924234983107993e+00
1.923968893013696890e+00
1.788346045269173068e+00
1.456256082744824543e+00
1.433318743194701872e+00
1.973056659561643222e+00
1.464850825679742119e+00
1.654353313718670115e+00
1.603402871189787859e+00
2.029550716190279047e+00
2.424409932487367136e+00
1.963733560273919654e+00
2.420016600534246276e+00
2.483283993407403134e+00
2.472447821058755935e+00
2.680089686445024100e+00
2.560359233468111562e+00
2.277419755026626191e+00
2.343630354477486133e+00
3.204258759201782603e+00
2.921340858228881565e+00
3.181171265175607221e+00
2.954635086653303766e+00
3.270959804269750748e+00
3.366348576748326327e+00
3.130554787684360019e+00
3.110504292780551960e+00
3.904380306512418297e+00
3.705283375554655922e+00
3.651124645120872536e+00
3.327031566738748225e+00
3.424713887905800114e+00
3.566780505724312267e+00
3.176183684341665092e+00
3.230863470257600678e+00
3.154551327449778508e+00
3.084993233709218963e+00
2.946015261443613475e+00
3.059943193380999737e+00
3.187102961320017691e+00
3.641006960494122424e+00
3.709721712061244236e+00
3.615654950809046753e+00
3.354643822659960861e+00
3.894852548122556879e+00
4.176928504909731998e+00
4.259161704322185216e+00
4.433108039648590015e+00
4.277622277358288372e+00
4.770369824788913249e+00
4.935015866312249422e+00
4.856785199194749048e+00
5.060039751408915265e+00
4.940871681186408182e+00
4.668890498699520997e+00
4.882432067093866124e+00
4.159067594410489122e+00
3.350182202976628609e+00
3.165257919170827439e+00
3.206131487967859073e+00
2.829389439144952334e+00
2.833638412878660251e+00
2.849417399342455859e+00
2.595160431709167437e+00
3.303644166619725819e+00
3.339135405811710200e+00
3.484731463397055418e+00
3.134850552244675015e+00
2.952002690760047177e+00
2.667269110090880080e+00
2.718292291801196470e+00
2.244582338485173967e+00
2.445242911374880368e+00
2.398689557659321459e+00
2.300309950559993766e+00
2.774387356369126145e+00
2.778604146010010378e+00
3.494427695679044987e+00
3.412297120332835831e+00
3.723686559338970081e+00
4.108542427599668478e+00
3.870885593173236217e+00
3.473574282379472411e+00
3.076068869156956431e+00
2.747720211754526076e+00
3.047628212870407083e+00
2.947987025291550545e+00
3.292406123426269815e+00
3.371021748958130448e+00
3.539401333015977258e+00
3.211987131099455439e+00
3.021514063932655425e+00
3.099222006236095783e+00
3.330703763886747382e+00
3.525072752267865095e+00
3.689925527360508273e+00
3.684685400714778236e+00
3.368714434335284391e+00
3.624224995176469122e+00
3.426236467459511825e+00
3.100699890342701881e+00
3.324477444080915056e+00
3.238958816697627086e+00
3.082424269779284742e+00
3.337799236429243699e+00
3.746936625428839651e+00
3.570001655115316641e+00
3.695549632478368984e+00
3.488074703168375645e+00
3.878701089628569409e+00
3.809839763915495503e+00
3.285305657590639417e+00
3.179414300161252260e+00
2.856477346953770979e+00
3.091334639036276144e+00
3.273833882366158576e+00
3.604099431672476150e+00
3.724461123473435720e+00
3.833966333434878138e+00
3.358564143185928330e+00
3.117853190934200214e+00
4.143765455172721879e+00
4.352015311611917348e+00
4.595526114343473800e+00
4.291670030554025850e+00
4.502909972183331888e+00
4.460873354753344344e+00
4.357033790162604170e+00
4.752974572808585485e+00
4.728720295779900162e+00
4.658424470699027431e+00
4.954873810631498010e+00
5.049412812764622949e+00
4.854422698901433186e+00
4.828766413552898484e+00
4.450092374327346612e+00
4.721863480941486557e+00
4.896299416387398296e+00
5.291052340552834465e+00
4.841335002587016767e+00
5.120565353236066208e+00
5.525062562478526118e+00
5.466818823993215837e+00
5.601305071950139158e+00
5.864227620032476551e+00
6.192104093286597610e+00
6.620844579994459522e+00
6.279825994091451591e+00
5.878604991297742721e+00
5.315031898911713348e+00
5.885365852929723474e+00
5.324002654649948596e+00
5.161118734815753228e+00
4.970705880260036125e+00
5.013269622001455872e+00
5.052214885868429484e+00
4.961068790540241302e+00
4.819266247182393492e+00
4.904152366414648689e+00
5.089375623491131151e+00
5.172034522335715145e+00
4.933892808619587456e+00
4.757188219997972922e+00
4.824893267590624646e+00
4.983949121885316913e+00
4.787256394986863839e+00
4.138970506046443454e+00
3.942639558813946454e+00
3.651268498671083940e+00
4.127266436676698902e+00
4.500481649097537229e+00
4.592567292983614102e+00
4.373514890546378986e+00
4.574231727927791091e+00
4.980157507991663124e+00
4.899500795694686772e+00
4.508137531742320014e+00
4.083459211831129920e+00
3.412648114848867209e+00
3.803057370929133985e+00
4.440430539743030813e+00
4.140762395002746565e+00
4.264573085630548377e+00
3.776121741985065672e+00
4.225124615635283298e+00
4.179722103041926040e+00
3.935425067279819888e+00
4.384288091238493834e+00
4.708254272051433986e+00
4.477733607714561082e+00
4.907370368890277668e+00
4.631188391673309646e+00
4.227413766117480876e+00
4.619246521807671257e+00
5.404747275496105452e+00
5.549914165817588341e+00
5.857131039902343517e+00
5.731056403520990550e+00
5.387736545187916448e+00
5.336421746086611684e+00
5.131951054156557390e+00
5.651387293176986404e+00
5.682153198911455760e+00
5.788160136457111804e+00
5.956392303211283767e+00
5.636326069323913224e+00
5.602256075519858491e+00
5.345917530412408247e+00
5.519614826451007872e+00
5.586489955715670419e+00
5.221182710993112153e+00
5.249665957449948905e+00
4.927583571494484893e+00
4.672354293646183265e+00
4.208200837834251473e+00
4.490926626108616482e+00
4.907364368053976023e+00
5.053544911215886337e+00
4.349786241799797004e+00
4.625733034379258868e+00
5.248654964338330231e+00
5.125058184774609948e+00
5.209142698075939215e+00
5.153918961115220299e+00
5.035109887259407557e+00
5.521847866217650669e+00
5.670074038387735271e+00
5.237885091450348973e+00
4.892218549690722895e+00
4.854100284493163109e+00
5.387065966653564075e+00
4.856696593021473163e+00
4.815178292342747746e+00
5.058945796964154695e+00
4.948282354395909799e+00
5.039394291937797199e+00
5.170370729761203599e+00
4.503525231648162652e+00
4.295081329531023506e+00
4.076545544081100481e+00
3.481164263164228778e+00
3.315324820911130566e+00
3.579665750813404657e+00
3.575366462620662489e+00
2.785675689151470902e+00
3.010450755578831128e+00
3.224422324339671686e+00
2.949868400710998539e+00
2.564917766504178687e+00
2.449753806991492588e+00
2.066050374445018711e+00
1.758750143607674898e+00
1.967717140782346830e+00
2.350777851054093315e+00
1.938215185320523171e+00
1.497888421433238637e+00
1.222104982446385435e+00
1.257446530936907392e+00
9.608246338349474280e-01
7.809402406898686699e-01
6.900629298486344876e-01
7.712643508919126978e-01
9.164662498044520156e-01
1.054536987482312282e+00
1.077225590703934754e+00
1.324971603379016649e+00
1.433113734733057809e+00
1.685478478788842605e+00
2.045171939168632935e+00
2.083625041048057902e+00
2.327737654364782749e+00
2.744485296078053693e+00
3.234646600357728552e+00
3.192342212267834878e+00
3.052894685123328067e+00
3.436296646235310170e+00
3.421210257293854085e+00
3.747852400823445063e+00
4.169502073301419642e+00
4.420802624473022746e+00
4.607290282612311216e+00
4.650782969962549807e+00
4.880469846316639604e+00
4.939669996598135882e+00
5.288968683448832309e+00
5.788315118243784418e+00
5.689972082653808272e+00
5.585373877047566715e+00
5.583439660916807767e+00
5.683657218524347243e+00
5.248488317893834854e+00
5.632745845590444667e+00
5.946192689495478412e+00
6.024644264742152089e+00
6.105864376892080614e+00
5.931796539051549466e+00
6.821865920075719458e+00
6.592305004793495904e+00
6.311371275612642329e+00
6.163777885643388466e+00
6.303142614337655658e+00
6.182163620549738781e+00
5.484505882470133820e+00
4.923677892619567231e+00
4.774562372523687870e+00
4.353069593521671443e+00
3.793896858123532834e+00
4.119786744180642835e+00
4.503968739456399639e+00
4.734468972150208899e+00
5.024875934449429593e+00
5.069305218540595348e+00
4.675749736931233080e+00
5.460773128374908580e+00
5.553475418325466428e+00
5.728357618598753476e+00
6.118362404723593606e+00
5.849311019558633085e+00
5.986606441658328670e+00
5.861650189695291502e+00
5.368549765634461401e+00
