5.209556778640024532e+00
3.928817203015893433e+00
5.921988029975946866e+00
4.531936077541625529e+00
5.665070493454593681e+00
4.953957281676859559e+00
4.262594570031213337e+00
4.213706584500725327e+00
4.403814293435509342e+00
3.731173003947997113e+00
4.243165341418104752e+00
3.672081551729575288e+00
3.123446709881326999e+00
4.311022956090058145e+00
3.960657477330114418e+00
3.413094461375156818e+00
4.127373271774509966e+00
2.834025679289779553e+00
2.029206778118864740e+00
1.950115876571026252e+00
2.541264710214616862e+00
2.792046668272749610e+00
2.705725248235410163e+00
2.067077354457280247e+00
1.938961415321816428e+00
3.029601703386552103e+00
1.997801656515060476e+00
2.224566974276689812e+00
2.711094749949769067e+00
3.588283999844200878e+00
2.089091193015483849e+00
1.383191686016987276e+00
3.204876229901672424e+00
2.401432508383186448e+00
2.776422328382062155e+00
1.004107856640985563e+00
2.491626848224255397e+00
1.339015030743245127e+00
4.266600150333803576e-01
2.210850572732109054e+00
8.156392870931221672e-01
1.002379381891359333e+00
1.219787415918395901e+00
1.386610181626656058e+00
3.076186915557050483e+00
1.716144727386886171e+00
1.907908403725702140e+00
2.214321384032234885e+00
2.721923380258768344e+00
2.091281792492861058e+00
2.103194525038962759e+00
1.717012931958234567e+00
2.497259214966313756e+00
2.537880346290863454e+00
1.712569509260519762e+00
1.962347884096252937e+00
2.595303987034232485e+00
2.560970166617396071e+00
1.938465348945885847e+00
2.455530610107136358e+00
1.776614931808126130e+00
2.219886376910408909e+00
2.134894939374136769e+00
1.896384236696100345e+00
1.441807127928348198e+00
1.394545877431620617e+00
2.256650809890866416e+00
8.743678897260362959e-01
1.754504137361093452e+00
1.029315768465552949e+00
3.489387209822583102e-01
2.797634296992290714e-01
3.202383500789629522e-02
5.493396817721780678e-01
8.618368381400376421e-01
6.928441090999273300e-01
-5.192585995149885392e-01
-6.894610557835862963e-01
-6.494664854034040147e-01
-1.658788966596997483e+00
-1.165903973032995644e+00
-5.913471224254145397e-01
-6.689452316245141361e-01
-1.934373677154055393e+00
-1.562595832406367791e+00
-1.296880489968344818e+00
-3.476211992104101256e-01
-1.618347296782371991e+00
-1.370893909977215941e+00
-1.006524807159028256e+00
-1.999476694632832618e+00
-1.648078650849567950e+00
-2.123432772105272370e+00
-3.044269723076401313e+00
-3.032211876775825488e+00
-1.837704285773932966e+00
-2.654956067452150847e+00
-1.424170678384055755e+00
-1.876094722218699218e+00
-1.904180490707197748e+00
-1.856978396511260954e+00
-2.426558339562535416e+00
-2.866704318333754387e+00
-3.243184389732924444e+00
-2.561462843985709448e+00
-3.699408610670143815e+00
-4.541091553884284870e+00
-3.653842046686469835e+00
-3.941016734722021297e+00
-3.691664418948195525e+00
-4.509191325418316687e+00
-3.955701825460414156e+00
-4.210440596273788749e+00
-3.845173582200052564e+00
-2.853660173349623186e+00
-2.694985129258859580e+00
-2.572495580443823648e+00
-3.446431291271993658e+00
-2.873444858665767931e+00
-3.180572429864298556e+00
-2.484504994325492433e+00
-1.780266968994471455e+00
-2.781316750221121126e+00
-1.427573887229647731e+00
-1.137369349698658105e+00
-1.332658011565481360e+00
-1.428938639792073140e+00
-1.573435517480900714e+00
-2.043637041163267831e+00
-1.153155952549563601e+00
-1.810351661199328888e+00
-1.587276705001837485e+00
-1.551217116969385579e+00
-8.449027170352723104e-01
-1.991442301945725468e+00
-2.278655429376618358e+00
-1.517461868288016547e+00
-2.970439506257968709e+00
-2.514757487146412451e+00
-2.229176512960383327e+00
-2.765827321821516804e+00
-3.036142125242364820e+00
-2.673831078479117274e+00
-4.161457900819999445e+00
-3.787168628871542708e+00
-4.810025061208553332e+00
-3.444623135964470784e+00
-5.134880343398464220e+00
-4.844106850141201903e+00
-5.429306497951325028e+00
-5.392022222340957072e+00
-5.105250827038139150e+00
-5.248685755233617911e+00
-5.284725653720419025e+00
-5.384420937947424157e+00
-7.273446404820968603e+00
-6.859853398192584883e+00
-6.475584882300885248e+00
-5.319363275925470091e+00
-6.051596904028091473e+00
-6.303235257970341898e+00
-6.214947205606195624e+00
-6.503652487956963490e+00
-6.274138123663782984e+00
-5.690730263529634847e+00
-6.384458904796738388e+00
-4.844750949723300337e+00
-5.520104208535346224e+00
-6.131773087994682570e+00
-6.626606171349018304e+00
-6.930894073338594197e+00
-6.115432509452999099e+00
-5.729734934357462173e+00
-5.564312593003320373e+00
-6.577331627653693502e+00
-7.201734893132867299e+00
-5.148912760201938887e+00
-6.289454388286054964e+00
-6.408897355955264885e+00
-5.585305583060080181e+00
-6.180899644829525030e+00
-5.673976296027330335e+00
-5.490312389003512372e+00
-6.014004201631609092e+00
-5.892426673952519067e+00
-5.259092851117340039e+00
-6.273326781967689669e+00
-6.118659840908895475e+00
-5.760669917201846069e+00
-6.175016683017888752e+00
-6.993106233230584223e+00
-6.708490662834856622e+00
-6.031906690685987726e+00
-6.080901108323183202e+00
-7.117274309451137704e+00
-6.611336067693693863e+00
-6.526986260663129258e+00
-7.278624164383020734e+00
-6.482000093896861159e+00
-6.946430913526970841e+00
-7.765810830681855848e+00
