-4.784622362799543893e+00 -4.798018270492490522e+00 -5.230921553290685644e+00
-4.640042540861843534e+00 -4.766531578644033651e+00 -5.432749571291170199e+00
-5.231773906160896104e+00 -3.756437040167207364e+00 -5.250495560932770367e+00
-4.393245105473169154e+00 -5.054599358254353803e+00 -4.810623754240171301e+00
-4.487058535498372969e+00 -4.182403375441150928e+00 -5.347276263430666532e+00
-4.351091840614941475e+00 -4.230727668952495968e+00 -3.558426041482319668e+00
-4.912115212830352462e+00 -4.220064317269129006e+00 -3.203169610260188094e+00
-4.969835498979372268e+00 -5.533925020025001196e+00 -3.902333378380632656e+00
-6.955123560022217433e+00 -4.029105225525619005e+00 -4.013918611474841747e+00
-6.499336771752187047e+00 -4.346974513477688262e+00 -3.635582021744532266e+00
-5.253241936477470730e+00 -4.631121162775416522e+00 -3.960921338960692317e+00
-6.182368671425756190e+00 -4.532482470299403765e+00 -3.465963786983064399e+00
-5.703776977209344068e+00 -4.608677723040115914e+00 -3.767844524326803946e+00
-5.788914997711837707e+00 -3.495662042464664943e+00 -4.261402960349984781e+00
-5.818086810988015500e+00 -4.185403587205971832e+00 -4.666940223588504466e+00
-4.408414711438621403e+00 -4.053671493597446052e+00 -4.563027974785664576e+00
-6.324756909482722733e+00 -5.035503508409005846e+00 -3.070932604031883617e+00
-4.896075899535562215e+00 -4.883783196022369211e+00 -3.867066650282934059e+00
-5.778663762113849245e+00 -3.822026058403842796e+00 -4.036155592773360112e+00
-5.541060799842132845e+00 -5.697821178978529133e+00 -4.616504559771017924e+00
-5.715660091490447847e+00 -4.580886642271630116e+00 -3.896909664635029635e+00
-4.496094876910528448e+00 -4.840100983904225274e+00 -3.480050028349040314e+00
-4.763764439508869408e+00 -5.168783045956114819e+00 -4.441693907391969454e+00
-6.265919782403024385e+00 -5.705511245206356996e+00 -3.674877476081387151e+00
-6.669933753753448435e+00 -5.476078382503970055e+00 -3.647445145897166618e+00
-6.308914872999297430e+00 -5.787073475659828325e+00 -4.678896612124247234e+00
-6.244819761135349978e+00 -5.457261397999465302e+00 -3.870247220467253335e+00
-6.989575730333924319e+00 -4.381159986365940284e+00 -4.382675937081200068e+00
-7.380538820901891839e+00 -4.958567764050316740e+00 -5.216983904467392463e+00
-7.442502850965357908e+00 -4.969281422613459398e+00 -4.506664649762345043e+00
-6.751788448515219976e+00 -5.528640770339451116e+00 -3.760656750261945014e+00
-6.798226083800528841e+00 -5.911316847634648042e+00 -4.643034015694470718e+00
-5.717825411783291401e+00 -5.299735286354830599e+00 -4.900808725499189222e+00
-7.033817814252875777e+00 -6.433468916094330581e+00 -5.668080600772148259e+00
-7.006448120853949746e+00 -4.555773787852506196e+00 -4.161720355426084872e+00
-6.934837846262936978e+00 -4.603788141207691531e+00 -4.634794510318805294e+00
-6.108792257587120744e+00 -3.799895338323728833e+00 -3.413462391430251319e+00
-7.208372094834526678e+00 -4.698123051276870576e+00 -3.433383016794215870e+00
-7.138825102791186872e+00 -4.025477642804933254e+00 -3.395374982611243819e+00
-7.961121804779413225e+00 -4.032430312927941962e+00 -4.684968890913722817e+00
-6.642091334476225128e+00 -3.733793777200813846e+00 -4.554152748139221885e+00
-6.333635885302886237e+00 -3.867152499503868412e+00 -5.402796083352839673e+00
-6.730012594326074904e+00 -4.369667015826287582e+00 -4.246842486159682295e+00
-6.745336302725925215e+00 -4.469516988700850568e+00 -4.625115527437376528e+00
-8.122038008756993221e+00 -4.375630865944201808e+00 -4.870818585377410415e+00
-7.336077804990545737e+00 -5.125356932053565018e+00 -3.975875182640687289e+00
-7.713631975829466469e+00 -4.616192953200719984e+00 -3.389742126999548244e+00
-7.679509324403541726e+00 -4.330883130357273458e+00 -3.494191607851163894e+00
-9.053552560936971361e+00 -4.809590712789103328e+00 -5.292875206529409127e+00
-7.996681447456837510e+00 -4.596289577655735314e+00 -4.233640280102652476e+00
-9.220171432291586200e+00 -4.078124781553482237e+00 -4.368598599354246659e+00
-1.007040107887853253e+01 -3.970887153686844417e+00 -3.876886862450946047e+00
-8.233168494580493046e+00 -3.227179563060347256e+00 -3.498472018478934853e+00
-9.989168200512043683e+00 -2.429110938752231608e+00 -3.924813206021986467e+00
-8.869200515729591672e+00 -3.001124730517745309e+00 -3.570248061312484733e+00
-8.704022103756729578e+00 -2.575976622437568420e+00 -3.301928340190602107e+00
-8.761092118369701254e+00 -2.257051992758514203e+00 -3.280537026691434210e+00
-8.756169335317750324e+00 -1.865009673317310934e+00 -3.578043812505243171e+00
-9.204038090739915745e+00 -3.040077723848654934e+00 -3.216366656320561290e+00
-8.289692749217330459e+00 -2.903505656648849520e+00 -3.573213186925104701e+00
-9.104973365777510708e+00 -2.768361946293468101e+00 -2.932519391384398766e+00
-8.876404142754456217e+00 -3.268074512138385401e+00 -2.941430327551626700e+00
-8.791440114546947626e+00 -2.620548326810524742e+00 -3.069411157869454954e+00
-9.731042561142226432e+00 -3.254110345819862804e+00 -2.566779533708661631e+00
-9.591963442443590893e+00 -3.328982204278249313e+00 -2.671712788221868973e+00
-9.421690681454196081e+00 -2.817025272659130053e+00 -2.622565571452033506e+00
-1.036843494510121033e+01 -2.153463251913264376e+00 -2.160373189630920621e+00
-8.819659432536306909e+00 -2.350673361143247320e+00 -2.253959795219469875e+00
-8.767082856193759710e+00 -2.955343752594314921e+00 -3.816250630782097808e+00
-9.341076438117038805e+00 -1.706357846614409368e+00 -3.017569583362597285e+00
-9.272406860025951048e+00 -2.270431000652665787e+00 -3.340840770309213781e+00
-9.797821613610027569e+00 -2.442735501241879881e+00 -3.134235253798706378e+00
-9.848032817682820905e+00 -9.154918954282882382e-01 -3.265760293773987577e+00
-9.990587709405087224e+00 -2.472062635261300212e+00 -2.453857061386174099e+00
-1.036923397703452210e+01 -2.585113141198138287e+00 -3.064478493228338429e+00
-1.021384148717543994e+01 -2.604544890573043947e+00 -3.043497283293664868e+00
-9.523666338484332528e+00 -2.011706607768204425e+00 -2.479641292722654544e+00
-9.597775849745907806e+00 -2.594431998775371451e+00 -3.291870651319234398e+00
-9.717161045113662965e+00 -2.027065617716871770e+00 -2.289013173083207953e+00
-9.764830937280811085e+00 -1.260397425792939341e+00 -3.181407636623177382e+00
-9.280363896873295104e+00 -1.521284021292655275e+00 -2.915034991546142429e+00
-9.106126346627169355e+00 -9.933915759155245162e-01 -2.979069178454156752e+00
-8.254917939571043917e+00 -1.290589050842468666e+00 -3.298363921031236767e+00
-8.278492983755686652e+00 -8.817777444529508735e-01 -3.323111788886149665e+00
-7.961287823843615996e+00 -1.803395539178258566e+00 -2.278191571280240524e+00
-8.481467312121381497e+00 -1.856194068363739458e+00 -3.511348481660306220e+00
-8.893681609839980240e+00 -1.083209584911316803e+00 -4.905082390396158232e+00
-9.132850628856978403e+00 -1.903105186563402551e+00 -3.415413308337404974e+00
-9.686943435246561762e+00 -8.201614495044615705e-01 -3.515207603345814391e+00
-9.701676155073851504e+00 -7.773349141190921685e-01 -4.045651096238546351e+00
-8.488958482663868210e+00 -2.663959664034754482e+00 -2.554641689471658594e+00
-8.218161876528947474e+00 -9.010457452030760095e-01 -3.027587166117119200e+00
-8.094889048684837718e+00 -1.303105358449417661e+00 -3.810880040276138914e+00
-9.226519319519804085e+00 -5.875461970016420121e-01 -2.468229958763636933e+00
-9.303754054582952904e+00 -1.283209813986015746e+00 -2.699258359729210799e+00
-8.557009624470769182e+00 3.091483166008472949e-01 -3.150444758317723970e+00
-8.197021599752890353e+00 -3.719096699644452997e-02 -2.741264311173853052e+00
-7.899858491352186540e+00 -3.940947708992359466e-02 -1.872919380494482589e+00
-7.998357796785011686e+00 6.759326294103908950e-01 -2.292302608978166845e+00
-9.265575310123702835e+00 1.272937801202983721e+00 -2.421392798015168601e+00
-9.352023598427376072e+00 -5.010307451253450672e-01 -2.602816900891931073e+00
-9.699328227584954831e+00 -2.009266023168057025e-01 -2.466511442387386843e+00
-8.874060527265294596e+00 5.868446588905409378e-01 -2.994276580361371565e+00
-8.361734887043084541e+00 2.575313189256576152e-01 -1.918018823902521319e+00
-7.159859802776661120e+00 1.099911716145057117e+00 -4.379092870526042347e-01
-8.323345733253386669e+00 3.280347566078356536e-02 -2.672860736224875300e+00
-8.487876356735590377e+00 9.276033612686096497e-01 -2.161888620923091864e+00
-7.951707753521604971e+00 1.574097454319031364e+00 -1.580557957494951760e+00
-7.644231228250743193e+00 7.503325231826356578e-01 -3.281481699088735215e+00
-8.460985155533219171e+00 1.534360610792924628e+00 -1.744699976995635282e+00
-7.111685929272350215e+00 1.438584649870646714e+00 -1.708330203660400448e+00
-8.164465369665117933e+00 9.134328804913605104e-01 -1.823446553704469286e+00
-8.264508951527162139e+00 7.917695389664483052e-01 -1.382422928844259769e+00
-7.722725085779705623e+00 1.763546463572626788e+00 -1.165447240685066443e+00
-7.083947973898261807e+00 1.082487680811013764e+00 -1.416728672410609846e-01
-7.286875578654241181e+00 1.838330277291530201e+00 -6.124957937236653605e-01
-7.768417637824422073e+00 2.052701152039086985e+00 -1.211816182368916861e+00
-7.354491100532730030e+00 2.423393893789465015e+00 5.555797088983400744e-01
-7.842296113227322785e+00 2.176853446462699626e+00 -1.565903993129840632e+00
-7.394129384129086269e+00 3.102590202766777772e+00 8.362933506351546420e-01
-5.960892814870048184e+00 2.951249989657183992e+00 -3.690850207366338509e-01
-7.908817284864809949e+00 2.404149746493791540e+00 -1.156881709583512663e+00
-7.187336458129299999e+00 2.597321442734959795e+00 4.128368941802369463e-01
-8.712321338428472117e+00 2.697160607007167421e+00 1.460426276525330636e-01
-8.893650855318352200e+00 3.041254862370340817e+00 -1.734605527054018381e-01
-7.883715268022548628e+00 2.611305487251007307e+00 3.951967540075398411e-01
-7.373884460582736722e+00 3.803935085842986563e+00 1.280624099319805254e+00
-7.259785049425875769e+00 3.486333392153756261e+00 1.587063118380038773e+00
-7.286085878733485011e+00 3.529447306881356994e+00 -1.271876906491966608e-01
-7.471539324192523424e+00 4.395696581779446888e+00 1.658949717970521487e+00
-7.451543140400080034e+00 4.132391913483907331e+00 1.830890281178443768e+00
-6.638696110062443978e+00 5.182370466400780806e+00 5.626234967338663573e-01
-6.664888064606838469e+00 3.458538860714222452e+00 1.361450360558728701e+00
-5.968055050798342975e+00 4.597912944919999134e+00 1.696671625392370597e+00
-6.645955186332830777e+00 4.537158537282436122e+00 1.409077518638761628e+00
-6.668254009025218920e+00 5.272856332383604183e+00 1.809482529789660621e+00
-6.816785431977985255e+00 3.661449636415977871e+00 5.048086002740452827e-01
-6.555266654332108978e+00 5.247071145537516301e+00 1.924835171631755770e-02
-7.055597965008782779e+00 5.302853402643604497e+00 1.343432576123049005e+00
-6.999117245127182585e+00 5.451378154502711126e+00 8.034054172276392514e-01
-6.027686665185072457e+00 6.378690722323688611e+00 8.722313993404671173e-01
-7.189322120618507839e+00 7.049583759267512129e+00 1.028634756885339563e+00
-7.068261090455305151e+00 6.580759477020683867e+00 1.607964322947306179e+00
-7.837175325255282488e+00 6.405811437051374568e+00 2.813129906643244027e+00
-7.877519926901706881e+00 6.125549177870649231e+00 7.327508636064967718e-01
-7.543418219705023908e+00 6.124167613022943435e+00 1.795284054947692720e+00
-7.329446903156955351e+00 5.962890408531347219e+00 1.737630386952131900e+00
-7.020996649799647216e+00 5.981022604261983844e+00 1.701602495455319719e+00
-6.938432008784703342e+00 6.261204467865075785e+00 1.434319723040482941e+00
-7.667325424732629457e+00 5.693570562359787424e+00 2.513407860202946154e+00
-6.040233407458449832e+00 5.954971928908356915e+00 2.445080652267709542e+00
-6.649534676693728663e+00 6.760832430022109207e+00 2.054170790602974250e+00
-5.320574099683875957e+00 5.763551447476513268e+00 2.121861355991782272e+00
-5.849898962251065981e+00 6.723745865161115276e+00 1.552524088028290894e+00
-4.812571433396873211e+00 6.271125010383466147e+00 2.106809798579446280e+00
-4.679625975439529739e+00 5.982021793258414100e+00 3.351981617981552475e+00
-5.145610021181554750e+00 4.266107716491452706e+00 2.547025753995183273e+00
-5.385690823221008117e+00 5.219365446859658419e+00 2.713284509270506017e+00
-5.599473547206798685e+00 4.307127458403514630e+00 2.532387098059208697e+00
-4.358911225401806533e+00 5.681243760788877495e+00 1.927436564252839268e+00
-4.040895013999305618e+00 5.666973362976043482e+00 2.694009567043025744e+00
-4.322584017791861299e+00 5.880842406462210903e+00 3.619383647139741811e+00
-5.618421641334376382e+00 5.141116766020745743e+00 3.899553583695432479e+00
-4.564750370607210783e+00 5.812558489707042142e+00 2.970200730098712771e+00
-5.824197920342650825e+00 6.720788041030386850e+00 2.663899356596861612e+00
-5.692476777372426078e+00 5.715843305232255922e+00 3.661330601369735760e+00
-4.869600444043334697e+00 5.658217710764246178e+00 3.570547880823949249e+00
-5.503539236220485797e+00 5.867811082858632510e+00 2.582872820305561756e+00
-5.607740191211097347e+00 6.128720376190541330e+00 3.403532550669469803e+00
-5.785736784667430577e+00 5.441035729076481253e+00 4.877847573777371437e+00
-6.198473997172148309e+00 5.508818506923748082e+00 3.455045355961117615e+00
-6.206285873933872210e+00 4.420395115449933243e+00 3.209460694832884098e+00
-6.025065333510823962e+00 5.591069914110532224e+00 2.936933583567803652e+00
-6.219824630916332531e+00 4.217967857505944274e+00 3.401635541275888297e+00
-4.792311492224898828e+00 4.659268647465074409e+00 2.694095637585411929e+00
-3.489856574878245077e+00 3.823066286383644652e+00 3.489800005041873376e+00
-4.883256363238126951e+00 3.469680962923443079e+00 3.137062961857162602e+00
-4.258766186272104015e+00 3.961333451916333459e+00 3.310251307030656953e+00
-3.168182532037779886e+00 4.520284231112991158e+00 4.464665139603925859e+00
-4.110302120511494017e+00 4.841165706281240766e+00 3.473591890036612728e+00
-3.419289641410124148e+00 4.869525487067232206e+00 3.231858906405083776e+00
-4.340149913139898175e+00 4.706582368943368344e+00 4.451099310823012800e+00
-3.560714366189138502e+00 5.117735559310936821e+00 3.282602499296719323e+00
-4.201201295945796943e+00 5.925504111011829167e+00 2.959611717491987370e+00
-2.712249947194663946e+00 5.234220411051300204e+00 3.867591419107642814e+00
-3.522558255199287558e+00 5.244856829579480184e+00 3.755663840902770723e+00
-3.545978811378760476e+00 4.955071987728636884e+00 4.392550620923476146e+00
-2.895414422269855237e+00 5.859905714319943115e+00 4.916231777182880514e+00
-2.564277118412912504e+00 6.195851415755667446e+00 5.143093928762926481e+00
-4.663011197044495404e+00 4.990953855922608540e+00 4.070488350924045484e+00
-3.334921621124787627e+00 5.587629135330203667e+00 4.501167386245169766e+00
-2.630500033475316357e+00 6.348428167116502152e+00 4.292103823185391853e+00
-3.781504161631499716e+00 6.321273346993223186e+00 4.472267604467473845e+00
-2.930174203064866312e+00 5.950956302048464153e+00 4.094365801805547989e+00
-2.457807570941330066e+00 5.282517904626219618e+00 4.326409932116530577e+00
-2.261642021114174561e+00 4.764827451222658716e+00 4.992470893077341820e+00
-1.791525963697330415e+00 6.562100804784559926e+00 4.227417922337671996e+00
-2.464182184519178698e+00 4.867953769933690111e+00 5.119628003488019274e+00
-1.822801894788093513e+00 4.117801946264057378e+00 4.840469879876254211e+00
-1.316671959789208701e+00 4.345638235226430446e+00 3.834664643479286372e+00
-1.671678856656808154e+00 5.036510719301606542e+00 3.800194070918529121e+00
