5.337221570621990541e-01 4.446668282223716906e-01 -1.469444577991018963e-01
2.587882835087337852e-01 1.581192007303749980e-02 -1.097712667771829631e-01
1.844769674230339884e-01 4.719767230842204508e-01 -1.477421065746684081e-01
2.158593730622302975e-01 9.423012746678993690e-02 -3.408866252311811840e-01
5.383140759089688476e-03 4.634978929945273718e-01 4.329779523345860248e-01
-2.404883282158907509e-01 3.840525098471326837e-01 8.524866872078626923e-01
4.903954363327159283e-02 7.889024243157647387e-01 9.962648346288602852e-01
-7.249027694878090733e-01 2.677577118621629060e-01 9.161154880687782942e-01
-1.433259736850968746e+00 4.684265984426646545e-01 1.056144348731040017e+00
-1.366152219454153771e+00 3.379366393747016417e-01 9.712884159357684233e-01
-1.320055932088623596e+00 3.306997954069107459e-01 1.435880017879766379e+00
-1.396728831189364195e+00 1.247360572924986200e-01 1.327579818373367804e+00
-1.298535154287291604e+00 1.474155231303059532e-01 1.232450983819324275e+00
-9.605776031697186301e-01 4.867872397189333400e-01 9.584123035918873379e-01
-1.152391688412317983e+00 4.712527173715745366e-01 7.093070180357360366e-01
-1.056848950008799859e+00 5.537755691031254202e-02 5.083089243700653626e-01
-9.164145763711408765e-01 -3.252552139223349736e-01 6.449532028933736560e-01
-1.086601519071591859e+00 -1.380733271495299119e-02 6.628692818483287175e-01
-6.157124953189720973e-01 2.827160032398123857e-01 6.574845135277573860e-01
-6.252001469769622455e-01 -3.438463857069566920e-01 4.314877084407000574e-01
-3.866157765350919373e-01 -4.025060214925568758e-01 7.129754800497274392e-01
-6.397685112507304206e-01 -5.804223046032762623e-01 4.345384582314265054e-01
-6.699727590357184015e-01 -8.488471885330379774e-01 3.778230586335116215e-01
-1.788732071146582836e+00 -9.307949889284916623e-01 2.108611989720462487e-01
-2.079278871532255657e+00 -1.153888195000557060e+00 8.615873715569714875e-02
-1.939579820460595627e+00 -1.219120321134027796e+00 1.804547070935991204e-01
-1.694773045033646897e+00 -1.194913003549387565e+00 -2.955124437282964367e-01
-2.242191475952419744e+00 -1.065271638178894031e+00 -5.030955669901593375e-01
-3.008594004874282302e+00 -8.914151278637371112e-01 -4.649767953167738277e-01
-2.620928893263829274e+00 -1.155202094670429336e+00 -5.813682698890831890e-02
-2.587488693377605564e+00 -7.894968839752294354e-01 -2.588489864566135834e-01
-2.524642962536074453e+00 -9.942909773747228286e-01 -3.811403460896842232e-01
-2.562846435957081059e+00 -1.114604150286577111e+00 1.802249614481385431e-01
-2.490172967533795134e+00 -1.184605439254006409e+00 -1.999461932563750266e-01
-2.433902568538031996e+00 -9.346126264863356958e-01 -5.944332979525659977e-02
-2.573796561612587741e+00 -9.216179479366043426e-01 2.267138860577524728e-01
-2.454509029077784010e+00 -7.626879007950617684e-01 5.555942777420289636e-01
-2.823428205435748239e+00 -6.613771043027973917e-01 3.071552258783178946e-01
-2.989983000461922558e+00 -5.036149401351819321e-02 -1.761718927095385356e-01
-2.971164714604148660e+00 -7.936290159232244068e-02 -3.626597789340755273e-01
-3.051346133110475645e+00 4.091762587079511015e-01 -4.737378968920102906e-01
-2.784787314309286277e+00 6.822727902309311254e-03 -2.665090424943765690e-01
-2.520035677452937772e+00 -2.727400628202893973e-01 -2.394431478502337673e-01
-2.880528674528265665e+00 -3.083466436900826890e-01 1.067595627590166851e-01
-3.481679723771874180e+00 -1.530287006635150937e-01 -1.281515772762834571e-01
-3.545188018773926419e+00 -6.528543057714673026e-01 2.722677284725853464e-01
-3.984843307664899470e+00 -2.660587588937324277e-01 5.738877418461874047e-02
-3.898508029965654931e+00 -2.223258011803817547e-01 -3.460759666871653095e-02
-4.164780495256525050e+00 -6.527451220146149313e-02 -3.785358216731710690e-01
-4.276787088960563921e+00 2.097465498954904917e-02 -5.608702305421658929e-02
-4.797701546812785267e+00 9.703604650752239991e-02 -6.148404752259681305e-02
-5.224628881421271132e+00 1.262897192692816750e-01 -6.149211757779278475e-02
-5.213053589684506051e+00 3.133497481028360010e-01 -7.486366996241303196e-02
-5.318841726967601602e+00 3.334240928205488563e-01 5.912248502167635755e-02
-5.210676164569084889e+00 8.231226955150913183e-01 6.156379441806518749e-01
-4.925483825991397779e+00 1.021880465451547426e+00 1.755087152240919490e-01
-4.835461558578975527e+00 9.180074533016668870e-01 3.824839281734547791e-01
-4.689585233302966394e+00 1.125109728743287629e+00 6.323028857339257902e-01
-5.066773587989314542e+00 5.675786980123886938e-01 9.687301822750093994e-01
-5.163812137515475520e+00 6.802800050716369951e-01 7.685734833926585186e-01
-5.145202998148358020e+00 5.421112114131700910e-01 6.216467483092114055e-01
-5.204222572073142317e+00 4.796159525402148294e-01 7.869729586410089128e-01
-5.011235802129689887e+00 3.867880717197483831e-01 1.272233080573516473e+00
-5.008605404829834740e+00 3.842709850335240263e-01 1.303629742636126521e+00
-5.293448402356070837e+00 6.968601188644277800e-01 1.342497371911287818e+00
-6.107023384193766447e+00 8.811836074708359057e-01 1.423334105077983747e+00
-5.849183580496650769e+00 1.263752774887520580e+00 1.339519763897744964e+00
-5.524489524667111517e+00 1.543640142688115890e+00 1.141952673020305786e+00
-5.625623379930871693e+00 1.017246598650455969e+00 4.006816324656756745e-01
-5.887208247681837037e+00 1.932150452916458150e+00 5.470446398456807469e-01
-5.905248988454180115e+00 1.391884900065094133e+00 3.802691171953644922e-01
-6.282651950965958854e+00 1.083876619916975814e+00 4.554029492668195123e-01
-6.621656572467170321e+00 1.352653796765149075e+00 5.854068195032855471e-01
-6.438752796398061307e+00 1.227927683683411431e+00 6.862923027360040562e-01
-6.691238308652340372e+00 1.322740952302383199e+00 -2.048461043987025443e-01
-6.535423279543789654e+00 9.764003812574358898e-01 -2.064625045519319912e-01
-6.312478153839929718e+00 1.657848367698113723e+00 -4.694566355083421016e-02
-6.392112261900761538e+00 1.869192505334301035e+00 3.786159718037763744e-01
-6.331169933336104449e+00 2.123553791978622485e+00 8.602968996101649779e-01
-6.497698984597011673e+00 2.027987268679716237e+00 3.855370555697475998e-01
-6.109257329903257983e+00 2.266850887949208637e+00 1.935086840263738894e-01
-5.824957997070804083e+00 2.017180331449849540e+00 -1.969658456729410090e-01
-5.788212399996752744e+00 2.191550909247189427e+00 4.573004945070593963e-02
-6.005650683067090156e+00 2.028344054226848492e+00 -7.980074142004936477e-02
-5.229591882815395110e+00 2.054954434143080988e+00 3.812713942802704592e-01
-5.172683470738415501e+00 2.058806920330246815e+00 1.605616165568676812e-01
-5.313495816603742483e+00 2.296797196718103784e+00 -3.984994502771874170e-01
-5.640870136939147628e+00 2.123158325416160341e+00 -3.450881534074387025e-01
-6.287084159377434922e+00 1.799448709124656931e+00 4.294669194244427057e-02
-6.165771380348986419e+00 2.120507252858629066e+00 1.228699840348309036e-01
-6.507577545856295664e+00 1.813806943451987896e+00 4.399611965316699291e-03
-5.791005924170985253e+00 2.026586911538165836e+00 1.668576098249761608e-01
-5.959114419511206684e+00 1.836354739301750971e+00 -7.281233723352542597e-03
-5.963681487075200849e+00 1.951369613817058424e+00 2.644002904995282899e-01
-5.803042956175150202e+00 2.490094796051263160e+00 -4.535162033679779325e-02
-5.805955495656796472e+00 3.128706909808647296e+00 5.229471484768812850e-01
-5.529997443472311147e+00 2.953281957488323783e+00 5.790776615693340457e-01
-5.490289808118706816e+00 3.213650198417119075e+00 1.037278972534847021e+00
-5.714400712283677741e+00 3.933474724608380768e+00 7.760168307355126416e-01
-5.917610679830460185e+00 3.894577271603417490e+00 6.774859788243247083e-01
-6.068786922402921391e+00 3.008305201131959983e+00 6.201787506636989855e-01
-6.141986313573139178e+00 3.122677107161685672e+00 7.234981270489849736e-01
-5.589315974280293808e+00 3.179568115795995187e+00 8.709679808002190882e-01
-5.611192307800033419e+00 3.505882767471353745e+00 1.166612002426302475e+00
-5.271178190300995325e+00 3.694263527383037538e+00 1.238315306322256060e+00
-5.157615490312033479e+00 3.627299539770627135e+00 8.442890459271615855e-01
-5.173785874325771417e+00 3.424841803632896919e+00 8.236203887031170456e-01
-4.967045110033156519e+00 3.809468407359461573e+00 7.222598581693764341e-01
-4.465066903583395863e+00 4.284689333672798028e+00 6.255000206316040368e-01
-4.671743437034838742e+00 4.372960517664806090e+00 1.014686178239390113e+00
-5.094622072545901048e+00 4.047866643273842158e+00 1.329236116515325916e+00
-5.300978058424694161e+00 3.972237100265175069e+00 1.374054735855735787e+00
-5.125890504181817242e+00 4.159711610908151336e+00 1.569839751696578745e+00
-4.983220937974778053e+00 4.193548073254549813e+00 1.946193584710268709e+00
-4.904460227346748802e+00 3.669467778297735183e+00 1.939918165021190077e+00
-4.572201062975790542e+00 4.525816447909450702e+00 9.771773492019079077e-01
-4.490804132500699986e+00 4.617969952508961029e+00 1.396171803261885502e+00
-4.427496254092345040e+00 4.925471942056267594e+00 1.994176089553180820e+00
-4.638470511451013856e+00 5.368282802049723301e+00 2.222085803116607305e+00
-5.111736223971620419e+00 5.619882294408831136e+00 2.310906760926285664e+00
-5.093499955662963430e+00 5.388371897482338468e+00 1.788105467222582678e+00
-4.792595329661347492e+00 5.323804619273543537e+00 2.180266726359492591e+00
-4.807203963677919134e+00 5.356044844641907332e+00 2.563410344613510361e+00
-5.100370310044845645e+00 5.176470104356379665e+00 2.896198686365814012e+00
-5.415957586989912365e+00 5.770079897276038317e+00 3.068551490617021926e+00
-5.048539698106706552e+00 5.702864466474102834e+00 2.879066480169517828e+00
-5.229846683646258043e+00 6.199109318621345288e+00 3.492887511277297463e+00
-4.757783873716636691e+00 6.457360388720756461e+00 3.354712508515789171e+00
-4.990864745759279408e+00 6.240705333945999911e+00 3.218025776500248014e+00
-5.021181626081332894e+00 6.422171708954133251e+00 3.696266592150344366e+00
-4.537287935930330640e+00 6.658267893875796872e+00 4.165213976395352624e+00
-4.683448344866807389e+00 6.728103234185356385e+00 3.920242524772720394e+00
-4.232891295191237191e+00 6.690836699830419398e+00 3.761599684022603807e+00
-4.001916378792514273e+00 6.524843264918708918e+00 3.874771006330472556e+00
-4.114327840840954487e+00 6.732023030119101747e+00 3.617229764878536091e+00
-4.507011593171971420e+00 7.122303679265323595e+00 3.180174996661517817e+00
-4.685332579777499618e+00 6.637437851796674337e+00 2.736208609374780387e+00
-4.846610455849415189e+00 7.101809316993791477e+00 2.793278988405543117e+00
-4.888976970880625217e+00 7.279597074443578286e+00 3.094904849226582488e+00
-4.572108830774619825e+00 7.662764155030802549e+00 3.570265334056457629e+00
-4.556633059382865447e+00 8.273726433496657151e+00 3.838784114165572969e+00
-4.775208632031791467e+00 8.738379714212285876e+00 3.907149501950505588e+00
-5.476524030971257062e+00 8.317058263000118856e+00 4.328008861970535470e+00
-5.661469174675077376e+00 8.598877619545122641e+00 4.344889976884153349e+00
-5.755552505854291567e+00 8.317079367829544267e+00 4.467451775299019268e+00
-5.749030361825595570e+00 8.103559724705965195e+00 4.402336775643001410e+00
-5.424536670245732495e+00 8.178311842018782585e+00 4.101703031047705394e+00
-5.512336704082858141e+00 8.265735190304564384e+00 3.901545829105749874e+00
-5.146884554026445180e+00 8.235763105584725352e+00 3.908599113393075086e+00
-4.579574881486624172e+00 8.091019267102961265e+00 4.209471746272641646e+00
-4.133633790025247556e+00 8.049773344934290975e+00 4.078580152043619123e+00
-3.811687767647108149e+00 8.539040041095649514e+00 4.097961312929438549e+00
-4.037622646495974799e+00 8.545422476978870918e+00 3.778044649480076789e+00
-3.667205141283518710e+00 8.496155280959445832e+00 3.965027845361874359e+00
-3.026203496497689827e+00 7.962200883117002803e+00 4.445488182205094674e+00
-2.815019468802527403e+00 7.450293747366173669e+00 4.650475758656103409e+00
-2.918998981579880247e+00 6.885650423169364487e+00 4.406687948108638508e+00
-2.895797718628072115e+00 6.884545493252877790e+00 4.276813511317484995e+00
-3.242808704734977177e+00 7.190010864136145763e+00 4.075068132787503572e+00
-3.234318986369000282e+00 6.996310642124283774e+00 4.240535360907984774e+00
-2.906346989182687413e+00 7.341065133570964463e+00 4.747280225482718663e+00
-2.962274304197065611e+00 7.467392700999155863e+00 5.147563878471771659e+00
-3.369490596237265212e+00 7.022877351694081227e+00 5.687084324311186379e+00
-3.490802526733924882e+00 6.917516951021238647e+00 5.423350804381927404e+00
-3.811533395818421432e+00 7.471442076926414266e+00 5.201083401026409092e+00
-4.100138420622180035e+00 7.520969741341964721e+00 4.925085574480656092e+00
-4.126449668995446629e+00 7.625457078573322889e+00 4.871703995705344070e+00
-3.646201017421814683e+00 7.297305180272580571e+00 4.900466034222076495e+00
-3.986598450132547544e+00 7.574668663244578326e+00 5.370184187318915114e+00
-4.052076258859863778e+00 7.064265572318280562e+00 5.470757309177456840e+00
-4.075191640250903191e+00 6.622128667686910219e+00 4.755174489111047009e+00
-4.505985679979330527e+00 6.738919215275425145e+00 4.720664992557223272e+00
-4.711716191825122024e+00 6.680272816122969637e+00 4.503211614153438624e+00
-4.532046204270926637e+00 5.929629503497428011e+00 4.807450028800021258e+00
-3.800495300960373690e+00 5.715852010692175078e+00 4.900259743634287624e+00
-3.076735614625956572e+00 5.504009325741493264e+00 4.534898506970848509e+00
-2.899461848603348546e+00 5.341034993704976586e+00 4.467830922736844457e+00
-2.510811770900428286e+00 5.366068924592509504e+00 4.745970183809921750e+00
-2.396454026779426982e+00 5.686764983875820967e+00 5.030180142837345159e+00
-2.202049545589778390e+00 5.921450874270057341e+00 5.266657784804233522e+00
-2.130642617726793198e+00 6.127205745888321786e+00 5.516345395713767807e+00
-2.542151135269771878e+00 6.460822289337014190e+00 5.575658270761481461e+00
-2.542035667427537060e+00 7.116750321423102932e+00 5.112734255481404588e+00
-2.372424196503885252e+00 6.660472732094421033e+00 5.012244076620198108e+00
-2.254775318492086456e+00 6.328785232834208685e+00 4.855085313356489962e+00
-2.272070043280717044e+00 6.808454950084502855e+00 5.074042658413224771e+00
-2.563289670451041502e+00 6.418362280749956739e+00 5.318890445614786522e+00
-2.022595102658237387e+00 6.403205667726104444e+00 5.659257375775678334e+00
-1.721026672550947323e+00 6.611281818535632127e+00 5.339186572515927764e+00
-2.100137534928251615e+00 6.630783142953711184e+00 5.388500129177091758e+00
-1.834169636716194818e+00 6.589573527859231561e+00 5.357322464154819386e+00
-1.962524170522779610e+00 6.586636980300728972e+00 4.851153998206255480e+00
-1.822370444543580437e+00 6.912235001461953132e+00 4.912910525974198528e+00
-1.534547270310939515e+00 6.765775703590861667e+00 5.432770066556803279e+00
-1.449480525693716215e+00 6.792749669194120266e+00 5.662122554638477467e+00
-1.421489442510835977e+00 6.412935613864969575e+00 5.659805374759661056e+00
-8.017048208490399341e-01 6.521178754106054853e+00 5.551794813243068560e+00
-7.395319986779890220e-01 6.624919931421104025e+00 5.632243993456153675e+00
-7.559196867387268925e-01 6.111351288700799245e+00 5.273226418092155754e+00
-6.173822684084604440e-01 5.462259122128818589e+00 5.261929400136182267e+00
-9.956208813614511044e-01 5.969630339808490227e+00 5.168384654861063687e+00
