4.156582703781674049e+00
4.046485838155451376e+00
5.093698755833703906e+00
5.304321982197002683e+00
4.730285653154159498e+00
6.025233660131580571e+00
5.448481449204461313e+00
4.097317839682064644e+00
4.515261341955524976e+00
4.017375585815034178e+00
5.208643111319285701e+00
1.860224829860486429e+00
4.565035660268071283e+00
3.574900249910867078e+00
2.696311652539564285e+00
4.744685233943823022e+00
3.993132534496746544e+00
3.130579702851036039e+00
5.555166463453780956e+00
3.745465630410145241e+00
3.581378248917883589e+00
4.575210547376895143e+00
2.930178291017066172e+00
2.985152837363270084e+00
2.182748818290780157e+00
2.902559479204406934e+00
4.185348487947680773e+00
3.710820048907588653e+00
4.035541628582937079e+00
3.259736074012882234e+00
2.038723217432875323e+00
2.262144661874804008e+00
2.315552268946640790e+00
2.158295517665575591e+00
3.613483739113682702e+00
1.234824971115964676e+00
4.674828365523300278e-01
1.160310048542754213e+00
2.602480849272036156e+00
-7.817681429649470104e-02
-5.042660845305579898e-03
2.105188597515069038e+00
1.491947716004691227e+00
8.463434605170259140e-01
2.784294619360847101e+00
2.738530781654388235e+00
2.060258427579460871e+00
2.615897870532752023e+00
2.780058316251305506e+00
3.995997958162439190e+00
3.687123279992635450e+00
1.423942547996154051e+00
4.186964971567143756e+00
2.409831589550154973e+00
3.784565155984371820e+00
6.336566099229958837e+00
5.759848300442371283e+00
3.766281393756472085e+00
3.450003539224588689e+00
4.213105370057153465e+00
3.996958254070215766e+00
4.362646867766883929e+00
5.096197151167173089e+00
5.217529140558922585e+00
4.796585778469325767e+00
3.119822087442075009e+00
2.763823063426069204e+00
2.100021024402801473e+00
2.986770091054092635e+00
3.154076403570731379e+00
2.379510990676623194e+00
1.336368395936671227e+00
2.083224759996638475e+00
3.215153347952276697e+00
7.380728347956608815e-01
-4.396764686573630954e-01
1.082711145821442678e+00
2.049756368370772908e+00
1.744326846880531523e+00
1.823228613789290797e+00
-1.146611714229841539e-01
4.958164258463018115e-01
8.378148724457812335e-01
1.126112642429896837e+00
6.926175490315573668e-01
8.401462424395784723e-01
1.148382912895820063e+00
-4.998553541221690821e-01
-1.178308579854655314e+00
-1.933026717768136393e+00
7.889921541143198880e-01
-6.914507663532560855e-01
-5.100185510577679437e-01
-1.081110475941273741e+00
-1.298548582438773025e+00
-9.224080868997388549e-01
4.231134894419836812e-01
2.057309650675929191e-01
4.637310030086494450e-01
1.485150455699963956e-01
3.117239218697234193e-01
8.355744031704093189e-01
2.711663359778739846e-01
1.567336832159833548e+00
-6.845994052138415498e-02
4.478301298444380407e-01
3.040958165631422183e-01
7.012473508085954599e-01
1.543926741241454348e+00
2.074721402910570944e+00
1.400677788311690541e+00
2.256176811569308160e+00
1.412793360438509005e+00
7.830221331031350651e-01
1.192356470299240634e-01
1.173150893635966696e+00
1.429489454718020358e+00
2.326254977770283894e+00
1.411796550820366924e+00
1.861676295450851448e+00
2.029781609750487714e+00
4.114413456090291632e+00
1.007361290183400815e+00
2.465189173676674894e+00
3.723591932898829171e+00
2.302610344849819413e+00
3.107181238659694866e+00
1.334100694129862763e+00
1.603213480667935453e+00
3.332527854216328134e+00
1.128035953117086709e+00
1.083010417802823699e+00
9.792302308468689986e-01
8.056136774907289855e-01
1.676477844570886777e+00
1.435558492120771135e+00
1.827142691062363156e+00
2.170300444572475840e+00
2.175669784172880483e+00
1.907873137705560218e+00
1.853654759154886200e+00
1.461033310381956607e+00
6.420850227588088543e-01
2.534254504100980743e+00
2.289011981786586158e+00
2.375898741151983184e+00
8.354931864687644705e-01
1.433804483780100725e+00
8.466174701853548257e-01
5.702239817567682501e-01
1.273740993441318636e+00
1.573441085710052256e-01
1.155319177580235390e+00
5.751849610034240889e-01
1.474539175965868587e+00
2.387073943080968430e+00
1.777948853257135031e+00
2.850055261752808988e+00
1.948360634007167747e+00
3.728424906548442053e-01
1.897264312361115923e+00
1.621570310292168582e+00
2.396992608560156501e+00
1.926655109296463664e+00
1.398788824909380502e-01
1.879758521140225902e+00
2.587970933112989425e+00
2.903696523697263387e+00
2.047645051817884809e+00
4.298233433201819942e+00
3.327778200079454685e+00
3.153096407851630367e+00
1.981787574793993256e+00
4.066778957651316695e+00
3.849263853294929039e+00
2.888801239421456390e+00
2.498495845471579990e+00
2.571633866872621965e+00
1.690729684197064486e+00
3.665437331139611565e+00
2.138533437160755390e+00
2.289598066376402397e+00
3.503031964970039880e+00
2.561266251070297706e+00
3.603267524649173659e+00
2.008330968354251844e+00
2.386055551678010200e+00
3.403605024948167301e+00
2.910065367249122126e+00
3.927487403075974992e+00
3.601606018445005386e+00
1.896121802801607803e+00
2.464671345384908729e+00
3.529297168616472469e+00
3.337425327120584484e+00
2.943447557063186615e+00
3.906544826591104691e+00
2.920501138660927865e+00
2.803181706509594751e+00
2.192882883356867652e+00
3.910511607621351082e+00
3.895494028398629904e+00
1.794571392851523228e+00
2.540463351778681211e+00
2.616727665134778391e+00
3.095501805339460066e+00
2.754273702510094957e+00
2.185214612025777825e+00
2.728460000438349020e+00
3.094959959415615192e+00
3.552397443590353809e+00
4.568782435879487736e+00
2.650178451310400973e+00
3.056672985558381406e+00
5.138537630939604917e+00
3.331644477606497290e+00
3.931481307426609728e+00
4.157681894425192759e+00
5.389965167731237905e+00
3.736025442145448405e+00
3.872142411894947678e+00
4.680399462561847024e+00
5.370059229631702458e+00
5.310843603302997096e+00
3.930623945937625319e+00
6.204940326747137469e+00
5.373560130566602311e+00
4.155290497647466275e+00
4.751489139002977424e+00
5.090572978370079937e+00
5.130330277604942424e+00
3.422290423626813904e+00
4.619413359112416906e+00
3.259936303392974466e+00
3.183002354275177748e+00
3.421051257199592133e+00
5.237358834281825359e+00
2.400856803274689533e+00
3.028769041111006199e+00
3.755972168817008239e+00
2.788351665054741968e+00
4.323010873799915998e+00
4.351739705501796784e+00
3.312635460091399864e+00
3.583947625742758714e+00
2.244753749737413706e+00
2.591789073557750900e+00
3.027879453488652395e+00
3.218583416200227365e+00
2.303994127054045826e+00
3.885674252065566048e+00
4.292238645480102477e+00
-7.446586602399424493e+00
-8.395880279585174577e+00
-8.050745316226823434e+00
-8.577357164775765597e+00
-7.378098835392164823e+00
-8.080180686894454567e+00
-8.570573620777896195e+00
-7.871275416671830172e+00
-7.752425588258928357e+00
-8.063164959673272847e+00
-6.711392647723304350e+00
-7.730754449514114057e+00
-7.029438112933952709e+00
-7.290767942806827051e+00
-6.610146744386273809e+00
-6.729505582384878615e+00
-5.083695970496362904e+00
-5.192398736936602255e+00
-5.278857989686596142e+00
-5.777809320280472782e+00
-6.304879010986173427e+00
-6.989153397468008677e+00
-6.150425383259236156e+00
-6.653564455658321997e+00
-5.979740192770734097e+00
-6.613365435766041855e+00
-6.044317674495717441e+00
-5.103949548481866216e+00
-5.205566237040429201e+00
-4.947365953039592590e+00
-6.926956377966774880e+00
-4.795212230007426690e+00
-4.955818772208054668e+00
-4.770204607854115153e+00
-5.817332638992786187e+00
-6.442891371542859069e+00
-5.687662531600453875e+00
-6.133605785770505747e+00
-5.862972856985599890e+00
-6.676339997833286688e+00
-7.079479298123883879e+00
-5.641835437722508395e+00
-6.424847409060716608e+00
-6.759578750275894166e+00
-6.469362728961872477e+00
-5.958717852307227503e+00
-6.296676565942084913e+00
-6.718348530387470596e+00
-6.910420086938104944e+00
-6.426166289379293239e+00
-5.344423078371415059e+00
-6.527458440293218978e+00
-5.355434177165415477e+00
-6.609906622220051098e+00
-5.152310119931385657e+00
-6.327950652591415093e+00
-7.233963957671020850e+00
-7.785507458437088246e+00
-6.732733067061724697e+00
-6.651197311666333434e+00
-6.115657310368263211e+00
-6.831664981959962191e+00
-6.431466582913851759e+00
-6.723995846182598157e+00
-7.047315593637760500e+00
-7.276308428146743168e+00
-6.309560404639334763e+00
-6.489423344710162134e+00
-5.464068770942289710e+00
-6.419148540748938814e+00
-6.747330347399500994e+00
-5.986977895700736241e+00
-8.121543384318757219e+00
-5.626416408550936055e+00
-6.936843939474174547e+00
-5.868222963316727103e+00
-4.618842589887424133e+00
-5.457909225473478010e+00
-4.608784974063153683e+00
-3.936396722240949053e+00
-4.918769195750851253e+00
-6.047123225845123962e+00
-4.926756646925025684e+00
-2.773504571274576946e+00
-4.508234526081769999e+00
-3.191304967555292027e+00
-3.661103291702038742e+00
-3.503534379020477374e+00
-4.511876838466624129e+00
-4.299112713859371659e+00
-3.558507322513370319e+00
-2.317884084566546932e+00
-3.113752655062796304e+00
-3.385246080382114275e+00
-3.664853781193393445e+00
-3.500725562474214847e+00
-4.507861426572265628e+00
-3.340256286112256667e+00
-3.419820986656806561e+00
-2.076712525710301627e+00
-1.969034802932466910e+00
-2.727117893523426595e+00
-2.618794684208558543e+00
-3.336959909608142372e+00
-3.089662057428817832e+00
-3.555629722065158482e+00
-4.066877021105335999e+00
-4.244336780608936266e+00
-2.528259642635370064e+00
-5.220121321197018993e+00
-3.924801725661036134e+00
-2.658193023633012242e+00
-2.690313642482210277e+00
-3.336143123559619283e+00
-3.151923836673263146e+00
-2.545799716587638706e+00
-3.040639372933036988e+00
-4.021164397721367578e+00
-2.366169584873398790e+00
-2.538181030638668290e+00
-1.856710806709239048e+00
-2.562018288345584871e+00
-4.513670579676476002e+00
-2.739791496368664703e+00
-3.924730822180267253e+00
-3.374765377645420728e+00
-4.239438357483906294e+00
-3.538408697907190259e+00
-2.813573433203663932e+00
-2.619272731685375444e+00
-3.662494032267603394e+00
-2.698758486160171444e+00
-4.197737388658749680e+00
-2.559458356157831460e+00
-1.867262592815734923e+00
-2.499907942073716693e+00
-1.220065996189513946e+00
-3.537890262434386202e+00
-1.208533511929068549e+00
-3.949392674772001399e+00
-2.424570237313172338e+00
-3.511024572488866902e+00
-2.383250908237212862e+00
-2.644847445486210979e+00
-2.665006625387614569e+00
-1.349503010218749299e+00
-1.412533454685595213e+00
-2.186152576470328679e+00
-2.258014161465908831e+00
-3.225248505996566983e+00
-4.404370060186137081e+00
-3.403224307683231586e+00
-4.956559631065722726e+00
-3.782399575435106076e+00
-2.511857011719794475e+00
-3.367533225915600781e+00
-3.669104764681136110e+00
-3.381697110444424226e+00
-4.419123460503577405e+00
-3.913276605291703625e+00
-4.349204877961344806e+00
-5.236861578858277966e+00
-3.352986129629436540e+00
-3.058619324578177423e+00
-4.059035573323567903e+00
-5.647501331821182191e+00
-3.628716445857633754e+00
-3.835725781195343131e+00
-2.495385188537211363e+00
-3.204865591394081559e+00
-3.270012824647650085e+00
-3.536672996856315976e+00
-3.865583321693120133e+00
-3.320856896841164918e+00
-3.661578916984808973e+00
-2.264923048284973373e+00
-2.351639980762270987e+00
-4.050535900635082065e+00
-3.301865383705249180e+00
-3.325525224760136567e+00
-3.318009718630051452e+00
-3.537836933781207893e+00
-3.984924754987186901e+00
-2.728051978721678594e+00
-2.908252636933863045e+00
-3.680061572501361233e+00
-4.126107594701185377e+00
-4.766554088476430806e+00
-3.496207579930332265e+00
-4.122795702363854176e+00
-5.245017066503659287e+00
-4.029249660171058345e+00
-5.715799523828146711e+00
-4.911832262005543015e+00
-4.834061046941340756e+00
-5.831411708102351099e+00
-4.901846179797906267e+00
-5.461098834987803130e+00
-1.781472179406428546e+00
-4.144147033766173216e+00
-5.133398675763566565e+00
-5.565532107758648372e+00
-5.433152765464130951e+00
-5.210192168295995074e+00
-3.805198913476526279e+00
-4.773153756533103476e+00
-3.337016008723702853e+00
-3.992142964374097769e+00
-3.913812676665673784e+00
-3.732572757793334972e+00
-4.046323924552973850e+00
-2.441027253786948403e+00
-3.570150459232061202e+00
-3.893645311065057513e+00
-3.242972174382939610e+00
-3.833491936876253448e+00
-4.006659376727824906e+00
-3.961376396324754801e+00
-3.832859899529027281e+00
-4.172430512407430570e+00
-4.732146481463351151e+00
-5.799933448281310078e+00
-4.823201017741821417e+00
-5.274818116712278737e+00
-5.714126936601639173e+00
-6.102996548202590077e+00
-5.659705506261727415e+00
-6.463470697210704330e+00
-5.887661078618012134e+00
-5.778807544716682898e+00
-7.653511266377808653e+00
-5.553608559289246571e+00
-5.080500963672623271e+00
-4.355475259909158403e+00
-5.668897574241263726e+00
-6.778813327006560030e+00
-6.554008655809674622e+00
-8.195709921911610962e+00
-6.481665727973934032e+00
-7.904588141351743147e+00
-7.127662234972657274e+00
-8.177169295486105938e+00
-8.809866285851983392e+00
-7.838665140984145907e+00
-7.928826825026191294e+00
-8.105008020935422053e+00
-9.619508598649071374e+00
-8.413861631662410190e+00
-6.852706085076486708e+00
