1.767215893416289874e-01
2.040742646224950607e-01
2.221912266879511599e-01
4.169201732133234195e-01
-7.205913598095115002e-02
-7.875453781516546237e-02
2.048644693364062852e-01
-3.333519285716184943e-01
-7.516359413732176531e-01
-7.997390266506739787e-01
-7.639548839323374585e-01
-1.521127307803561424e+00
-1.467688589034380708e+00
-1.465466867927489591e+00
-1.787727116148090545e+00
-1.710588424081451286e+00
-9.840152039634900705e-01
-1.375765866358268807e+00
-8.995892909308907948e-01
-7.978943242753194776e-01
-1.546311925130512854e+00
-1.191956706076920725e+00
-1.353382369749844161e+00
-1.554549748875498683e+00
-1.475562112814254645e+00
-1.738834142523482562e+00
-1.356934772687375279e+00
-1.257822769434756349e+00
-1.298769438549840949e+00
-1.804018038572723581e+00
-2.249826712730234490e+00
-2.561521743562860109e+00
-2.456154844024939887e+00
-2.533476061720958850e+00
-2.573052485205652218e+00
-3.404318382523090936e+00
-3.466724597782137707e+00
-3.437908025313423099e+00
-3.594005423864539583e+00
-3.641946897876727984e+00
-3.574263151038482356e+00
-3.338742958610219969e+00
-3.490975527252958788e+00
-3.164453861935364376e+00
-2.744176208132669714e+00
-2.573623054823108269e+00
-2.764940089384593236e+00
-2.093373962161668267e+00
-1.796852688993767933e+00
-1.738586377828021279e+00
-1.625270155374216596e+00
-2.047837734020069078e+00
-1.818217677459091242e+00
-1.511459219115304231e+00
-1.045041526885531979e+00
-8.391757655915592640e-01
-8.481922347743255930e-01
-1.111008635030708902e+00
-9.903234546691604967e-01
-1.072656433093928774e+00
-1.172778122344718454e+00
-1.058173481791084392e+00
-1.479870745180652980e+00
-1.284177078467378275e+00
-1.332131909748297760e+00
-1.694739180615760565e+00
-2.086180769919561584e+00
-1.664100501981309765e+00
-2.181650659312910800e+00
-2.081585761177563221e+00
-2.876636303947596396e+00
-2.892861336505807124e+00
-2.948900954796340734e+00
-3.334940190809800420e+00
-3.629004566150857869e+00
-4.072751617714343020e+00
-3.709343156576460743e+00
-3.831804854635503244e+00
-3.907887726067416079e+00
-4.157659969354647878e+00
-4.394231316155702949e+00
-4.525914639478746615e+00
-4.687495290447871277e+00
-4.356496339225643055e+00
-4.730830015408796108e+00
-4.813343721791465413e+00
-4.533047623167863804e+00
-5.053110919931386391e+00
-5.226499362647873070e+00
-5.350012807082237032e+00
-5.319851395715733844e+00
-5.535548693411372234e+00
-5.374988428801644069e+00
-5.583687337850940402e+00
-5.785573606235907995e+00
-5.655730407497538970e+00
-5.859819561325434911e+00
-5.462024789850792317e+00
-5.379389048328925504e+00
-5.153704078083168660e+00
-4.740730503863534118e+00
-4.364720752392311276e+00
-4.397151693894421065e+00
-4.221194766952075739e+00
-3.964309775468699115e+00
-3.753168832178181091e+00
-3.663952681297723224e+00
-3.996933693990895708e+00
-3.590879701130760271e+00
-3.196433646953392049e+00
-3.044095751284993767e+00
-3.235572911753430869e+00
-3.517944105948701328e+00
-3.457198825554150812e+00
-3.570086301639127768e+00
-3.255228560928874693e+00
-2.965581749606883921e+00
-3.206456217357934513e+00
-2.841346925133016121e+00
-2.550688274241828424e+00
-2.436663197507862311e+00
-2.295440738111547141e+00
-2.299114936238177531e+00
-2.506227844142767669e+00
-2.156073913637313488e+00
-2.722159173099252705e+00
-2.704238565401760663e+00
-2.995600826961415830e+00
-2.771703807014141763e+00
-3.218018672156488069e+00
-3.401540791040226441e+00
-3.336498477175887434e+00
-3.931102004880037804e+00
-3.719188138682004041e+00
-3.039456474487247650e+00
-3.109875304425415266e+00
-3.195159131863646529e+00
-3.027531492144436065e+00
-3.267155079019586239e+00
-3.707052215146123153e+00
-3.415369801038528053e+00
-3.266160047213491513e+00
-3.561847647805818085e+00
-3.075407797919579966e+00
-3.486926802563904193e+00
-3.749394184834383470e+00
-3.429784823092422386e+00
-3.387118606482332872e+00
-3.537386060178146607e+00
-3.784180568506239073e+00
-3.581771830123454237e+00
-3.489033803516848220e+00
-3.443667296387957322e+00
-3.076751722724789140e+00
-3.324338282721424953e+00
-2.944680501873113254e+00
-3.116102306028303293e+00
-2.773495082171209880e+00
-3.124029846085168316e+00
-3.485050312511994264e+00
-3.078463315955493496e+00
-3.378631980864765350e+00
-3.159765130640513231e+00
-3.096236169982105935e+00
-3.038417612786048494e+00
-3.094929237586139692e+00
-2.480261102829960596e+00
-2.047962255408812382e+00
-1.990022649382277908e+00
-1.964001506401343633e+00
-2.024647403212617824e+00
-1.595666459044652541e+00
-1.860414511969984419e+00
-1.832279749472942365e+00
-1.889787963973960760e+00
-2.612540678041283204e+00
-2.488275858538761653e+00
-2.613504254116851833e+00
-2.531694747642943888e+00
-2.269319814288932591e+00
-2.206036116957537097e+00
-2.383947066943277182e+00
-1.727150665369236338e+00
-1.843087636819970454e+00
-1.912396629612134413e+00
-2.024693705507949026e+00
-2.298130691137305615e+00
-1.881810771761380341e+00
-1.836835755824161476e+00
-2.295877462428138838e+00
-2.437174613167189197e+00
-2.491864731185974069e+00
-2.373915439381938608e+00
-1.938068466690439307e+00
-2.073306334679868357e+00
-1.853943279939904487e+00
-2.060368485164208341e+00
-2.626383013124568677e+00
-2.120228239322450303e+00
-1.787548677436932687e+00
-1.686971272877436867e+00
-1.663896557207824589e+00
-2.331871041291549318e+00
-2.523238831838562124e+00
-2.444076871360634229e+00
-1.863523701434625313e+00
-2.096732678911618741e+00
-2.435591945554533844e+00
-2.251434911684856210e+00
-1.716106553915545785e+00
-1.260487725866573205e+00
-1.808981511489933247e+00
-1.258090620112052527e+00
-1.019239248551299326e+00
-1.144521155241426946e+00
-1.509144456551833935e+00
-1.393147764687844070e+00
-8.336823831927040462e-01
-7.374721737122291731e-01
-7.530913318913977639e-01
-2.380490437917196500e-01
-1.322065771190515382e-01
3.551703920602933828e-01
1.915532327629149156e-01
8.855115124826203055e-02
6.632407828779436354e-01
9.220865399252397010e-01
3.034239180549597181e-01
-1.608179425277804775e-01
-3.127390256877020658e-01
-9.293268059927747293e-01
-1.142505456130327390e+00
-1.208819478159916416e+00
-1.272602740549453548e+00
-1.558612932517486893e+00
-1.605618673030287713e+00
-1.746756207903047864e+00
-1.988585949217168691e+00
-1.688275245782399292e+00
-1.450394558578863569e+00
-1.604662014396176506e+00
-1.515776098694030294e+00
-1.925978640236871264e+00
-1.589732647021686596e+00
-1.760634357815292095e+00
-1.975103100239333331e+00
-2.067062023846915952e+00
-2.264089574980709507e+00
-2.176263244116162010e+00
-2.374923308660134680e+00
-2.410039960074025434e+00
-2.470083214414209749e+00
-2.712406614551261974e+00
-2.938972221126626039e+00
-3.139791545119630989e+00
-3.052102425671770813e+00
-2.790193530575811209e+00
-2.769530568593860487e+00
-3.240734699221683890e+00
-3.139192844656289338e+00
-3.076605729482505325e+00
-2.950595734200234688e+00
-2.733627121185539188e+00
-2.687273020315642302e+00
-2.326945331220128033e+00
-1.836094959738216570e+00
-1.980001146580556259e+00
-1.663134712543817173e+00
-1.230989214330092008e+00
-1.330894518682887773e+00
-1.236492069896788060e+00
-1.061873216845373946e+00
-1.317112712175162459e+00
-1.788613304228946266e+00
-1.183021565538584063e+00
-8.249365415225325959e-01
-1.101588206054016528e+00
-1.091077348093745902e+00
-1.013508846288966314e+00
-9.079296711325620661e-01
-5.864277562112703013e-01
1.225306412607569673e-01
-1.278399209016801152e-01
3.471458794941928439e-02
4.130224978083023579e-01
7.318247401532174123e-02
-3.063410356979703320e-01
-4.434689501839909620e-01
-5.690384988235883679e-01
-9.883467782615626973e-01
-7.134925268991209046e-01
-1.202361789014751547e+00
-1.515829448443944516e+00
-1.365482749692257469e+00
-1.717412878541815457e+00
-1.656108107054627299e+00
-1.354577882147637968e+00
-1.064463393455800988e+00
-1.262382131485189518e+00
-8.579478465532079934e-01
-1.008243359793440819e+00
-1.024560194893063603e+00
-1.021411917179969153e+00
-1.409379561732973629e+00
-1.474882978454289395e+00
-1.677217020071140707e+00
-1.935855432238059670e+00
-1.796994933970907260e+00
-1.509198878377183028e+00
-1.735414597864150199e+00
-1.354529022365279944e+00
-1.192960040167543312e+00
-1.166700134338921835e+00
-1.079621557491863060e+00
-1.214870146704432718e+00
-1.354442247184964421e+00
-1.507752056324167311e+00
-1.407379147963055965e+00
-1.381932259368189531e+00
-1.178956806685054426e+00
-1.176589717876219687e+00
-1.170922420559266541e+00
-1.492388574912281829e+00
-9.847782390544240760e-01
-1.372746477353304240e+00
-1.055207402699500863e+00
-6.660730072881930752e-01
-5.700763860415222206e-01
-4.645395354646268404e-01
-5.152168604571149002e-01
-3.096532631086543752e-01
-1.246537422842864118e-01
-3.075704131819985143e-01
-7.171347908499631219e-02
3.603844497441913153e-01
1.095374130737394758e+00
1.574239604466055820e+00
1.277223922759366470e+00
1.568207647771745261e+00
1.829358622808724855e+00
1.487800118649688308e+00
1.889267996742786337e+00
2.520585853204734939e+00
2.267943060164122393e+00
2.130489588248150046e+00
2.197921610411765148e+00
2.046195613649466338e+00
2.034059860596067359e+00
1.397550436483396386e+00
1.143932385448379163e+00
1.396890447257026935e+00
1.426247579071511451e+00
1.988350933723782354e+00
2.272443634387286693e+00
2.134492132038792178e+00
1.943646479999675325e+00
1.930299587821148632e+00
1.380616185680724861e+00
1.650207951912372906e+00
1.667312156027899173e+00
1.258949013185637789e+00
1.262548985754139208e+00
1.224751800149117553e+00
1.270300172464360333e+00
1.679657748193080558e+00
1.713624583823850855e+00
1.863427846754715622e+00
2.117681975205501388e+00
1.948559641292216815e+00
2.016701540167646467e+00
2.382950593751715473e+00
1.996049948787789630e+00
1.931296324010618459e+00
1.480487429758514439e+00
1.271847089333158154e+00
1.520569228627439484e+00
1.416279830831713937e+00
1.455784941864451509e+00
1.559153362201831650e+00
1.708445525574198820e+00
1.311638340725344243e+00
1.550929186609342647e+00
1.361418740680577111e+00
1.627175776904330684e+00
1.531975131008530555e+00
2.098191090722694163e+00
2.293366446317128382e+00
2.653452310565471262e+00
2.854092463715043770e+00
2.695732540476178940e+00
2.375954817989326617e+00
1.607332101807846136e+00
1.506592194168638432e+00
1.627652978154155328e+00
2.180759318245209855e+00
1.906143210293478552e+00
2.108212269430008057e+00
2.464562687351492531e+00
2.898794363847157829e+00
2.453479498147833393e+00
2.071018692870199462e+00
1.881140756063084396e+00
1.909686442726792333e+00
1.601808173616812825e+00
1.150697382812778446e+00
9.874201952388771408e-01
1.552790300380661126e+00
1.283659269361003830e+00
9.260203549629901776e-01
1.166662280996100698e+00
1.237341471082820110e+00
8.775503336835350776e-01
9.509518486351633548e-01
6.318003345441514096e-01
9.696417644064166952e-01
9.681960551661091818e-01
1.042819777479808696e+00
4.052177543797905734e-01
9.469314335280735184e-01
1.245988916515892164e+00
1.442048272770562356e+00
1.476152030664531711e+00
1.753175924520735895e+00
2.279130069648143575e+00
1.583289545609965598e+00
1.302900894582807334e+00
1.470821965638174245e+00
1.816001868549437237e+00
1.662926570437431195e+00
1.666510167670023579e+00
1.704931188648893370e+00
1.436024877655933230e+00
1.252310812950346630e+00
1.482524118687347237e+00
1.389716980188962614e+00
1.948022453841248058e+00
1.810728472698747815e+00
1.569689600588024980e+00
1.300299747121895999e+00
6.478328953388029499e-01
7.470981900308037993e-01
1.450797315916108055e-01
2.019380995925922351e-01
3.796099271792054419e-01
2.274157527414777669e-01
1.618370608343970285e-01
1.495922088839915787e-01
-2.788328733878611132e-01
-1.073721305520737024e-01
-3.118986161418381420e-02
5.274752141766370084e-01
5.768414403769041021e-01
3.887646825654413885e-01
4.236370409563239292e-01
1.409729007077235030e-01
6.058327923170632179e-01
8.271706852985249991e-01
7.511531245098539422e-01
1.141545771522433306e+00
1.176288918825228347e+00
1.340439274738169040e+00
1.463192622859057268e+00
1.370916713493314454e+00
1.229215798415463912e+00
9.174757993220853391e-01
1.182132376241056271e+00
1.160873716313548076e+00
1.426907168816970772e+00
8.453070030372755728e-01
9.640512373305599736e-01
8.913677674239712800e-01
7.822877419313761793e-01
1.266227244112638761e-01
-2.404850740498200579e-01
-5.493949164286047182e-01
-8.716921617248779564e-01
-8.108159912465309205e-01
-1.290796234969543210e+00
-1.481773688920007936e+00
-1.258735975568060272e+00
-9.374676801211478949e-01
-1.398046763269891191e+00
-9.838772384413781991e-01
-7.546605858588726345e-01
-2.160071616511755055e-01
-2.042280348586588412e-01
-5.114122281216278987e-01
-1.196518953621855008e+00
-1.540198517016573732e+00
-2.253848828671667803e+00
-2.452192202001772792e+00
-2.481962013179538573e+00
-2.525339302997242630e+00
-2.747549842020918121e+00
-2.531661819055506246e+00
-2.815213283619054874e+00
-3.220642142285488063e+00
-3.434318945459358563e+00
-3.517347303175583306e+00
-2.919393852501150022e+00
-2.854046773122082215e+00
