5.000000000000000000e+00
5.299999999999999822e+00
5.599999999999999645e+00
5.899999999999999467e+00
6.199999999999999289e+00
6.499999999999999112e+00
6.799999999999998934e+00
7.099999999999998757e+00
7.399999999999998579e+00
7.699999999999998401e+00
7.999999999999998224e+00
8.299999999999998934e+00
8.599999999999999645e+00
8.900000000000000355e+00
9.200000000000001066e+00
9.500000000000001776e+00
9.800000000000002487e+00
1.010000000000000320e+01
1.040000000000000391e+01
1.070000000000000462e+01
1.100000000000000533e+01
1.130000000000000604e+01
1.160000000000000675e+01
1.190000000000000746e+01
1.220000000000000817e+01
1.250000000000000888e+01
1.280000000000000959e+01
1.310000000000001030e+01
1.340000000000001101e+01
1.370000000000001172e+01
1.400000000000001243e+01
1.430000000000001315e+01
1.460000000000001386e+01
1.490000000000001457e+01
1.520000000000001528e+01
1.550000000000001599e+01
1.580000000000001670e+01
1.610000000000001563e+01
1.640000000000001634e+01
1.670000000000001705e+01
1.700000000000001776e+01
1.730000000000001847e+01
1.760000000000001918e+01
1.790000000000001990e+01
1.820000000000002061e+01
1.850000000000002132e+01
1.880000000000002203e+01
1.910000000000002274e+01
1.940000000000002345e+01
1.970000000000002416e+01
2.000000000000002487e+01
2.030000000000002558e+01
2.060000000000002629e+01
2.090000000000002700e+01
2.120000000000002771e+01
2.150000000000002842e+01
2.180000000000002913e+01
2.210000000000002984e+01
2.240000000000003055e+01
2.270000000000003126e+01
2.300000000000003197e+01
2.330000000000003268e+01
2.360000000000003340e+01
2.390000000000003411e+01
2.420000000000003482e+01
2.450000000000003553e+01
2.480000000000003624e+01
2.510000000000003695e+01
2.540000000000003766e+01
2.570000000000003837e+01
2.600000000000003908e+01
2.630000000000003979e+01
2.660000000000004050e+01
2.690000000000004121e+01
2.720000000000004192e+01
2.750000000000004263e+01
2.780000000000004334e+01
2.810000000000004405e+01
2.840000000000004476e+01
2.870000000000004547e+01
2.900000000000004619e+01
2.930000000000004690e+01
2.960000000000004761e+01
2.990000000000004832e+01
3.020000000000004903e+01
3.050000000000004974e+01
3.080000000000005045e+01
3.110000000000005116e+01
3.140000000000005187e+01
3.170000000000005258e+01
3.200000000000004974e+01
3.230000000000004690e+01
3.260000000000004405e+01
3.290000000000004121e+01
3.320000000000003837e+01
3.350000000000003553e+01
3.380000000000003268e+01
3.410000000000002984e+01
3.440000000000002700e+01
3.470000000000002416e+01
3.500000000000002132e+01
3.530000000000001847e+01
3.560000000000001563e+01
3.590000000000001279e+01
3.620000000000000995e+01
3.650000000000000711e+01
3.680000000000000426e+01
3.710000000000000142e+01
3.739999999999999858e+01
3.769999999999999574e+01
3.799999999999999289e+01
3.829999999999999005e+01
3.859999999999998721e+01
3.889999999999998437e+01
3.919999999999998153e+01
3.949999999999997868e+01
3.979999999999997584e+01
4.009999999999997300e+01
4.039999999999997016e+01
4.069999999999996732e+01
4.099999999999996447e+01
4.129999999999996163e+01
4.159999999999995879e+01
4.189999999999995595e+01
4.219999999999995310e+01
4.249999999999995026e+01
4.279999999999994742e+01
4.309999999999994458e+01
4.339999999999994174e+01
4.369999999999993889e+01
4.399999999999993605e+01
4.429999999999993321e+01
4.459999999999993037e+01
4.489999999999992752e+01
4.519999999999992468e+01
4.549999999999992184e+01
4.579999999999991900e+01
4.609999999999991616e+01
4.639999999999991331e+01
4.669999999999991047e+01
4.699999999999990763e+01
4.729999999999990479e+01
4.759999999999990195e+01
4.789999999999989910e+01
4.819999999999989626e+01
4.849999999999989342e+01
4.879999999999989058e+01
4.909999999999988773e+01
4.939999999999988489e+01
4.969999999999988205e+01
4.999999999999987921e+01
5.029999999999987637e+01
5.059999999999987352e+01
5.089999999999987068e+01
5.119999999999986784e+01
5.149999999999986500e+01
5.179999999999986215e+01
5.209999999999985931e+01
5.239999999999985647e+01
5.269999999999985363e+01
5.299999999999985079e+01
5.329999999999984794e+01
5.359999999999984510e+01
5.389999999999984226e+01
5.419999999999983942e+01
5.449999999999983658e+01
5.479999999999983373e+01
5.509999999999983089e+01
5.539999999999982805e+01
5.569999999999982521e+01
5.599999999999982236e+01
5.629999999999981952e+01
5.659999999999981668e+01
5.689999999999981384e+01
5.719999999999981100e+01
5.749999999999980815e+01
5.779999999999980531e+01
5.809999999999980247e+01
5.839999999999979963e+01
5.869999999999979678e+01
5.899999999999979394e+01
5.929999999999979110e+01
5.959999999999978826e+01
5.989999999999978542e+01
6.019999999999978257e+01
6.049999999999977973e+01
6.079999999999977689e+01
6.109999999999977405e+01
6.139999999999977121e+01
6.169999999999976836e+01
6.199999999999976552e+01
6.229999999999976268e+01
6.259999999999975984e+01
6.289999999999975699e+01
6.319999999999975415e+01
6.349999999999975131e+01
6.379999999999974847e+01
6.409999999999975273e+01
6.439999999999974989e+01
6.469999999999974705e+01
6.499999999999974420e+01
