4.154365757809176607e+00
5.237363260840495194e+00
4.544972645862545235e+00
7.326778809255561242e+00
8.429678420582217058e+00
8.594883724282478710e+00
9.166617190631249912e+00
8.939980290424013987e+00
9.356860730251277403e+00
9.387992498019343657e+00
1.040485052749038353e+01
1.045704159793013055e+01
1.133728093764296574e+01
1.057414089057569839e+01
1.196781044755952728e+01
1.141957988127327006e+01
1.097490252788165677e+01
1.145947468200230546e+01
1.275127833518407883e+01
1.380377955761166753e+01
1.306464445573434574e+01
1.353028511065091166e+01
1.419562748470526969e+01
1.421737457341053812e+01
1.392145618145171326e+01
1.393171892711458604e+01
1.405857978098934780e+01
1.591164341401520232e+01
1.578301225250501716e+01
1.488552076236302213e+01
1.510437514595425945e+01
1.688605054796523675e+01
1.655980397091698109e+01
1.629811850550893837e+01
1.722919325017828740e+01
1.681866765180287970e+01
1.864422293333993252e+01
1.716457110448509127e+01
1.769328480250297275e+01
1.920251445101994037e+01
1.861551402078090689e+01
1.819818653922039076e+01
1.890158901855055618e+01
1.928859771606551021e+01
2.050616002001507709e+01
1.968142719054166179e+01
1.977282595867323423e+01
2.079172618702941833e+01
1.988467490311276009e+01
1.997235427946649011e+01
1.934793148394388851e+01
2.038590748967603972e+01
2.051841119676859293e+01
2.129499890740608947e+01
2.089374441208029154e+01
2.041241806814300475e+01
2.045987762668104892e+01
2.130444839780870936e+01
2.144075319323594897e+01
2.223457148880248013e+01
2.291503048368028672e+01
2.341311611339422782e+01
2.321685990513763898e+01
2.273100025622917286e+01
2.275273187116306772e+01
2.451580540285040755e+01
2.429943789239945673e+01
2.517705678812767900e+01
2.437278924135706859e+01
2.576188841169512145e+01
2.616801774602143382e+01
2.686509371107558053e+01
2.753220877636168851e+01
2.748128717700589263e+01
2.687967929001595735e+01
2.891816738894464223e+01
2.855590237667436426e+01
2.877097965047244799e+01
2.855259654654944512e+01
2.996719884266342149e+01
2.978314669550542604e+01
2.918108246303134834e+01
2.962962227220151945e+01
2.977732438034631812e+01
3.079768302854721895e+01
3.099149258755905478e+01
3.177264854314812581e+01
3.247265025554796836e+01
3.065634676533198899e+01
3.366606437060303847e+01
3.288792287642844769e+01
3.210520984134157629e+01
3.339498607475839265e+01
3.236247082681036602e+01
3.418246199060122592e+01
3.424105626503524746e+01
3.502252864669247145e+01
3.374021095511627522e+01
3.557533245527258714e+01
3.389210574225907635e+01
3.433921177761188659e+01
3.625472630571117350e+01
3.484479878145892684e+01
3.532397732946549240e+01
3.623318055924024605e+01
3.656187825391300095e+01
3.672650429146783324e+01
3.669862293992944302e+01
3.629675869660638199e+01
3.705867988871985119e+01
3.796224939671787979e+01
3.866066154728892457e+01
3.675277353636769817e+01
3.654768713816152115e+01
3.705881787482188372e+01
3.802469747525959320e+01
3.747235294626182167e+01
3.841609142556454515e+01
3.900349156952810858e+01
3.975761443976131915e+01
4.011566197215073970e+01
4.070803186088149062e+01
4.070113863125754960e+01
4.162801514660995394e+01
4.114820621591520933e+01
4.225005944834358473e+01
4.268913071085550826e+01
4.287465100234366844e+01
4.275800836929357018e+01
4.367288705393723802e+01
4.384991405984136037e+01
4.433514499085400473e+01
4.446493552577934594e+01
4.437307399526378049e+01
4.504809313065198495e+01
4.565588579919742074e+01
4.739410278146119992e+01
4.679116763635474285e+01
4.696883548878019354e+01
4.776102147772454032e+01
4.701799827904059725e+01
4.882182691003341546e+01
4.812657071872931880e+01
4.954348741124171340e+01
4.863334327370233723e+01
4.901373257901875746e+01
4.919580587291729046e+01
4.958879457142357694e+01
5.052571312013348148e+01
5.104400381286689736e+01
5.068196016557769923e+01
5.033728069619363055e+01
5.132532660643536815e+01
5.126504106563564989e+01
5.276245701031239577e+01
5.167806906081607821e+01
5.332744178374277766e+01
5.279601610760530406e+01
5.332843328281447981e+01
5.384661229118032111e+01
5.422110627888627477e+01
5.318080219380658491e+01
5.587720850361905889e+01
5.539182661758791681e+01
5.497026894228686444e+01
5.523552965952229243e+01
5.585299324222882689e+01
5.733523270365643754e+01
5.586948091814850414e+01
5.777122934478631322e+01
5.636738927814120359e+01
5.698630714871077174e+01
5.737904304024861091e+01
5.677205149401974893e+01
5.639235413866524027e+01
5.722087502844782136e+01
5.754744197028444574e+01
5.839061345862827324e+01
5.943043422721129332e+01
5.864460049263175989e+01
5.961575983877465745e+01
6.067509155722436276e+01
6.143743693645586745e+01
6.105924050725982966e+01
6.175800625501972974e+01
6.214973915704649698e+01
6.243727300536878744e+01
6.342688066192273766e+01
6.359100816297038250e+01
6.356742623207168918e+01
6.279999368930128867e+01
6.314691800906963692e+01
6.377860677714323145e+01
6.440712137776718293e+01
6.399604365907863723e+01
6.468333239768720944e+01
6.508094755202071724e+01
6.539599928252283689e+01
6.498221195748895695e+01
6.619854080808690355e+01
6.687473300847499047e+01
