3.938244635919308401e+00
4.143879695189609969e+00
5.576808188301095370e+00
5.245188857080247402e+00
5.237437304552401862e+00
5.921814191744439348e+00
6.523366358402019394e+00
5.030766578381299148e+00
5.147646863769621106e+00
4.986067625050849550e+00
2.963165741398228192e+00
4.421652282123442745e+00
3.169442240699385849e+00
3.688348502417965413e+00
1.409157404739296737e+00
3.562154465157230110e+00
4.511490393974595392e+00
3.230502486148447705e+00
3.488286115400409226e+00
2.326447926277345424e+00
3.925793379272642269e+00
3.261079816630632511e+00
5.139945007011252898e+00
2.810231218834954525e+00
3.290893907522853823e+00
3.801216027642238426e+00
5.416275734598720248e+00
3.939507240837693658e+00
3.594629673825787020e+00
5.990527330008377227e+00
4.493192609935740656e+00
5.071261803035625348e+00
4.497473871562020165e+00
4.204132472659081188e+00
4.871419099457410695e+00
4.874108310041388670e+00
4.574088761093318745e+00
3.327556720980238136e+00
4.355334824067363719e+00
3.613284387550769861e+00
4.819659726849971015e+00
3.807372878772653735e+00
6.399899355819647973e+00
3.327752055359305849e+00
3.725477945524196421e+00
4.585883029186064164e+00
4.647145594169176164e+00
4.312168715254463436e+00
3.528615792941386609e+00
4.802475228907071347e+00
4.529641735415670389e+00
4.126311878207995498e+00
4.553369699111516233e+00
6.110744055563936961e+00
5.597494584319644417e+00
4.525756576470737258e+00
4.706438502325573481e+00
5.692884367018002045e+00
6.105963072297959648e+00
5.936522441141329764e+00
7.330268984493773843e+00
7.559119199799116728e+00
7.988450363926790310e+00
7.473795760156044743e+00
8.112378116874509715e+00
7.974455010802463661e+00
9.286816561014365590e+00
8.491845186823603342e+00
8.168724497418880404e+00
8.119008138577196831e+00
7.625343102967470088e+00
8.843191246611327827e+00
9.014836243519090075e+00
6.879959335571648182e+00
8.092482205029364550e+00
8.046066106093070047e+00
8.079276285208560893e+00
8.396364217968741883e+00
7.717263386706623152e+00
8.338907632967249128e+00
7.806327580407767641e+00
7.877823110964558673e+00
7.764357397270729599e+00
6.569801952871697992e+00
8.717765537418422639e+00
8.848146762436856605e+00
8.768825141236039400e+00
8.941388004502275777e+00
8.796842105103088727e+00
9.436649180800301906e+00
7.531300119482335020e+00
8.815663067293296962e+00
8.861106243935116922e+00
8.892480049040957013e+00
9.119308841540195942e+00
8.123510167484358391e+00
8.995998939312150000e+00
8.347539706118352498e+00
7.891149036106358317e+00
7.545208905601638705e+00
8.006677105916011783e+00
9.429694896084626521e+00
8.518085503824167404e+00
8.319482111089767429e+00
8.025650417749616850e+00
8.363193832637060510e+00
9.543919992974389643e+00
7.561970904521025716e+00
7.268267954293406774e+00
7.398186743997550607e+00
7.853440623218082450e+00
7.716393414708432097e+00
7.490923117567860778e+00
1.009681797501441913e+01
8.961964419060167941e+00
9.503981203888194784e+00
9.464653548201194866e+00
9.671408302457040307e+00
8.595665196421801824e+00
8.081280766154460338e+00
9.586798530054718270e+00
9.799764875520240892e+00
9.691398275271962959e+00
1.024372689758775046e+01
8.607846371405944552e+00
9.644895590624674497e+00
1.121084841037136037e+01
1.117858860552698275e+01
1.018186408896311690e+01
1.125922398659272261e+01
9.947245479204726237e+00
9.706421610033062919e+00
1.042379784964388989e+01
1.050355375339235664e+01
9.696626695175336152e+00
1.002224102921894300e+01
1.128388852007491039e+01
9.779339309179171380e+00
1.032942418716682909e+01
1.040126133682761633e+01
9.584435556852451299e+00
1.144760029188445039e+01
9.910098298934467920e+00
9.363714492229146202e+00
9.907353424008302767e+00
9.743170134329060872e+00
8.684117612705115619e+00
9.220272330998749766e+00
8.667644174969296955e+00
1.017612415999381525e+01
9.767543956681294048e+00
8.642939392558513845e+00
9.190681895326891393e+00
1.085151246234005029e+01
1.003576611864425772e+01
1.021663605220663840e+01
9.454073722190805995e+00
1.153601209759854918e+01
1.115756556726390514e+01
1.085072938095650485e+01
1.146130636312829587e+01
1.212609437742015395e+01
1.237753611661445419e+01
1.113758891594030764e+01
1.208306310135390760e+01
1.137697554723170690e+01
1.242399264355607613e+01
1.044124658586074794e+01
1.106846670863434312e+01
9.738479877777638904e+00
1.180235046763237250e+01
1.177708701284058002e+01
1.210119767793864298e+01
1.070899702311828072e+01
1.034052856228495720e+01
1.041540681954231218e+01
1.197964535852765167e+01
1.133023503437748047e+01
1.209406744722772231e+01
1.124811928729727484e+01
1.084202998690795283e+01
1.049113957215154613e+01
1.132207458371414432e+01
9.781970660402574680e+00
1.289278862552533589e+01
1.252635464424967893e+01
1.263878048133954302e+01
1.084338953161167396e+01
1.077272006228235135e+01
1.051130048132422345e+01
1.075482546730341404e+01
1.273041304855310685e+01
1.377889007989832848e+01
1.203575640871681962e+01
1.259401022262234626e+01
1.236667510286804017e+01
1.063387185087752229e+01
1.178087839002379589e+01
1.132314617486767006e+01
1.096803111288758181e+01
1.201639620211695281e+01
1.059714346515117356e+01
9.596090487324465457e+00
1.024564768362281342e+01
1.068547660171983615e+01
1.057302017915393932e+01
9.705045506360134411e+00
1.210423408262501610e+01
1.000917546249337775e+01
1.028856767026517716e+01
9.639869948092997021e+00
1.064157900389087885e+01
9.725847224203974406e+00
9.869292009889846895e+00
9.369560068702885047e+00
1.025040634509713655e+01
1.071406380823743731e+01
9.743307091721559843e+00
9.731270210958211209e+00
9.081481267764953458e+00
9.153861200382756635e+00
1.091477764414094409e+01
1.022261497156473276e+01
1.193825711240097931e+01
1.052859305359321240e+01
1.027186456060760023e+01
1.000208115159218991e+01
9.464992173179815893e+00
1.012717159747231221e+01
9.770808775796371748e+00
1.020327588743391267e+01
9.735475830530575081e+00
8.474673669577658330e+00
9.423213792204142791e+00
7.841707227551989234e+00
1.080424412176648730e+01
8.829390514360543563e+00
9.583948395500987871e+00
8.686456616649367746e+00
8.382274567875310112e+00
7.202491092546999596e+00
7.980400776131546081e+00
7.613652103185981623e+00
8.821449348587611539e+00
7.459730339581561509e+00
8.016094575370159347e+00
7.551190613718972600e+00
7.794606829126614400e+00
8.128652563993444602e+00
7.848351473140132484e+00
7.795963274293169931e+00
8.618306774738924148e+00
-1.406139227587432927e+00
-1.739203388453334220e+00
-2.428175637696569744e+00
-1.861494432164336743e+00
-1.647925532402708448e+00
-1.250921314443762533e-01
3.600182244555680811e-01
-1.644887932594449431e+00
-1.684718822633073820e+00
-1.810532242862304741e+00
-2.860583370765982458e+00
-1.682828032773866944e+00
-2.156771274749381462e+00
-2.330379686982402720e+00
-8.641883742390863432e-01
-3.019414783504580146e+00
-1.155748117611154147e+00
-8.190107362006471270e-01
-1.915712252946061067e+00
-4.759361768781045221e-01
-6.846712674012733757e-01
-9.728819822831176189e-01
-1.828516780710349288e+00
-2.474703401545825798e-01
-1.652573022982978479e+00
-6.664340581140573150e-01
-1.051940745848396475e-01
-8.211661425978240558e-01
-1.068117795443370710e-01
2.008506394159645936e-01
-7.722369847428804945e-01
-2.811689716824989915e-01
-7.763804009085966129e-01
-5.239944016520352577e-01
2.566153642803392643e-02
-1.392440745689853543e-01
7.157493633493698937e-01
-4.243452664350408909e-01
-1.233614579828973490e+00
9.938065470902657239e-02
6.744601240229322059e-01
-6.325976917338094196e-01
2.590102395840849780e-01
-7.511415413826592058e-01
1.146934779995176346e+00
-3.105581737740568116e-01
-2.550429554236489871e+00
-6.917861570109868907e-01
4.892234609854471117e-01
-7.488521002314314501e-01
-1.460779268862615332e+00
-1.552701107075954656e+00
-1.350311469381980878e+00
-1.885521187625625039e+00
-1.350384759323812300e+00
-9.274677763905736505e-01
-1.281572642026912234e+00
-2.327311121635969204e+00
-1.147210990121488638e+00
-1.114475870968969939e+00
-1.637906622232529585e+00
-2.459277768153610655e+00
-3.249782696957248529e+00
-2.004670358589037527e+00
-2.655899191962326711e+00
-3.112760698849536656e+00
-2.806179162799184557e+00
-2.538865943789031743e+00
-3.385760937600564624e+00
-3.488310273227531511e+00
-3.130865541260193119e+00
-3.896235213040379897e+00
-3.420552395170370019e+00
-2.973019529964381569e+00
-2.977954802830219627e+00
-2.932240914867668469e+00
-3.281917813820292906e+00
-3.214845848530091921e+00
-3.600209109242877847e+00
-5.251188059633430605e+00
-4.116184616620814474e+00
-5.248438564290432318e+00
-5.060654949332548114e+00
-5.353516974562570141e+00
-4.937091600292637494e+00
-4.890730123300619070e+00
-4.716334527771847362e+00
-3.512763427773816893e+00
-4.374340415133259441e+00
-2.888234449628009237e+00
-3.767305613646023232e+00
-3.344684440936990022e+00
-5.216223141445591516e+00
-4.926916669735692089e+00
-3.304243316039436440e+00
-4.408313459246413046e+00
-5.888294244662011678e+00
-5.289794032733399654e+00
-4.751117373991017523e+00
-6.624275577612726451e+00
-6.643559031547743743e+00
-6.484324513475960394e+00
-4.216187100146434830e+00
-5.867274973562610185e+00
-4.999046544601973174e+00
-5.913130283261128106e+00
-5.741181134349648829e+00
-6.210146718107986352e+00
-6.432966475779612558e+00
-6.270741012899039291e+00
-5.489017515232045064e+00
-4.608062815344940333e+00
-3.179709700597551425e+00
-4.980883446939214920e+00
-5.316859632752588993e+00
-5.571877444679087077e+00
-6.164353388151042168e+00
-4.372046591913317570e+00
-3.350046698733646799e+00
-4.612467567017311865e+00
-3.870776701939978803e+00
-4.793048664134556880e+00
-5.271193001538129863e+00
-4.603220266111813785e+00
-3.597083968094982431e+00
-2.969133907102170067e+00
-2.649596124447692436e+00
-3.797486515263837070e+00
-4.787044884859521510e+00
-4.407490888446786492e+00
-3.289616578457581042e+00
-4.393222470074369390e+00
-4.018025989110489249e+00
-5.067515236545308888e+00
-4.959135331986924022e+00
-4.920573260109787128e+00
-4.736884630892361336e+00
-3.954091111142303827e+00
-3.737611943427796124e+00
-5.946763852756638435e+00
-5.676892818911235317e+00
-4.689793598646341266e+00
-5.055073663443590881e+00
-6.711794956402837187e+00
-6.104223983451822377e+00
-6.027683088645642506e+00
-7.465770131504144480e+00
-5.370134703358751871e+00
-5.947298619674927345e+00
-5.867555103707466913e+00
-6.274646430259478436e+00
-4.588796782779979821e+00
-6.360922129212178255e+00
-4.717924401794740596e+00
-5.762236046620657248e+00
-4.994895845734433237e+00
-6.506524406543831240e+00
-6.341935469562998584e+00
-3.683484174301796532e+00
-6.031760203608439674e+00
-6.796911713114898390e+00
-5.639767493201618187e+00
-4.972324697854168640e+00
-4.636450045849682233e+00
-3.696594491585353026e+00
-5.013937956545237107e+00
-4.769046949917770561e+00
-4.346317409851005564e+00
-5.752926448918859847e+00
-5.557103187344890394e+00
-6.602468698791559731e+00
-5.874611230443010257e+00
-5.641050170860594015e+00
-7.220681583398247838e+00
-8.359826946112216106e+00
-6.988955731573270214e+00
-7.882285824095479398e+00
-8.362884505470155716e+00
-8.889562539332223068e+00
-9.024678577475572894e+00
-7.024139733030671628e+00
-8.076786249572329268e+00
-8.388041783669136109e+00
-8.932376398101776971e+00
-9.452822629888542494e+00
-9.412314413873197338e+00
-7.539768515105261137e+00
-1.088294728289878677e+01
-7.657970759978385722e+00
-9.538150451450382761e+00
-9.110740272738105716e+00
-8.974785118470478551e+00
-8.918794087901533274e+00
-9.224847967906843138e+00
-9.048533442186643683e+00
-8.864807348778708018e+00
-1.011580821547847719e+01
-9.286647530516738414e+00
-8.492718927392761685e+00
-9.935885944523832336e+00
-1.088246298724713057e+01
-9.741719320877891164e+00
-8.360463579988483218e+00
-7.679225403679346584e+00
-9.800030126626513294e+00
-9.757835959676077309e+00
-9.729271251680366106e+00
-9.071311583310608384e+00
-1.017490977260067098e+01
-9.919394951909907832e+00
-1.053072369058495106e+01
-9.661861016162848870e+00
-1.066768211352512807e+01
-1.032575996730310308e+01
-1.192633181921069330e+01
-1.068640690896436674e+01
-1.203533181520644391e+01
-1.048576294797603659e+01
-1.273227401844892270e+01
-1.215539432760632010e+01
-1.240222859094118135e+01
-1.236967794975985413e+01
-1.259957029689261532e+01
-1.285440755238309052e+01
-1.140088227107588992e+01
-1.162506670060573555e+01
-1.154517670694089659e+01
-9.520273160649743716e+00
-9.770938898423544572e+00
-1.038417556051417634e+01
-9.425121035200454855e+00
-9.578387140627615537e+00
-9.584188285067281043e+00
-1.014155905661218071e+01
-1.016289555957477653e+01
-9.974436864203326536e+00
-9.428723071910539488e+00
-1.015670290955252497e+01
-1.157967764279896983e+01
-1.164044227564993150e+01
-1.071447881759052834e+01
-1.211021600990604163e+01
-1.052238381699041625e+01
-1.184563104821257085e+01
-9.789190474210194282e+00
-1.115633536276701321e+01
-1.074383623081173056e+01
-1.023877777343257556e+01
-1.093910072994427729e+01
