-1.516089426309248644e-01
-1.018265482271587807e-01
2.648099185197569927e-01
-3.837399856620077321e-01
-4.846684149960518440e-01
-8.894632926308376764e-03
3.813379027493715712e-01
5.605862751486183626e-01
-1.360936100529950288e-01
-6.106216970221397533e-01
-1.213580018370807423e+00
-1.255968935374683237e+00
-1.209159665632937086e+00
-1.308472373997510374e+00
-1.914997114412061663e+00
-1.755502969730725393e+00
-1.850417768466512403e+00
-2.142960834808430359e+00
-1.891161900981098487e+00
-1.751402295936465459e+00
-1.143247136657102203e+00
-1.177793788541591002e+00
-1.263999707471366030e+00
-1.178911940797789271e+00
-5.310806647889116938e-01
-1.047792979527143675e+00
-9.387712973691155760e-01
-3.700101523980398044e-01
-6.792629264340451778e-01
-4.622232530137123652e-01
-2.259690843311626396e-01
-3.885539357400523697e-01
-3.623090374954802684e-01
-1.367376638786724219e-01
-1.520360474230332826e-01
-5.471175686592825160e-01
-4.553061646774404503e-01
-6.036180280001891552e-01
-3.169249065920366482e-01
-1.811459061577402607e-01
-3.968580935572031954e-01
-8.206911269911001394e-01
-7.266800717728287839e-01
-5.798054757986658148e-01
-1.127983000558875126e+00
-1.169332901017645865e+00
-1.054700474504563612e+00
-1.185106852376603515e+00
-1.225162917061507928e+00
-1.170650357445098599e+00
-7.881228769178354465e-01
9.468081461428212720e-02
3.388127387453654382e-01
6.867366300372804711e-01
6.951755323188291147e-01
8.605486925973330203e-01
9.792266891312115806e-01
9.570192113114713850e-01
1.135262295444821490e+00
1.252442258538488673e+00
2.023816673378877162e+00
2.179084787682730617e+00
2.613082101299627702e+00
2.995826064422313806e+00
2.790097359507105246e+00
3.059073193981821870e+00
3.514762887760799259e+00
3.807045811604550689e+00
3.797649543230206870e+00
3.411065082093969636e+00
3.510879004700607986e+00
3.473923374295959210e+00
3.121195760626011673e+00
2.965856618693361924e+00
3.127481803896151824e+00
3.498001639725791367e+00
3.184533671245147968e+00
3.214235111491094532e+00
2.942975888383317251e+00
3.145825538606269234e+00
2.829906217595501428e+00
2.703994009060363801e+00
2.903679014118215385e+00
3.241948361407032131e+00
3.429431299191131988e+00
3.466620685815362979e+00
3.562136223474746011e+00
3.948487233673891872e+00
4.167130630284810344e+00
4.051779138263538194e+00
3.433146614830114185e+00
3.269530823597776248e+00
3.594346364390093918e+00
3.618786780475768516e+00
3.893905016641779238e+00
3.769058839342483758e+00
3.480203209189471014e+00
3.745988239435207312e+00
3.727392107198729043e+00
3.582130626084408576e+00
3.379885901580481189e+00
3.215807672722396759e+00
3.366187084865732260e+00
3.478687857200834621e+00
3.837078809835180238e+00
3.761730323160598299e+00
3.382618787755116152e+00
3.047868731534013165e+00
3.292287369559531829e+00
2.665325116784043047e+00
2.854902427166147838e+00
2.917725297136740004e+00
3.358136773500547179e+00
3.854550471298409775e+00
3.841318043029099183e+00
3.870213263476119714e+00
4.163326582473205306e+00
4.372698030167105010e+00
4.831849418674371677e+00
4.480553159635775273e+00
4.527605582574300236e+00
4.369074239517607872e+00
4.443315362182425510e+00
4.374966000609277650e+00
4.508565778917476230e+00
4.842375209203159336e+00
5.138816844561389985e+00
5.197140180596315773e+00
5.325476720427587018e+00
5.466117043090191530e+00
5.464816668493638119e+00
5.652266926032375238e+00
5.407290870643122638e+00
4.801729844525213231e+00
4.642123210043808790e+00
5.040395614145029235e+00
5.493538748984286180e+00
5.510552410072845575e+00
5.806803341434053856e+00
5.670936552009349541e+00
5.300676564690737003e+00
5.288989707995969347e+00
5.167634313066206353e+00
4.950307082175804396e+00
4.747240272415964135e+00
4.700259131328518691e+00
4.381475592012491482e+00
4.179811438729714723e+00
4.428226290413113553e+00
4.354481686615911507e+00
4.257852030405642196e+00
4.096347063139330835e+00
3.957379359396762997e+00
4.228085172241550893e+00
3.974042766777462266e+00
4.733201593615454783e+00
5.343031949068913988e+00
5.666109625952707951e+00
5.864482278054047093e+00
6.412289383312145929e+00
6.374209173653481386e+00
6.264920539441823699e+00
6.451627762435179214e+00
6.645871672166862254e+00
6.696429385589273586e+00
6.530806628497562549e+00
6.439045038252273478e+00
6.631398463789097697e+00
6.296282263788249622e+00
5.589284982826584702e+00
6.251681209865676436e+00
6.232552622511794205e+00
6.305724201295639375e+00
6.320570019951950336e+00
6.350277886128510296e+00
6.660126546298671180e+00
6.260134701962520865e+00
6.335767167952250922e+00
6.189166610280466330e+00
6.023277459773287212e+00
6.016451802177617658e+00
6.025084770697731074e+00
6.296704052652986938e+00
5.941386954431061795e+00
6.809885499934272168e+00
6.974139809121118638e+00
6.940180647381362533e+00
6.370698702532260782e+00
6.389746322746583829e+00
6.518290456849157088e+00
6.571317907014671000e+00
7.090123824852343937e+00
6.983281825647451591e+00
6.824796941905447945e+00
6.957600844254131722e+00
6.574493382551144016e+00
6.389548063724999949e+00
6.386217808823259290e+00
6.310668926576232352e+00
6.305377263674291299e+00
6.087263063413874242e+00
5.961607142988714081e+00
5.695633259387387071e+00
5.488230429697203760e+00
5.636799739137332566e+00
5.479765941905730742e+00
5.451263424343015807e+00
5.766435222095823043e+00
5.278423522065299522e+00
5.539415415343903248e+00
5.706932583331147057e+00
6.049293404311923084e+00
5.227243562133166321e+00
5.027446348542761179e+00
5.134470939337028028e+00
4.855310757117881515e+00
4.444823261816732263e+00
4.159940225032138450e+00
4.349203360446484368e+00
4.117234474922287113e+00
4.432455381682804507e+00
5.492459352270572026e+00
5.257811896761027448e+00
5.811529995153743577e+00
5.165161452453093105e+00
4.835086975653283048e+00
4.446973361166200789e+00
4.587412466358402163e+00
4.626658207632710074e+00
5.067690086731120758e+00
4.615281119963995593e+00
5.123125572180608600e+00
5.215112263758520328e+00
5.100936936175955339e+00
4.858380151282297277e+00
4.687844785090129029e+00
4.486480426199170424e+00
3.589994788736287745e+00
3.066141020765834391e+00
2.770375337746472599e+00
2.651439827504218361e+00
2.622528986648668070e+00
2.221649449521942543e+00
2.760017449237738507e+00
2.738756806015767875e+00
2.581924955745487527e+00
2.644030837759433705e+00
2.542877687392936625e+00
2.701248383055790736e+00
3.070621994261988785e+00
3.473947550101276427e+00
3.488085498674418972e+00
3.937706640115394841e+00
3.197399389886817822e+00
3.409055840396347570e+00
3.517386386848842861e+00
3.593428717321182297e+00
3.404649610079644173e+00
4.045689724546971178e+00
3.733418227715089799e+00
3.450349967131519868e+00
3.258124892430179997e+00
3.195405302288903293e+00
3.190782615757675522e+00
3.170295548326037327e+00
3.164911397575550733e+00
3.561325768296955907e+00
3.324498412660855440e+00
3.463672274081426306e+00
3.881837319515739626e+00
3.656318866875836182e+00
3.890021460045852475e+00
3.575339029487896170e+00
3.393638878201963305e+00
3.680271447657478490e+00
3.619458779939456416e+00
3.749880178080865711e+00
4.099450120804912778e+00
4.127581135643017873e+00
4.150892939625380862e+00
4.551671692580523398e+00
4.451723982407637337e+00
4.453828515231484708e+00
4.366500945257782540e+00
4.501264744916557703e+00
4.537842193002087576e+00
5.034047693730290263e+00
5.040785426302154981e+00
4.661865995743451840e+00
4.790264622594301080e+00
4.660534331495264304e+00
4.421548063015444008e+00
4.924841719758409120e+00
4.934692521280006794e+00
4.961591005112119035e+00
4.682477793468450500e+00
4.643778347663540806e+00
4.267945105637801717e+00
4.019681712086940806e+00
4.208290632025608602e+00
4.475343732566101629e+00
4.450849054537457938e+00
3.839965358285367891e+00
3.867480838964985512e+00
3.579966618032818459e+00
3.526847849800953227e+00
2.842894750237312973e+00
3.064099111443492340e+00
3.411377548689575434e+00
3.473895573391768021e+00
3.108667376469247845e+00
3.291463438368664729e+00
2.763448879837021366e+00
2.629241387347609038e+00
2.347053075173894054e+00
2.637143603111649526e+00
2.513844763339740496e+00
2.258846946393668009e+00
2.122044935198749815e+00
1.704481959079702680e+00
1.805763322734187604e+00
2.105230150536584688e+00
1.516310783433472364e+00
1.379634144371060911e+00
1.431097193035051340e+00
1.459653291281084231e+00
1.830980212596254431e+00
1.732947319244602991e+00
1.633773318731072122e+00
1.733128468035980196e+00
9.897126725488473165e-01
8.606015130015377546e-01
7.544589014769045310e-01
3.676620542963252025e-01
-2.443737193339717839e-02
1.595257473979880269e-01
2.354935398753827958e-01
1.677297963689622362e-01
5.077837848408954802e-01
5.573363048030516298e-01
7.579265342753269685e-01
1.314060675357466401e+00
1.139779574179139443e+00
7.856971254694115059e-01
7.267326989432510986e-01
4.527445710724385952e-01
3.575809538087911243e-01
-2.658449117108894755e-01
-9.746224043958970351e-02
2.319237882986975030e-01
2.959249300737643029e-01
-1.131640400838309635e-01
-3.364101815814248830e-01
-4.849502939042014682e-01
-3.995826233128684790e-01
-4.483014612137733446e-01
-6.528120621870117102e-01
-7.902303925893873204e-01
-1.248929539649738185e+00
-9.253390944575361488e-01
-5.046278909866466211e-01
-3.337248748698420364e-01
-6.054381784841120773e-01
5.900305504755865016e-02
6.345285397508959591e-01
2.509854426607139866e-01
2.913344797131052211e-01
-1.200153784565132220e-01
-3.598527289720943045e-02
1.211921370568518896e-01
3.024188347365848462e-02
2.865751360007885995e-01
3.966051606684204978e-01
6.913644165524368557e-01
1.431354286701671530e+00
1.643990887518002264e+00
1.622655367988951047e+00
1.877274772441104300e+00
1.538304839520021172e+00
8.887570880190442946e-01
6.159739897733240710e-01
4.761211878585014934e-01
9.127597064058219356e-01
6.987386950209584224e-01
7.031053127975662731e-01
9.944120577063285671e-01
8.798773479880069859e-01
1.519253736896816198e-01
1.396944795013543572e-01
3.527795157713541352e-01
-1.753651624592921232e-01
-5.878166449976989227e-01
-9.991524628643583261e-02
1.545257626040585919e-01
-8.117924029090718419e-01
-1.067270261038230084e+00
-7.489101923902719005e-01
-5.847622033328677693e-01
-7.028939354377055082e-01
-6.957570411883606809e-01
-6.452620655442966591e-01
-7.305975609900623446e-01
-1.039652388530405869e+00
-9.366377305114299556e-01
-8.050054503758152791e-01
-6.109216170608047225e-01
-5.479112475907036428e-01
-1.173723637619017879e+00
-1.266111212360486293e+00
-9.601158141058236950e-01
-7.597854900133396150e-01
-9.413550396416303645e-01
-3.557846529749046915e-01
-1.643392101102005010e-01
-1.149956082068281371e-01
-8.448401730213198069e-02
6.873807114521365835e-02
-1.286489757818254087e-01
-4.196852567530890976e-01
-3.782687710094025935e-01
-3.167487308933556456e-01
-6.874402918478956792e-01
-9.678494647251985050e-01
-1.824904299975505406e+00
-1.411889978318005001e+00
-1.569774563423195435e+00
-2.464284030935663505e+00
-2.641552460275150338e+00
-3.489242978581821308e+00
-3.801205954866394343e+00
-3.825996253554589721e+00
-3.890791883742119595e+00
-3.434436495894714003e+00
-3.582745439681309207e+00
-3.894846887313934136e+00
-4.165498096293875463e+00
-4.019205069137695929e+00
-4.208493963053040687e+00
-3.656227315195376804e+00
-3.964163809774672309e+00
-4.398686385933702425e+00
-3.941374733002945607e+00
-4.029501645600860549e+00
-4.291236358648171212e+00
-4.711641696499232701e+00
-4.042522073124208859e+00
-3.536334501442361500e+00
-3.802456131663332073e+00
-3.765031933860256252e+00
-3.798465056238700566e+00
-3.763990200559822252e+00
-3.763402428339811312e+00
-3.998461009057062476e+00
-3.633833889007803020e+00
-3.474703455198550284e+00
-3.613186695217677435e+00
-3.924316734782630434e+00
-3.842018548387020616e+00
-4.319351962516124743e+00
-4.672897569774058013e+00
-5.028032399918058282e+00
-5.228197070846460015e+00
-4.797453097203674410e+00
-5.027324351112584466e+00
-5.514355530955159956e+00
-5.502001420837304480e+00
-5.791621726983819052e+00
-5.962857547828936511e+00
-6.279967769797327293e+00
-6.407650992455885763e+00
-6.917416265967422540e+00
-7.650576516811165462e+00
-7.737130982704625737e+00
-7.658762288779113803e+00
-7.794951750826747627e+00
-7.363539443190085798e+00
-6.267204417566556884e+00
-5.954778150540142256e+00
-5.823416039374615494e+00
-5.419495198390023916e+00
-4.936193179916187113e+00
-5.058987089560510242e+00
-5.095822969476267339e+00
-5.077381577849344296e+00
-4.634503874755428576e+00
-4.761418795561211503e+00
-5.264818957022017187e+00
-5.741326870520415682e+00
-5.566481320540582090e+00
-5.414843987929482516e+00
-6.000690510101587272e+00
-6.013568406581340398e+00
-6.118177426715603495e+00
-6.260832132788713977e+00
-7.017901487591316823e+00
-6.328059505591504319e+00
-5.612165522834901665e+00
-5.355725341125822325e+00
-5.616404926851941148e+00
-5.251831674766365587e+00
-5.822145697003372256e+00
