5.257582338891530149e+00
5.079406044097522610e+00
5.255075336017839938e+00
4.760869210048755740e+00
4.900600889458136322e+00
5.438731777551602420e+00
6.519789638522245134e+00
5.031468539773460869e+00
5.440157361230963495e+00
3.730092688232618414e+00
4.787069469469039440e+00
3.019166920818340483e+00
4.254764815194706173e+00
3.225655520002860932e+00
5.163044958341088453e+00
3.209263859088522075e+00
3.270815358157000308e+00
4.134740954971574567e+00
3.471002865258773884e+00
2.036708595568567315e+00
2.688665465560893253e+00
2.759955211371990735e+00
4.079472206777285948e+00
3.042041371366375202e+00
3.745442041987153914e+00
5.134814491799660097e+00
4.550162650947124021e+00
3.349604816977952204e+00
1.464168908335716335e+00
1.945168971731353835e+00
2.319138733869543501e+00
4.807607129407993618e+00
2.452414550350700218e+00
1.274485968307187633e+00
3.046053433967945701e+00
3.032888553162705669e+00
2.706173263520862626e+00
1.291652693297159260e+00
3.001858656301752415e+00
2.704940497760770501e+00
1.722458875528034117e+00
2.437052992963527842e+00
3.680150697640399038e+00
4.043564032423468291e+00
3.695773453195336344e+00
3.478051921942208580e+00
2.470445198526408426e+00
4.599887909049032331e+00
3.529640761575176366e+00
4.034858777796614504e+00
4.254835882275866510e+00
5.167345799880784796e+00
5.357104484303789604e+00
4.769822715029260252e+00
3.968696476542406870e+00
5.629384898792251235e+00
3.715733284889106702e+00
4.433007613466104502e+00
5.918236614742309776e+00
5.757079309481870411e+00
4.421981894396724400e+00
4.146401578130630483e+00
3.017329962157274448e+00
4.085801901461445951e+00
4.770663177225963558e+00
5.647272158821878385e+00
5.170817689501632231e+00
6.232668026478511258e+00
5.564638380656163008e+00
5.703197614741955412e+00
8.183630769028752638e+00
7.005760118161125760e+00
7.097855952567261539e+00
7.258924331595901336e+00
7.705895801258635380e+00
7.472470944758780931e+00
9.660538189439806800e+00
9.465812767101713376e+00
9.406348621694547774e+00
8.549406060635103444e+00
9.809047871823686648e+00
9.589262321978715420e+00
8.370838895366347288e+00
7.055182886404182341e+00
7.373574077045063291e+00
7.905278702949078529e+00
7.553937003754052526e+00
7.417146461280140102e+00
7.939755024461035759e+00
8.088317676201359774e+00
9.798965771240615297e+00
7.702155986295940338e+00
8.436577572415616899e+00
7.809192615335549981e+00
7.055706176435820431e+00
9.411689861763793630e+00
8.063550098739742822e+00
8.979031974739569932e+00
8.213879520670312573e+00
8.713679047111421383e+00
8.131375550288455045e+00
9.330380736661906482e+00
7.883215701045482859e+00
8.317630420954323256e+00
8.237968967893461780e+00
7.865852725645433807e+00
8.557022230806460072e+00
8.508079967204988492e+00
9.521757803758731598e+00
9.382020616847050576e+00
8.912736591733345648e+00
9.111214583598236771e+00
8.927378524377171942e+00
9.933805808861237097e+00
8.797870954344087835e+00
8.650137010770009738e+00
1.083323644959616061e+01
1.036997021974514155e+01
1.042080815323179088e+01
8.884294524446840313e+00
9.804800707775925162e+00
1.142336618836313278e+01
1.058982365168174766e+01
1.120134491791754527e+01
1.145327840874473679e+01
9.701185505433937095e+00
1.117891358123618595e+01
1.207246499615802904e+01
1.090321334877648951e+01
1.173872435793219005e+01
1.315831820704029909e+01
1.134465636404636868e+01
1.361136792610429680e+01
1.283611671962079015e+01
1.189792708550790579e+01
1.152030141419100318e+01
1.276895552550933033e+01
1.387907838035672370e+01
1.386429901380509477e+01
1.323796936985967676e+01
1.320794325249137557e+01
1.202954742322904558e+01
1.452955286928660072e+01
1.334069200259324539e+01
1.408163670989727123e+01
1.389312833846468820e+01
1.323765437698929404e+01
1.238555561470997901e+01
1.354870491829228385e+01
1.311264983552222319e+01
1.083465245600394411e+01
1.167367058429076820e+01
1.167133782080931859e+01
1.332371840914885475e+01
1.188556162674346695e+01
1.298915954986954802e+01
1.251604185385498624e+01
1.289201717499763156e+01
1.334154694809744157e+01
1.367033184239634025e+01
1.240493996601284898e+01
1.326317240784386797e+01
1.194847363704291610e+01
1.282129650206679372e+01
1.367964349741586716e+01
1.332212968614605586e+01
1.233999849201600796e+01
1.174139327613695016e+01
2.812100384195688640e+00
2.491157968794486699e+00
2.770497944688464997e+00
1.936353880425858875e+00
2.655197443660039625e+00
2.373202851491977405e+00
2.580084064752174555e+00
2.824452476256505307e+00
3.245333430561023746e+00
4.047040390438968238e+00
2.223810303766238228e+00
2.810956549725981191e+00
3.307170195963117010e+00
3.200229018644100698e+00
3.023903657837465175e+00
3.984415646571686231e+00
1.971068006775309023e+00
3.143689450615759107e+00
9.927399346667469260e-01
2.002041945167407633e+00
1.857711393375228504e+00
3.251583078614692646e+00
2.642726673270236581e+00
1.488630548788822061e+00
1.962414756956992079e+00
1.328712090160587778e+00
2.007080662514397318e+00
1.915830752359627631e+00
1.668194870112538197e+00
1.507289915863441188e+00
1.088137518280166027e+00
2.554735721615667643e+00
1.139404984528771259e+00
2.281879124913740231e+00
1.092011399015694550e+00
4.763891027307929349e-01
1.841103187661205176e+00
1.660206744439030935e+00
2.169420726512253594e+00
1.611164209372928369e+00
1.632926745259188017e+00
1.626503113877530993e+00
8.062034389929966238e-01
1.761764025251827626e+00
1.962358116996760771e+00
7.732722160831073666e-01
8.461707013970540814e-01
9.702378591645270944e-01
1.012433101618097631e+00
-2.606820504711535591e-01
2.518333300805204011e+00
5.480464050349693750e-01
6.850881120206313568e-01
7.752131400231601077e-01
6.198476731105104776e-01
4.868281700232355291e-01
4.854838283673039712e-01
7.668293697024495259e-01
4.410670436272923212e-02
1.718035391840301074e+00
2.159827692641871799e+00
1.243824188139341480e+00
2.133189951815130492e+00
1.311691067396856702e+00
1.676078757940920205e+00
-1.146202205484136982e-02
3.464664676143587307e+00
2.468887151014725667e+00
3.529963040579255917e-01
7.638634657185034982e-01
1.671178260837327123e+00
2.450389952804405524e+00
1.867006131919208833e+00
1.084109155632496879e+00
7.288580411392109326e-01
1.351847578143682505e+00
1.195910577264355901e+00
2.480527731074625652e+00
5.313785845514917838e-01
1.409645219604532151e+00
2.263168737299050548e+00
1.154465778387515407e+00
1.045040746826048306e+00
1.624756938134793494e+00
4.306617236597105602e-01
2.593764359066863534e-02
1.129281637503406266e+00
7.975872529232006514e-01
1.946595690920536192e+00
1.054170204775451758e+00
9.229423616368119809e-01
8.655812877523310078e-01
1.370447689786313816e+00
4.372885533457644414e-01
2.421194005884141909e+00
2.451054039292118958e+00
2.294817054827462677e+00
2.307370098689383475e+00
3.287397889077966262e+00
3.339425543571699073e+00
3.116461478512931649e+00
1.842684723495905175e+00
1.298302016915454438e+00
3.123144571839468142e+00
2.468675918092411159e+00
2.999823712065567083e+00
1.256804586326797590e+00
5.438015528129227505e-01
1.267326075208615954e+00
2.780673370456351101e+00
3.218188311426357195e+00
1.260839544297871484e+00
3.569004081964287423e+00
2.441647995355773482e+00
2.581180312095607832e+00
1.693399352458310858e+00
1.898066305707536650e+00
1.643022884900242175e+00
2.219646770201259223e+00
2.860290117852628988e+00
2.292434226156423449e+00
3.167304907233011058e+00
1.867539751813217741e+00
4.419697264570208617e+00
2.568063841147420590e+00
2.325432294279197620e+00
2.310173929514670377e+00
2.166605584480671531e+00
3.225014587731352300e+00
1.369363063611999110e+00
3.325712580332568002e+00
2.646986446006864391e+00
3.983207324023182672e+00
2.765513369017429390e+00
2.901547750562070149e+00
2.682228295434529564e+00
3.820424450245875292e+00
2.193806580067636069e+00
4.138787595980415901e+00
3.599334640585515999e+00
4.014279742098028514e+00
2.421124554933594020e+00
3.936441733329227866e+00
2.615430078183973883e+00
3.158132888598943033e+00
2.905739957778109783e+00
3.370247101790629252e+00
2.323613869044716118e+00
4.474939114279189667e+00
3.952446538088884687e+00
4.930682100029051718e+00
4.287191341876313899e+00
3.745908766485049668e+00
4.371817670054800153e+00
3.915580772233692386e+00
5.657143798516285571e+00
4.761476910447531630e+00
4.933886271056951323e+00
4.284119342899913363e+00
5.349720495718392144e+00
4.790063365908363124e+00
3.812202593115109117e+00
5.577537361686196071e+00
4.009181300291880135e+00
4.485629578988970856e+00
5.349061755731006507e+00
4.601763744943731638e+00
5.016993126429126093e+00
5.475747365566654423e+00
5.222157927283689105e+00
6.061674027848930280e+00
5.812134191359391799e+00
7.430860173543990754e+00
5.686436671800740861e+00
6.570365445355845324e+00
6.810808475907627724e+00
7.242803548523033541e+00
5.532886566898588043e+00
7.285048279444255037e+00
7.089456249420246436e+00
7.408894944153940898e+00
6.771671327636763493e+00
6.764972140548068502e+00
6.108720003892418760e+00
6.486840201052388011e+00
5.778064395693410127e+00
7.199923928284518659e+00
6.709821314126730663e+00
5.462303504196766468e+00
5.357794865497025327e+00
6.723681858806858536e+00
5.837293915233929376e+00
6.802792670634392636e+00
5.602739721240479476e+00
6.306441472494701550e+00
5.979692155427201783e+00
5.950024189383292139e+00
5.028650155570268510e+00
4.947507081069035806e+00
7.362756209447177014e+00
5.628350072991694653e+00
5.122100832845851492e+00
5.933040972094312693e+00
6.272337152533693505e+00
6.794523607045663383e+00
5.366726336571217004e+00
3.787154839266847262e+00
4.739888811623198528e+00
3.841592102590789537e+00
3.269720179218101208e+00
3.942869837940289557e+00
3.904515867353093306e+00
4.618009492492397783e+00
4.549510501305051413e+00
4.322924389994807548e+00
5.093308361257976813e+00
4.838527082366258725e+00
4.738527048356806937e+00
4.391813876970573460e+00
4.051222491742509924e+00
5.116400373124739609e+00
5.212056061700737430e+00
5.757893883342259933e+00
6.044633923544908249e+00
6.187244127614158096e+00
5.474083963565133715e+00
4.915832778594205088e+00
5.326121549029869229e+00
5.792642860486204803e+00
6.462343980558213019e+00
6.762847311969547803e+00
5.632150386400379460e+00
5.530742982238002092e+00
5.132618602779338346e+00
4.770856399562033445e+00
3.853067546277599398e+00
4.123231162320500687e+00
4.258565738230736919e+00
4.401145835482378921e+00
5.118332020841068086e+00
5.678242107374288139e+00
6.538684360933247675e+00
6.286454602016005921e+00
5.464577453215192726e+00
4.900802613025966536e+00
4.992856309980202134e+00
4.145103539020839278e+00
5.552021895348637770e+00
4.657918834509052530e+00
5.640607243997943776e+00
4.626743494619403485e+00
3.627523376156701396e+00
3.193322667966993045e+00
6.046508065621967631e+00
3.988138558407238854e+00
5.437468192616286444e+00
5.464593668836049467e+00
4.171823026408109314e+00
4.852391886651143516e+00
4.124277176198980044e+00
4.212612057348820827e+00
4.249835566423319833e+00
4.745081107988403879e+00
4.311568451237273614e+00
4.790765841971728278e+00
4.987147498662693579e+00
4.833629211405852111e+00
4.042207355098634380e+00
3.257694467003134697e+00
3.390818004481268133e+00
4.923812305668425537e+00
3.201556151998538269e+00
5.137122097379445584e+00
3.828590047396142282e+00
3.426693151236889889e+00
3.629601674761686603e+00
4.136704472559078027e+00
3.976324309504629895e+00
4.663364358660577302e+00
4.085129126413005629e+00
4.478736055557781093e+00
5.319444327697182118e+00
6.068628218042403155e+00
5.578401035425856413e+00
5.239476031114564059e+00
4.645920432952515888e+00
4.802400283622846544e+00
3.769640204906993475e+00
2.896997643605995876e+00
4.380917293725579142e+00
4.193304738599396231e+00
4.885706985782326761e+00
3.644671672956551589e+00
4.295628318395653622e+00
3.627041865594336834e+00
3.850705986607001030e+00
3.357796140834757637e+00
6.392558385105609808e+00
5.395687969505194026e+00
4.565582543525448678e+00
3.978213440545607327e+00
4.008479023840877176e+00
5.094866635841249547e+00
5.420964185913195621e+00
4.624481116861820951e+00
4.398904753243043864e+00
5.058259218820518655e+00
3.728237580342330659e+00
3.701159818122690126e+00
5.463826425433425449e+00
5.208961592348462233e+00
4.742609125436129780e+00
5.122402668390094505e+00
3.947855113153548423e+00
4.829730931414713879e+00
4.684348291951828891e+00
4.989247213546061488e+00
4.988800020184770645e+00
4.850582323268792351e+00
4.232957279344881307e+00
4.735068771409092214e+00
4.141543427762118590e+00
3.733681596526130519e+00
3.636455286196221159e+00
5.368300225958773098e+00
4.092159646271188222e+00
3.994739066285659668e+00
5.440117652559854022e+00
4.429444407927528360e+00
5.455313526712775030e+00
5.065579467991843998e+00
6.037922168109546739e+00
4.707536729978281542e+00
