-2.327444255199198619e-01
-1.932012635903377351e-01
4.155222626532203423e-01
4.240289490785861815e-01
5.039153727982434994e-01
2.781020539647194312e-02
2.481580143270807892e-01
2.955047485328824441e-01
4.129013921437787449e-01
-2.037915220233782465e-01
-4.118364161418340830e-01
-1.194228435916332653e+00
-1.213131404164327298e+00
-1.010842493466692638e+00
-1.169140890402694977e+00
-1.862441848894501817e+00
-1.717525099010783318e+00
-1.678384904858229554e+00
-1.528416044215916703e+00
-1.959128738100800682e+00
-1.772460308591427891e+00
-1.775933149691584889e+00
-1.808019936231609170e+00
-1.520446132632269576e+00
-1.763137360426801914e+00
-1.195129984027339942e+00
-1.037344458774876577e+00
-1.605174204212819200e+00
-2.273201297900993456e+00
-2.285058917648772336e+00
-1.624748277237102911e+00
-1.339603419283872165e+00
-1.830089516968119057e+00
-2.723409094654675400e+00
-2.682664355293625569e+00
-2.586624347071945884e+00
-2.546036577262502654e+00
-2.505832965744425156e+00
-2.067484241442126613e+00
-2.410903890925724102e+00
-2.644929684141712034e+00
-1.921709984380648661e+00
-1.732143086515961938e+00
-1.536216508557505689e+00
-1.496626648615706046e+00
-1.515005693853231250e+00
-1.733720554000683478e+00
-1.151213031531685527e+00
-1.185660352580102828e+00
-5.109121972904429043e-01
-5.703234941084490695e-01
-6.152919151010654009e-01
-3.476037592994797309e-01
-1.548642605082394264e-01
-4.707067498435256736e-01
-2.836087025299193209e-01
-1.073139957503704833e-02
-1.902637656273533512e-02
2.157564576361573755e-02
-1.459250165205593086e-01
-1.577732285489460706e-01
-4.624037517217007842e-01
-6.167024751971336149e-01
-1.149495411459278138e-01
4.178708892529332530e-01
3.260610604888309894e-01
1.088711438413763888e-01
9.470083923724273989e-01
1.065185521045735051e+00
1.761165429087850898e+00
2.163937788600793333e+00
2.221060341855402243e+00
2.462422357325501299e+00
2.188577884989500344e+00
2.429748367605594872e+00
3.219005539777065827e+00
3.088213563629897074e+00
3.170440983289890546e+00
3.743459112146516610e+00
4.267322959067586297e+00
4.713546430697355127e+00
4.054165080477253547e+00
3.646036254326199710e+00
3.256285987944659510e+00
3.297295191982507756e+00
3.199098480372885689e+00
2.905561778844580889e+00
3.259651880902374899e+00
3.251974655816870730e+00
3.021364239354775272e+00
3.199080357882185144e+00
3.412667282576232974e+00
3.414297329981838214e+00
3.122276752452957993e+00
3.167378271436101844e+00
3.344478473094939286e+00
3.582818316289863247e+00
3.769617757328123098e+00
4.080411799161062447e+00
3.640488469995931897e+00
3.866564017684791743e+00
3.908757289833693527e+00
3.537931777815423562e+00
4.119271958078213558e+00
4.189000214151380241e+00
3.994685389265524300e+00
4.280214408186443720e+00
4.427743692169338274e+00
4.291095001106501883e+00
4.377233757081074650e+00
4.031517450701197269e+00
3.833594587894658900e+00
3.406828429464535013e+00
3.995875789182538274e+00
4.040110073928495638e+00
3.991125621756355990e+00
4.658223100420821439e+00
5.068694053586432879e+00
5.189599664545038848e+00
5.190402366423058744e+00
5.640608244093601620e+00
6.324008463375253797e+00
6.313248044678451798e+00
5.841348201444061417e+00
6.210884651285969227e+00
5.943844534063587481e+00
6.404010116216639403e+00
6.454503684693167820e+00
6.673797833734631979e+00
6.793538369598508098e+00
7.008998024368055191e+00
7.105290307513079107e+00
7.287646924468804244e+00
8.094389126210694840e+00
7.777963774196894775e+00
7.807197988308253400e+00
7.896400065726173700e+00
8.209073871454704019e+00
8.248637899423941988e+00
8.205657774174826002e+00
8.300312172960744306e+00
8.416023932247696848e+00
8.244143329154157485e+00
8.011301898053188708e+00
8.419052398804891979e+00
8.724475056589211519e+00
8.104133199106303920e+00
7.974207717008612306e+00
7.514318108536027552e+00
7.438767999975230083e+00
7.358060135205677810e+00
7.023539718907411356e+00
7.335197173999121745e+00
7.976824318697493865e+00
7.802212380387933521e+00
8.237182422063122900e+00
8.098190266345508093e+00
8.442971362168021798e+00
8.327314834999768323e+00
8.143387164921824350e+00
7.939163929382142548e+00
7.822054453063589818e+00
7.955772744238685412e+00
7.884446469638853650e+00
8.000605474684235219e+00
7.574713639340124871e+00
7.527051803922898188e+00
7.827192443998612248e+00
7.641160981180803446e+00
7.568963303320933811e+00
7.392845721327068631e+00
7.309455429815230332e+00
7.169861616048217812e+00
7.565606771068605241e+00
7.281629807751100358e+00
7.394058314024627876e+00
8.091455846670296381e+00
8.151898741367961776e+00
7.912314718348988585e+00
8.172459610762395243e+00
7.987326972210984088e+00
8.034530468986996965e+00
7.839812550519161150e+00
7.935177259320245646e+00
7.669789418927388525e+00
7.278232246404911621e+00
7.010966599605040095e+00
7.295643653757445612e+00
7.535998249313440311e+00
7.710591981838522457e+00
7.668873443853711613e+00
7.452987197400216424e+00
7.230207193142857314e+00
6.722813213927002707e+00
6.614682841694745186e+00
6.684920960063225337e+00
6.782057306620213666e+00
6.669618617086686463e+00
6.512572184799902075e+00
6.174157680470265142e+00
6.323090496252665282e+00
6.027979599563460411e+00
6.135381958440771832e+00
6.417237974293580116e+00
6.281620241190601917e+00
6.493068696985662136e+00
6.627111468970075414e+00
6.804154218412131527e+00
7.120780098764305954e+00
6.969609026234735438e+00
7.261577306912823992e+00
6.854992925230072309e+00
6.436662385933987096e+00
6.616488433117228674e+00
6.304138252490399275e+00
6.101060070100563060e+00
6.355640353623213556e+00
6.138329678847605386e+00
5.644014605198425905e+00
5.709590811258174803e+00
5.610389005519953898e+00
5.614734567274471289e+00
4.840055164818226174e+00
5.380486913071425903e+00
5.559433767067667453e+00
5.851509963875364484e+00
5.884073050348655798e+00
6.029003515440415129e+00
6.552795998391177434e+00
6.806194537772567443e+00
7.122996312273696340e+00
7.006824384887009316e+00
6.905525419975061752e+00
6.559654581910811189e+00
6.498302566017941651e+00
6.285270545959438238e+00
6.193707162539157984e+00
5.922477354876623856e+00
6.163697542493359549e+00
6.725947576382611537e+00
6.770400556979210727e+00
6.861280217550133287e+00
6.716683412707186385e+00
6.856691384399273836e+00
6.703803651920385853e+00
6.022451344968794196e+00
6.420453329540557696e+00
6.278576266242217763e+00
6.413263233754531001e+00
6.192567084425875557e+00
6.393922266522320541e+00
6.255197851894722660e+00
6.157975243485649841e+00
5.890076013028492596e+00
6.463531527233775442e+00
6.679655243166243039e+00
6.516492589711016414e+00
6.080920377282658329e+00
6.111143131769079417e+00
6.350679439158449568e+00
6.351693696848360382e+00
6.255235988677275927e+00
6.369104107705584994e+00
6.782438893570328808e+00
7.200647901596097356e+00
7.758139184892424822e+00
7.922680161719964254e+00
7.808379928191576447e+00
7.782267971821930530e+00
7.438083355255554530e+00
7.198474048045482299e+00
6.977652655310102148e+00
7.263396261139144272e+00
6.957345743196695409e+00
6.957017856129843913e+00
6.545711377779365847e+00
6.770880541583259138e+00
6.934690979256365573e+00
6.863553076443113632e+00
7.408112094897191469e+00
7.502416291510192181e+00
7.359143582873364231e+00
7.459819824424339885e+00
7.121412207592929811e+00
7.208562931129725015e+00
7.236987621617625877e+00
6.877039250950348404e+00
6.688123250390367147e+00
7.368617075909543956e+00
7.869478045573314873e+00
7.998390479448677759e+00
7.951944897810572677e+00
7.839210579827032177e+00
7.299417139923007447e+00
7.135383877269401154e+00
7.654951969444598880e+00
7.873183590262578413e+00
7.651904140112357311e+00
7.599420256301637089e+00
7.609633021633775307e+00
8.366637165315532698e+00
8.302066596579679825e+00
8.266836289236843882e+00
8.582571888703006024e+00
8.120059871355087111e+00
8.217079428937694274e+00
8.300955157022395170e+00
8.384953672129954683e+00
8.743181876357324356e+00
8.421342959293557584e+00
8.257742121464536567e+00
7.962984742246086434e+00
8.460734112690214914e+00
8.293645245128388410e+00
8.264143925392122725e+00
8.512326300538138213e+00
9.078066369030583616e+00
9.340945626009331093e+00
9.640142512287447119e+00
9.240510188095090172e+00
9.326162480925130893e+00
9.700142861441522157e+00
9.452648732201215154e+00
9.410751845156575257e+00
9.650522298867421966e+00
9.741224807138356923e+00
9.995837780953467089e+00
9.710312068173427846e+00
9.563969069143119839e+00
9.795243974646092866e+00
9.682441427387992405e+00
9.562333422998454679e+00
9.558941224825627359e+00
9.484429474368894830e+00
1.003388896535779473e+01
1.008042264704423374e+01
1.029288358728944353e+01
1.058424245003780584e+01
1.103853565004421533e+01
1.107720818523576689e+01
1.140826722912190938e+01
1.120577260065330094e+01
1.138118912944235817e+01
1.133998750316753323e+01
1.114487010739316020e+01
1.139015910258985542e+01
1.194154577761528202e+01
1.213341922803121342e+01
1.236174358148158703e+01
1.235742742090982382e+01
1.245380354404770706e+01
1.246486101783247946e+01
1.215221181375201098e+01
1.192949691407663870e+01
1.202871412757841618e+01
1.179755920884280940e+01
1.177540534679736339e+01
1.162541759280625620e+01
1.135108957260769458e+01
1.133730273023854984e+01
1.163089919359947189e+01
1.148255043466744851e+01
1.101887758105829818e+01
1.085361643388141140e+01
1.066412691050802408e+01
1.094456620941727643e+01
1.079879885279516039e+01
1.128814189406888069e+01
1.090524763288716592e+01
1.069355266951132322e+01
1.060653989864860058e+01
1.047126364719358804e+01
1.047945496583902525e+01
1.043814941321607392e+01
9.999923227805609827e+00
1.016166973062714085e+01
1.023612377466239920e+01
1.008509649517449880e+01
9.753124532467071006e+00
9.231812311659524539e+00
8.960061504744430749e+00
8.965231973951574673e+00
9.335543254917649136e+00
9.920304941645680330e+00
9.571342818383270057e+00
9.214744647881111916e+00
9.151578012619971503e+00
9.605745711615016447e+00
9.732967553351045353e+00
9.590740479560185605e+00
1.005820632395699299e+01
1.044011333932735042e+01
1.028028507384957813e+01
1.037013132883141964e+01
1.074701902781407803e+01
1.119058083213920440e+01
1.056433079189312352e+01
1.079485230042903332e+01
1.101228597730147207e+01
1.088370375392845268e+01
1.063436583928589840e+01
1.076467231674858738e+01
1.031654159544055638e+01
1.010336373752647887e+01
9.620083834902407816e+00
9.164912035449544803e+00
9.308460711627715156e+00
9.941486648826870720e+00
1.002921619161417155e+01
1.022108918655711385e+01
1.057832655954275936e+01
1.064544735520313168e+01
1.033050376704156292e+01
1.022477030511414675e+01
9.953288277123595762e+00
1.009236085492136503e+01
9.945362341729062194e+00
9.982763427685174662e+00
9.593092173232811604e+00
9.653757399631995639e+00
1.026901357512384116e+01
1.065725098649296676e+01
9.713351538100480909e+00
9.936718491298654143e+00
9.661126067510416249e+00
9.285026097575789450e+00
9.125390627163053381e+00
9.248309696466851193e+00
9.384644177880160143e+00
9.545989177749177657e+00
9.571575455923037268e+00
9.583907641120122278e+00
9.811720278818018670e+00
9.947221476425914588e+00
1.012159346971129814e+01
9.375733552711214003e+00
9.041267232130945075e+00
9.225031157645702251e+00
9.732810790246158916e+00
9.217528123753602642e+00
9.321013229285686208e+00
8.859530685009909590e+00
9.074999370909791807e+00
8.934961146606291038e+00
8.369438496017963303e+00
8.379209155505852991e+00
8.862349185167920140e+00
9.077884540100367161e+00
9.733171524693089438e+00
9.983260173059344211e+00
1.039974334987061866e+01
9.966621145496622702e+00
9.671634109689350112e+00
9.929548318914781291e+00
9.837342243596438607e+00
9.466934369681268890e+00
9.383952161825677152e+00
8.978184077165423105e+00
9.077210490380062780e+00
9.127500799338484683e+00
8.828192768717359584e+00
8.958078396587538350e+00
8.867486749200491403e+00
8.954347425556349549e+00
9.333905258246092629e+00
1.008785488225326077e+01
1.010519349834255465e+01
9.796879392050247048e+00
1.026418994221090841e+01
1.015852430419706565e+01
9.966784675231620483e+00
9.837782910229201150e+00
9.576676604581438212e+00
9.450696424658030281e+00
9.599764368806877002e+00
9.280020767591210529e+00
9.893483713993743933e+00
1.018881281386075521e+01
9.939355184564716339e+00
9.925668279466773214e+00
1.010163261301950399e+01
9.908005954025233208e+00
9.652049270186251917e+00
9.190070901852259055e+00
9.557143804654277375e+00
9.461332685490841499e+00
9.676069636022033293e+00
9.238653527748382999e+00
9.377681455729348414e+00
9.372562726925032450e+00
8.681805775377961609e+00
9.122294744682671208e+00
9.194829619505854978e+00
9.566822751611354647e+00
9.924853418214254930e+00
1.003362955447959415e+01
1.025067071952315700e+01
1.045795283980654311e+01
1.054984760472693139e+01
1.025209881992911498e+01
1.065337697053936949e+01
