5.248707097689527146e+00
5.326749013769234153e+00
3.818248239086315277e+00
5.310603027070714965e+00
6.549504633254538355e+00
4.428326658297438101e+00
5.210812860905522648e+00
4.577933687134088991e+00
6.056609211362798284e+00
5.339150942886101703e+00
6.436419937802532409e+00
5.066890232314039899e+00
5.607082579161452252e+00
6.142507732170789936e+00
5.050549522770139355e+00
4.436780275842960641e+00
5.054902128205439382e+00
4.316417185668225187e+00
4.403092490679736848e+00
4.947640001925096342e+00
4.256042624282998510e+00
6.003467914017821982e+00
4.987495715174745214e+00
5.636345350556597467e+00
4.063048372861369550e+00
4.246317465290773363e+00
3.935490372294708106e+00
5.026118412103335764e+00
3.531256324019554249e+00
2.903844369336656239e+00
4.865402384598936258e+00
4.399492680997179939e+00
4.048155753898873499e+00
3.394858870651725979e+00
4.662132341616979758e+00
4.734231145728537982e+00
4.035851047282412729e+00
3.686982566783931770e+00
5.167039689134232283e+00
4.976978890675343159e+00
4.063011460607409475e+00
3.808735119518370293e+00
4.157377820815315594e+00
3.860605483654368175e+00
4.579612923722517159e+00
4.156438520855893159e+00
5.362835401485027020e+00
3.786250345428724629e+00
4.691281722696591494e+00
5.166333190626244409e+00
4.475244570941259603e+00
4.681028280141033449e+00
5.279755689799667806e+00
4.038169671505981384e+00
5.374488630107787657e+00
4.958258451106586584e+00
5.073291612091710867e+00
3.479393539045540606e+00
4.262188885212559342e+00
4.246302837774504013e+00
5.223229647261740993e+00
3.999418598039978345e+00
4.744577924939791025e+00
4.188558412713443424e+00
3.898994627593753926e+00
3.905196279098857470e+00
3.772593548226657933e+00
4.259517710515092759e+00
3.582549061542983360e+00
5.314304158670753786e+00
4.647135370223211659e+00
5.713000984398783011e+00
3.312349039649812976e+00
3.877640641966907165e+00
5.237322006764861371e+00
5.810807364299385824e+00
5.291611378182816239e+00
5.506968495940966157e+00
6.537946607606430760e+00
4.967867164791345047e+00
6.357611511425869111e+00
6.132006163484750694e+00
5.217145364334439428e+00
6.155519113757745409e+00
6.259596865464361670e+00
5.724375879484961516e+00
5.839100184591426768e+00
5.577223181139189911e+00
5.032870458950998049e+00
4.965673789990768583e+00
5.786967665055345655e+00
5.771521560509078164e+00
5.361404735648513054e+00
4.945807170092868077e+00
6.631288228972771037e+00
7.182858767384108667e+00
6.558757406000074397e+00
5.525551936215721049e+00
5.559130344054545425e+00
6.328246441625619667e+00
7.061743258801844725e+00
7.315267941302806776e+00
8.011162077727075115e+00
8.179468837165348560e+00
6.176148616563205351e+00
7.231600653737838336e+00
6.724033605827237636e+00
9.282304938923816806e+00
8.264955380534944496e+00
6.598722218311039001e+00
7.660122637036712590e+00
7.988832535250308453e+00
8.401482495405662831e+00
8.557027479537838488e+00
7.583403253382120290e+00
7.818993002048726382e+00
7.929424608189426849e+00
8.473405261843915071e+00
8.454585989360797527e+00
9.166549508371179655e+00
7.614427280238268203e+00
7.913499580413893675e+00
8.244677879169657331e+00
7.813540237668862964e+00
7.516476809059292385e+00
8.149691960278619973e+00
7.272973885061230881e+00
7.758156132916020020e+00
8.017042352821286855e+00
6.784077808063281978e+00
6.732427477565350316e+00
7.288660589358856967e+00
7.739980719972678003e+00
8.224982768994479443e+00
7.711967138481679029e+00
9.103128775354623059e+00
8.334296230130247451e+00
7.419689951812321382e+00
6.841843362497888492e+00
7.457233223344827522e+00
5.987564674227333406e+00
6.856614624316772932e+00
5.229115464476994823e+00
6.289090903918493680e+00
7.700252195278975975e+00
7.515719142691072108e+00
8.216559073193575813e+00
7.463908397715567133e+00
7.571179962953186404e+00
7.380694848858554202e+00
6.574669273551666748e+00
6.866006199970762225e+00
8.286811232319614362e+00
7.284585216800537388e+00
7.725281785135518220e+00
8.017007361171479829e+00
7.432576801288264257e+00
7.388151919591281036e+00
7.595107798286571565e+00
7.864830219064229411e+00
7.444887682502932869e+00
8.250479239165153800e+00
7.748427574591272737e+00
8.542590628730092561e+00
6.876099884198785261e+00
7.056731430076114364e+00
7.226084799027665539e+00
6.150108876343146846e+00
6.903511486090768479e+00
6.000884712196697279e+00
6.260996593781040787e+00
7.123047327641244486e+00
6.641878249521452560e+00
6.041712392342061477e+00
4.647324482615045049e+00
5.008990297837413230e+00
6.636618824041483400e+00
6.007070571935390291e+00
4.991430621680443380e+00
6.118334086115186921e+00
6.399085674618722130e+00
5.533546236598979817e+00
5.293223727799034606e+00
7.209454824260260075e+00
4.818797645628833060e+00
5.122410900098786080e+00
4.897471990919919804e+00
7.828752138228969315e+00
5.710097486109507514e+00
5.104495167944569367e+00
5.499822776234809751e+00
6.660057249338559693e+00
5.477882199959879017e+00
5.687340946831213273e+00
7.066727028691792256e+00
6.487440575615974758e+00
6.308713722938008139e+00
6.073281234427642339e+00
6.188640893815209765e+00
6.605802598019256955e+00
7.474908954330764743e+00
6.752299926976197852e+00
7.040492010091964126e+00
5.366508094488802172e+00
4.939991780412789524e+00
6.364399473944683194e+00
5.738010228545485703e+00
6.393749349690431849e+00
6.715194763344419115e+00
6.114176589637660975e+00
5.850292915163154639e+00
4.823635105358607511e+00
6.145391478335039182e+00
6.369918881422470314e+00
6.082132746452994176e+00
7.543747908775573663e+00
7.827376469268473080e+00
6.471151569941612891e+00
6.931046213376334642e+00
5.339890614807620395e+00
5.374813461880052046e+00
5.808355112521127239e+00
4.487969746495299894e+00
5.119651154893670508e+00
6.418538482799120537e+00
5.276790102616573108e+00
4.260723474144141321e+00
6.200903774851778572e+00
5.259124655191635078e+00
6.136625032415404135e+00
4.656054191762701855e+00
5.321210744643648738e+00
4.922854816761683239e+00
4.018407105233427146e+00
5.594481227303811366e+00
5.311919974885646489e+00
4.309561780700273736e+00
4.266724539423053741e+00
4.248378933533470736e+00
4.672467703321825816e+00
5.815797912943449610e+00
4.723500881337415080e+00
4.849934353907026541e+00
5.635402374511902401e+00
4.704045041659667525e+00
4.908243808394324503e+00
5.025981910246668072e+00
6.004523741979152618e+00
5.025181704180308628e+00
4.525800969196940748e+00
4.962831867688467291e+00
3.990551994588358298e+00
-5.112263952589951366e+00
-5.890106320636316006e+00
-4.019805068838718576e+00
-5.472485335170778065e+00
-4.395115832370320774e+00
-4.309000395705544939e+00
-5.428708416440086282e+00
-5.744381348938275345e+00
-4.632926942216068156e+00
-2.917889887964724593e+00
-2.707242082429810015e+00
-4.370911226860388687e+00
-3.552630308865317499e+00
-4.760110526255061814e+00
-6.000077015610777664e+00
-3.211030796185466052e+00
-4.393108757497527606e+00
-5.384230746358382724e+00
-3.976983942995366395e+00
-4.220208420654234516e+00
-3.658086595858851542e+00
-3.751784259968392821e+00
-4.602807941486084964e+00
-2.837559542750179187e+00
-5.414931018162444154e+00
-3.872371247733452648e+00
-2.538585918967304345e+00
-3.423453162096936175e+00
-2.520967756166132112e+00
-2.945605356552579046e+00
-3.670213326398512610e+00
-2.356919728373878087e+00
-2.911343403427981258e+00
-1.570394590937355339e+00
-3.276696451117266484e+00
-2.437355119032699413e+00
-3.607815749079328782e+00
-2.122253584073588328e+00
-4.065897068813093540e+00
-3.650797384773253107e+00
-3.505621861286644325e+00
-4.035991947756341069e+00
-4.042171211896031124e+00
-3.648814600369174599e+00
-4.423895077390050723e+00
-3.406453439013948259e+00
-4.205396317515144311e+00
-5.198438080919770776e+00
-4.343773121476464993e+00
-3.849485118201466438e+00
-5.214283471580909435e+00
-3.645117215653256082e+00
-4.088275088825792380e+00
-4.110042390260487011e+00
-3.409762036411117858e+00
-5.169947533911282811e+00
-3.565632877309325544e+00
-3.541043105529740664e+00
-2.951268655771365879e+00
-4.465378319420916675e+00
-2.998970832181370838e+00
-3.988487822397928539e+00
-2.485909494729349412e+00
-1.950961487041355635e+00
-2.924031766287336076e+00
-1.912636998423121959e+00
-3.828466395603941308e+00
-1.794345700952695299e+00
-4.022016659424678231e+00
-3.753975159450307686e+00
-2.409799912323721927e+00
-2.563919860689524821e+00
-3.028149935480357602e+00
-2.274191100566168355e+00
-3.179723476390760695e+00
-2.779830421877720337e+00
-2.882967857011283108e+00
-2.457798411600581101e+00
-3.782997806373640692e+00
-3.716387037818716266e+00
-2.500993272191166739e+00
-2.994653545112422766e+00
-3.110993480309359516e+00
-2.814629265394100077e+00
-2.467639539052262965e+00
-1.870472948026473681e+00
-1.360172573680523911e+00
-1.547147218524227430e+00
-3.509477762302191550e+00
-3.976508948230479845e+00
-1.417077218848189268e+00
-1.421968806495713444e+00
-2.897403050311406769e+00
-2.097103836062969684e+00
-1.980795092711576721e+00
-2.983570310903875811e+00
-3.447883568320353032e+00
-3.427135410661683146e+00
-2.838914250036884468e+00
-2.547554256164971331e+00
-2.503903517558018432e+00
-4.007808874382622122e+00
-3.165992957784277806e+00
-3.879335766286617471e+00
-4.616824878614245620e+00
-3.056648033188361868e+00
-3.601976299972258655e+00
-4.045365776400407398e+00
-5.584642437388646741e+00
-4.600944076026047824e+00
-3.554975346293879568e+00
-4.711377251061489524e+00
-5.389532897432701475e+00
-5.558377374455833575e+00
-5.985756076278372362e+00
-5.065547935112392430e+00
-4.177506564660891542e+00
-3.260889271900816233e+00
-3.010409227584843528e+00
-3.466802373363304657e+00
-3.810451149870478282e+00
-5.502432085107010984e+00
-2.903037970104842103e+00
-3.620348214143734644e+00
-3.413254202442775664e+00
-2.956690690837918467e+00
-2.186287009150361449e+00
-4.592741965727030973e+00
-2.617628865052289200e+00
-3.028066540466079370e+00
-2.117705114947444844e+00
-2.184208962542917742e+00
-3.844999666165969998e+00
-2.577254658915911545e+00
-2.759798177864859703e+00
-4.993784108150665091e-01
-2.690465960856356809e+00
-1.489166767571514782e+00
-2.333293085032784209e+00
-1.817013215909155655e+00
-1.506257761704029363e+00
-1.172425543751026922e+00
-6.136112706490655100e-01
-9.290063049926118310e-01
-3.550168072535964114e-01
6.614987696203797896e-01
4.407468290830021118e-01
-4.627263215958112852e-01
-1.956965540097010958e-01
2.483320717773747077e-01
7.466096319820358929e-01
-9.315869359996113985e-01
8.282876138895884921e-01
-5.097020882872422831e-01
-5.815682407387265940e-01
-7.703889968073847072e-01
-7.748422452597378829e-01
-1.636207193678349103e+00
-5.790657108063657077e-01
-1.194897775892194147e+00
-1.155115101437116820e+00
-5.110033905907731544e-01
-1.995593374319633462e+00
-4.608984790666434961e-01
-1.086681498302226601e+00
-1.561040282750596475e+00
-1.385486138695819935e+00
-4.049134171120565284e-01
-2.701439167229375826e-01
-2.028977759264444902e+00
-1.281797729535321118e+00
-2.421425619911335758e+00
-2.877107465198718295e+00
-1.967780677152445534e+00
-1.566871074178424195e+00
-8.973023747928068339e-01
-1.461723469049325708e+00
-2.040430137091638230e+00
-1.047416613550304909e+00
-2.659862574506612454e+00
-1.953636331968108930e+00
-1.616564908969349457e+00
-2.752542720125065845e+00
-1.706152157997247620e+00
-1.719081580039869994e+00
-3.300610568739531292e+00
-1.627589018820275513e+00
-2.256349900002430520e+00
-3.533303247367334254e+00
-1.422651191547821270e+00
-2.819954253654587628e+00
-2.752046807279010299e+00
-2.681480908031955490e+00
-1.604564807129554627e+00
-2.137564856666536173e+00
-2.552391699558349103e+00
-2.890789404559832132e+00
-4.012957613764441156e+00
-2.567196537281742685e+00
-1.121473524344760442e+00
-3.263104855403193838e-01
-1.783481511021903998e+00
-1.393439574529655278e+00
-2.773373064847728386e+00
-1.136249399225926826e+00
-8.031293277416153842e-01
-1.450691358133011644e+00
-8.989827046268406008e-01
-3.864478148521128809e-01
-1.360530483855484807e+00
-8.907841853148736888e-01
9.492682677795780677e-01
-4.302585408180004123e-01
4.095201121822178436e-02
-4.066223117160712164e-01
-5.664562458764939024e-01
-1.995167939625236642e+00
-5.390519931220172367e-01
-9.101811500203957905e-01
-2.059065793175092196e-01
6.750990232902243093e-02
-1.050205680203309289e+00
-2.831910548755408819e+00
-2.186735258017127315e+00
-1.127378045274280982e+00
-2.044047242055314406e+00
-2.091476200821624332e+00
-9.311876822897811046e-01
-2.297897651795511642e+00
-2.316936736089926008e+00
-3.417619414772659514e+00
-1.925395187332849201e+00
-3.644707674219947791e+00
-2.615463435133369430e+00
-4.023397331438414604e+00
-2.955999734111345756e+00
-3.826480029044749820e+00
-3.658869608288056074e+00
-2.084636971219532064e+00
-3.894425529702163935e+00
-2.432211326334067891e+00
-3.325500086521622656e+00
-4.220995535263090126e+00
-3.771253122335852748e+00
-2.587555288403309728e+00
-3.341420019604870006e+00
-3.053886886358494479e+00
-3.211851593238367553e+00
-2.823279082212683200e+00
