-5.226491586572781442e-03
1.451887078045804580e-01
-2.081115010835818124e-01
-2.044092652907023022e-01
-1.214823432401299086e-02
-9.751884992400045027e-02
1.869612360793241335e-01
2.661614520221574631e-01
5.827311846296991948e-01
7.464712514394100662e-01
1.070997987255920547e+00
8.603264065845277475e-01
5.714938053263447504e-01
8.084526826596022397e-02
-3.443606486132578248e-01
-2.786525124711208834e-01
-7.489825617330816421e-01
-6.529488370835677680e-01
-4.811028386818926861e-01
-1.314404934973873451e-01
-1.577077956767934386e-01
-7.658948064061409100e-02
-3.986214878622905688e-01
2.955995429547408904e-02
-7.291697043682554558e-02
-8.586515842268113707e-02
-1.030251929511241671e-02
-1.698829034395072102e-01
-5.440618553614278152e-01
-3.494030390502224637e-01
-4.318386408004787902e-01
-4.563476024835518285e-01
-7.542355137214277194e-01
-1.297632017424244166e+00
-1.010177239416882866e+00
-8.993579941156919499e-01
-5.336926792670004804e-01
-4.936645217758102722e-01
-2.212885318994545214e-01
-7.292094886860792657e-01
-1.051766799226403037e+00
-9.383428996539149303e-01
-6.767344266040062895e-01
-8.989908046697884236e-01
-8.069987046629983896e-01
-8.553088606650601777e-01
-7.479959976139626265e-01
-1.260966132820317220e+00
-1.189419501133748058e+00
-4.927731217343163106e-01
-3.995674297174665601e-01
-1.347937117105119653e-01
-1.709540009814323747e-01
-3.196974079570562566e-01
-4.178013799622505298e-01
-2.393200797445848849e-01
-5.598972947784436327e-01
-6.651595334179026819e-01
-9.597439277493082788e-01
-7.765513824442593638e-01
-5.245935264155627831e-01
-7.980911935662775569e-01
-7.179000020974640739e-01
-8.181340453802928847e-01
-1.120254027344199876e+00
-1.082073435666640382e+00
-1.040712669270968949e+00
-7.778727356431900386e-01
-3.843734182759661611e-01
-3.902844937882365972e-01
4.839286227901207216e-02
9.187205217805409496e-02
-4.058994687168180904e-01
-9.396064752492205852e-02
1.836097781602823442e-01
5.303278153754038549e-01
5.258925687158073625e-01
1.238363245837726057e+00
1.012577039699317227e+00
7.945951646639379806e-01
9.171091307204302101e-01
1.011924722536811094e+00
8.849515333772439707e-01
1.390896212524836528e+00
1.298559573092886943e+00
9.127275972777109114e-01
9.608276605180683383e-01
5.517643076863183449e-01
3.159247149101392926e-01
3.270316940736016087e-01
6.933359510766781142e-01
7.436253384460684845e-01
7.937693444750040239e-01
7.426308352147794611e-01
6.592128147989728681e-01
1.432397932489040349e+00
1.045217512358828760e+00
1.426283318919685073e+00
1.416771984043818655e+00
2.177976592755490159e+00
2.742833010610724820e+00
2.927217992404184788e+00
3.039657352332845619e+00
3.033490725236554386e+00
3.211643211298859324e+00
2.783548933545572091e+00
2.797781722323615217e+00
2.837375613402167485e+00
2.655731092587922948e+00
2.588066973842833018e+00
2.792495533762421100e+00
2.922379955773417581e+00
2.799553754333432121e+00
2.968604563459218415e+00
2.607267207026911393e+00
2.793880163173599662e+00
2.842214358254460560e+00
3.270280369545321975e+00
3.395418271540704858e+00
2.992387614943531560e+00
3.197648377789976237e+00
3.315914712805223985e+00
2.970863919772170458e+00
2.795663090037783682e+00
2.926066306575756393e+00
3.125680681718697507e+00
2.710090203088985739e+00
2.573632542045632299e+00
2.166300638036621873e+00
1.959273741118560341e+00
2.346687881513677798e+00
2.656361844305731967e+00
2.997918230542024887e+00
3.011889109192687375e+00
2.793509794468705287e+00
3.067438305570208357e+00
3.059373408165859676e+00
2.983280826434439259e+00
2.198510423607551889e+00
2.089549799179278633e+00
1.851226672668537132e+00
1.719614332611396401e+00
1.979950568390366428e+00
2.022815329808251406e+00
1.853411103694103890e+00
1.974203630880158489e+00
2.755452016181641373e+00
2.065554303524258728e+00
2.225135643219017023e+00
2.531845688509684500e+00
2.865840236545333486e+00
3.055426182937343693e+00
3.095335623075172293e+00
2.401889310584218507e+00
2.511741404563189839e+00
2.238595928734585350e+00
2.725388791936160793e+00
2.424259883846612063e+00
2.661807496248452587e+00
2.710914896128755913e+00
2.810861835144545573e+00
2.943479612681012991e+00
2.402515149720254151e+00
2.392537615052054090e+00
2.618760624696724548e+00
2.624632407066417983e+00
1.947801117741609911e+00
2.113471488003526577e+00
1.818919932367205172e+00
1.315240993338286035e+00
1.458548246600707587e+00
1.364637461350533210e+00
1.085385863671181728e+00
8.279658606596069781e-01
1.171389264750244408e+00
1.740417350023931498e+00
1.503536190299159303e+00
8.419583606273328691e-01
6.327293405324794229e-01
6.385348786638928020e-01
7.337461715687731978e-01
1.513221814845385760e-01
4.682907886996570679e-01
6.564970952046154107e-01
2.025792331920723277e-01
4.495422226868809878e-01
6.333627026901046397e-01
1.217543119600820845e+00
8.426558645844226536e-01
8.368617840307462918e-01
8.578185138482333771e-01
1.380025401412934061e+00
1.374321194336429519e+00
1.429989986577722139e+00
1.514241492313741055e+00
1.471061710309196746e+00
1.307092446885266490e+00
1.355340001967137331e+00
1.306656209774696986e+00
1.462173100327972541e+00
1.671020138061295235e+00
1.086950094521264454e+00
7.906888969627405839e-01
9.283344155291054500e-01
8.621005274883022373e-01
1.041984552419193744e+00
4.959733330718614219e-01
1.152282656310082309e+00
1.090509324976965955e+00
8.421972945832056912e-01
5.842337079450293791e-01
5.175895269931439779e-01
1.082475525888988876e+00
1.401841683909498260e+00
1.462004228511349480e+00
1.626005608057009999e+00
1.249490086004070521e+00
4.744077787892327924e-01
8.984791651791869116e-01
6.195912878522746858e-01
3.520007186328150683e-01
5.645673957521344377e-01
5.699442163468272371e-01
4.089478858376702775e-01
3.115219347555034379e-01
3.910982442727661268e-01
2.998111448955645963e-01
2.580224047754370309e-01
6.028081477287597911e-01
7.381500621368203285e-01
3.115817431840678942e-01
2.179817254825910933e-01
5.120861620516106161e-01
3.207127226100527917e-01
4.908501827784494953e-02
-3.857180694939770782e-01
-3.814488968630822541e-01
-4.067996683794134483e-01
-7.015905730361893244e-01
-5.784577745653558534e-01
-8.218264299354505198e-02
-5.254204792114069988e-02
-5.525599290634703592e-02
3.055769569040437394e-01
7.384635842308095999e-02
2.034791369614956380e-01
4.719306212695666414e-01
9.497855036592117717e-02
1.065314534642775868e-01
-1.313328044535431449e-01
-8.359981222461525530e-01
-7.650803077145199582e-01
-3.745844429002319620e-01
-2.916953868246695558e-01
2.439819473161801699e-01
3.806811389969032566e-01
4.738987301164844235e-01
-4.884410941784378402e-02
3.594340518189460543e-01
3.566032569132845387e-01
6.273624899374955488e-01
1.126940221041341950e+00
1.262953694534850069e+00
7.402190763977104515e-01
3.992697488517024662e-01
-1.248300989344446887e-01
-5.211185455612966921e-02
2.479490589642204812e-01
1.473701520548313382e-01
5.460226991691861098e-01
6.328517441370746788e-01
1.217190573940324594e+00
1.649997750074745806e+00
1.098037708852491523e+00
1.036366066945292985e+00
1.142877857460955493e+00
1.274198613968957616e+00
1.499958775415567436e+00
1.662922864529902123e+00
1.714838382344812784e+00
1.573448918375914607e+00
1.667772298254621477e+00
1.573210931918579636e+00
1.698372553895145076e+00
1.896243529317911403e+00
1.859845115732494669e+00
1.819787101552452491e+00
2.050761686075468937e+00
1.782887838520867740e+00
1.646855925616432792e+00
1.540131941388103609e+00
1.842943824679363907e+00
2.121788174331032728e+00
2.041397735706890870e+00
1.617298657958235353e+00
1.178191991667951299e+00
1.094369361944906638e+00
1.040575437029751971e+00
8.065134280604013828e-01
6.481159057162250159e-01
1.047991463279737800e+00
7.969831066568962008e-01
9.160366883903869883e-01
1.092492023668754308e+00
1.332987323646401601e+00
7.311478932943151765e-01
9.050056226146270255e-01
4.158962800953593941e-01
8.634826239673571990e-01
1.445720982094411466e+00
1.771362228024622176e+00
1.720668669979266374e+00
1.748110752578908134e+00
1.478630568711254645e+00
2.276325436156908744e+00
2.065834556528210353e+00
2.413373681943391524e+00
2.192407730888360717e+00
2.094874782964129878e+00
2.397210146613323101e+00
2.226312928303234351e+00
1.669959584335469316e+00
1.733914526402463130e+00
2.080884040659864542e+00
2.410144514878333144e+00
2.328441742878152088e+00
2.457637441051211624e+00
2.428427380845096462e+00
2.074185403501132896e+00
2.037136498026165921e+00
1.880677767619632235e+00
1.833362655258016671e+00
1.611725719928627454e+00
1.832765131879120712e+00
1.670416796611782662e+00
1.915780620336994478e+00
2.042117056361001826e+00
1.900620605952638265e+00
2.932359563532250135e+00
2.424616777433720838e+00
2.233123378816546989e+00
2.392325277981997900e+00
2.501239329714591619e+00
2.528996670402799296e+00
2.743351745628536786e+00
2.876997919666006709e+00
2.830882927807606642e+00
2.357167694457173557e+00
2.052260787557925514e+00
1.985343277789809902e+00
1.889624313909894049e+00
1.841855715983646835e+00
1.695868909112793421e+00
1.450272649228216748e+00
1.281343889858246987e+00
1.109451530815222631e+00
1.101800261647742030e+00
1.014259505793010607e+00
1.562863806180277759e+00
9.836788876402603465e-01
1.143461902244476303e+00
1.378588109092282910e+00
9.751997006553521086e-01
8.381211935169091687e-01
7.690217146237562362e-01
3.893834605218932654e-01
5.175082353192033136e-01
3.757474546443344554e-01
1.039099931658405307e+00
1.437388780339247996e+00
1.274794122343025693e+00
1.521512716386131725e+00
1.986785454049187827e+00
1.443718987604971637e+00
1.554850055227944061e+00
1.538234921467647398e+00
1.806641439166891461e+00
2.045819470838718068e+00
1.904826475704488375e+00
2.051548562293517008e+00
2.085815433619584880e+00
2.449735063573771132e+00
2.692688305322286535e+00
2.473068758887078555e+00
2.450815556021950670e+00
2.682140890333680527e+00
2.980264404615967422e+00
3.252594256854869137e+00
3.403509997735586268e+00
3.804513095538529122e+00
3.804807295012940127e+00
3.781462921288468060e+00
4.021303299432711142e+00
3.981613987832428592e+00
3.946604887239843151e+00
4.620783360122350913e+00
4.796938643971139449e+00
4.707145802236045284e+00
4.974912634443844794e+00
5.135133914911884645e+00
5.203340947913226877e+00
5.109577880220385282e+00
5.138214207432845626e+00
5.108470463487035929e+00
4.831147352727629851e+00
4.151308860541425005e+00
3.741940405347534693e+00
4.087405576923570649e+00
3.924008096531637957e+00
3.952369674617596917e+00
3.779083372653916584e+00
3.903509972471064238e+00
4.017093192119850720e+00
3.817603855055218265e+00
3.409340652813309447e+00
3.666972712589681827e+00
3.842417680941755620e+00
3.891246592272523230e+00
3.839864898035278085e+00
3.999934266783458980e+00
4.027713915300781267e+00
3.576776508076832339e+00
3.544207164442005009e+00
3.319114886824373833e+00
2.933698393596309018e+00
2.909138302935220466e+00
2.777519780331000554e+00
3.148321212141985459e+00
3.279134236287609916e+00
2.923647376741747905e+00
2.518618910682739021e+00
2.451234278814646395e+00
2.663370803847484591e+00
2.718802939963949061e+00
2.527320372767205559e+00
2.607048688664183267e+00
2.626397225475249453e+00
2.574358289686105916e+00
2.547624282793067074e+00
2.614496024856036716e+00
2.524546176796970354e+00
2.912100916151639574e+00
2.290747855203063121e+00
2.592202951013514944e+00
3.067852923439988277e+00
2.950988949440632059e+00
2.462395380335253847e+00
2.332991649210506502e+00
2.250085549933653173e+00
2.494871353388377955e+00
2.528832319072122914e+00
3.120837184030034628e+00
3.610526544841605290e+00
3.305753380001589470e+00
3.391698886258232459e+00
3.511381746850393171e+00
3.547694811531518777e+00
3.849134406494793659e+00
3.676631695064826122e+00
3.524004291639609043e+00
3.697213644341161842e+00
3.760861218106902992e+00
4.254735657573364804e+00
5.470724907202471066e+00
4.740346053418074135e+00
4.811867411374721293e+00
4.800280151567899445e+00
4.660529774889899279e+00
4.636073661026800963e+00
4.381003676781154432e+00
4.323882934120860000e+00
5.090601487886019072e+00
4.607109655152219041e+00
3.875890572812182189e+00
3.463717283930217050e+00
3.286480823739800883e+00
3.111139532878098191e+00
2.805054941240101130e+00
3.350138063268433442e+00
3.418925792098859606e+00
3.357710490155496608e+00
3.418713949146055420e+00
2.913177567170341487e+00
2.549110892095574510e+00
2.366911355686633911e+00
2.202010575964829187e+00
1.619244309540994742e+00
1.788101100654413411e+00
1.490178086566827043e+00
1.333581643724015553e+00
1.681203947235111240e+00
1.409072320746438400e+00
1.553697114079511721e+00
1.469228668949350336e+00
1.193655625354450578e+00
1.390923901932701323e+00
1.596469977114676642e+00
1.876777867273723643e+00
2.032013561963911030e+00
1.579714157460132551e+00
1.890761131193132938e+00
