4.712151763303173979e+00
5.480155794339379050e+00
5.438696210205692161e+00
5.051034964195433297e+00
5.373774413732926192e+00
4.869810294046674315e+00
4.609621231205256464e+00
5.618924739945981628e+00
6.557639510156787033e+00
6.735455805346804325e+00
7.155684116826155794e+00
6.918453447872184192e+00
6.330453574853911469e+00
5.848475287367399744e+00
6.019090656743753875e+00
6.289978289433464376e+00
5.956280092824244754e+00
6.627017823489655513e+00
5.610988518674168368e+00
5.507414993908922085e+00
5.141415921922288135e+00
4.309081800725090616e+00
5.331917454601854622e+00
6.853414585900039491e+00
7.882059118763558914e+00
6.808519077810593956e+00
5.549832844952968358e+00
5.737398882240920095e+00
5.998260498259746498e+00
6.748717066774840845e+00
5.661996144021435917e+00
6.625884984841732717e+00
7.052713578129245597e+00
6.011557825956852952e+00
7.443089815711632085e+00
6.912548069375307414e+00
7.168669645956833314e+00
5.544307036242058118e+00
5.804307392986519432e+00
6.073737894808126647e+00
5.404331251313017503e+00
5.232182943184631618e+00
6.004360100864023941e+00
5.236469045758711083e+00
6.462877892329756513e+00
4.647606673125788568e+00
6.001255475973390041e+00
5.835398373733372779e+00
5.623626485669407593e+00
4.796831492684305864e+00
4.299491828031337448e+00
-4.841265352883223017e+00
-4.935883147635578894e+00
-4.403659095672591839e+00
-4.295715911847917567e+00
-3.085404926741829978e+00
-3.154446737420799174e+00
-4.445858675433333573e+00
-4.364203294151177914e+00
-3.906638045468605824e+00
-4.989157984467576412e+00
-3.476779159393593499e+00
-5.214703129760005496e+00
-4.889099168138919538e+00
-5.523469743890976780e+00
-6.197560715250191699e+00
-4.154392330945166911e+00
-4.167506367101360354e+00
-4.366463957234572923e+00
-4.538039071057855089e+00
-4.430297581037796917e+00
-4.232641494914394897e+00
-3.934164566720331102e+00
-3.475231650953959139e+00
-3.646002041946479810e+00
-2.831838270841694705e+00
-4.475882427642781103e+00
-5.182861313668406744e+00
-5.478216119563938058e+00
-5.183201627244900855e+00
-4.931934267443699227e+00
-5.092560653933470682e+00
-5.752254024191385540e+00
-4.964421900738253512e+00
-4.755547255728764355e+00
-5.001214305650248271e+00
-5.087899583127771130e+00
-5.555724484107015471e+00
-4.663940705816798982e+00
-5.037083505306283904e+00
-4.922141211500408176e+00
-5.389366651416517051e+00
-6.862830123773331792e+00
-5.771794644160333831e+00
-5.540802886325304932e+00
-5.697007024355076332e+00
-5.462516744097841936e+00
-6.148575274191156126e+00
-6.066802371022848916e+00
-5.735436235308694286e+00
-5.857883291642231427e+00
7.709668534434924503e+00
7.202818531489931786e+00
6.980852557337423825e+00
7.756996702737472660e+00
6.910908682135721293e+00
7.021766357450762719e+00
5.468235854768430215e+00
6.337453056815697039e+00
7.200683111789476953e+00
6.292253549661864120e+00
6.520575087437705086e+00
7.008869161579013962e+00
6.141144902569032560e+00
6.061134151413212656e+00
6.852287510787812508e+00
7.600932102356988906e+00
7.018235478643412684e+00
7.300916522139976550e+00
6.531971720712663299e+00
6.525969398104105146e+00
6.921751742297945320e+00
7.015061975697175711e+00
7.235104436393469562e+00
5.559460859106640562e+00
7.011173781159517837e+00
6.114186881873695967e+00
6.741276017876758786e+00
5.655713192280752644e+00
7.612605346581228005e+00
6.446466708037999815e+00
6.296243117071050222e+00
6.724119434949652252e+00
6.054541096907824382e+00
7.829622543713999683e+00
6.689403154338647184e+00
6.340258619786567351e+00
6.547568977148822356e+00
5.803228156735450227e+00
6.058714782028769008e+00
5.901136239568696595e+00
5.458814482035380777e+00
4.551222046695200696e+00
5.126008221309522384e+00
5.628623953218611753e+00
5.268106013331340876e+00
4.948310425274102364e+00
5.954567781697622131e+00
4.390475442856990540e+00
4.642032431257747227e+00
6.054762964555910898e+00
5.959375909231633628e+00
4.676270871562264730e+00
5.739895909729014534e+00
3.775709385087646197e+00
3.780299273042706076e+00
3.927256112144053013e+00
3.953630578304474064e+00
4.900950282044245654e+00
4.155761535042547195e+00
3.560124780261182842e+00
3.658823413142347825e+00
3.949097101939448073e+00
4.728550136477212007e+00
5.129342427803849525e+00
2.037731493860558629e+00
3.107980422957333566e+00
2.680154564798996830e+00
3.546719592073423577e+00
1.925543185863861417e+00
2.306474188927316149e+00
2.919724071096712059e+00
2.771395123279899231e+00
3.663832380981471459e+00
2.225707413097795850e+00
3.260965821602691328e+00
2.615543820943628361e+00
2.915449980388840956e+00
2.598850390488371076e+00
3.545495255780753752e+00
4.104167782611090942e+00
2.765827134162711864e+00
2.049058214831593006e+00
2.066510610398016645e+00
1.403731821293919602e+00
2.176044468161581591e+00
2.069358284299223527e+00
4.239860125804499447e+00
2.653926578938845537e+00
2.268203225523890865e+00
2.092948430714931085e+00
3.490170611191716787e+00
2.869691324634666252e+00
3.499969725359856731e+00
2.991650662331737820e+00
3.431276790400714205e+00
3.363750853170363264e+00
2.613360450848811745e+00
2.464309529795712272e+00
2.604204500450119752e+00
2.214879657732544693e+00
