3.637222973636832779e-01
1.604684731523503272e-01
-4.832782893689510639e-02
4.546296935156811658e-01
3.345173163629433510e-01
5.820442369961281726e-01
6.087614965724607030e-01
9.636732324425454355e-01
1.224077442768301438e+00
1.494228840385195989e+00
1.868161616193563690e+00
2.195423685772476041e+00
1.368021869681427027e+00
1.248210599497680207e+00
6.596287261707639571e-01
8.723287370159136245e-01
7.838130330765433751e-01
6.893952507659997231e-01
8.907373978853093677e-01
4.063076120547319814e-01
2.268811215730722197e-01
2.913877088184511077e-01
9.052642625877665994e-01
1.257818040530870540e+00
9.277942484395524936e-01
1.490794970263134456e+00
1.510148233522514705e+00
1.283934098496468446e+00
1.112061112787489758e+00
9.810950242984479708e-01
5.851856621025209870e-01
1.008101969685488930e+00
1.201703498673151183e+00
1.130216821198793742e+00
1.616090985893273047e+00
1.608588046838505647e+00
1.207388133666837726e+00
1.088009016272718510e+00
9.786137591495600585e-01
6.739851539037263750e-01
3.146917225671984619e-01
5.833879542456642531e-01
6.518562615104884772e-01
7.086575594315824844e-02
6.833095166249225638e-01
3.522941960749562673e-01
6.575296094747457021e-01
7.989348874239599052e-02
8.496723502723065036e-02
1.917433257866149598e-02
-1.937462061564225180e-01
-2.047047932465434483e-01
3.317170302552213679e-03
3.918576501192089223e-01
6.858472632455603346e-01
1.447980701943029747e+00
1.269577187606772073e+00
8.121552974426755611e-01
6.130860525846695275e-01
6.864129668933448558e-01
8.691416987588550525e-01
8.762150287998148324e-01
4.418720764700712067e-01
2.070891873369069269e-01
-1.117157302730590052e-01
-1.177529300949339691e-01
4.604774757851862188e-01
2.629470086531833783e-01
8.277867198995120246e-02
5.846224516471469901e-01
7.773977685862552001e-01
5.166081406515679042e-01
3.739978488636240828e-01
6.199821897605586329e-01
8.490117050181056335e-01
1.054284296298940937e+00
4.652958604554641164e-01
1.928643513449394553e-01
1.180777199367355479e-02
-6.995819694405330802e-01
-6.275255942010129484e-01
-8.472596158541652045e-01
-1.847506827497618076e-01
-2.905435640980011391e-02
-1.570163251968869494e-02
-3.418925012276737840e-01
-6.137502951543254426e-01
-6.394400351248786807e-01
-4.869945709526753985e-01
-2.597237771903665449e-02
-3.594049472660197919e-01
-2.895568680649783233e-01
-7.219405731722778885e-01
-9.065745623352774452e-01
-7.858103773738609465e-01
-5.600416503718810279e-01
-7.077063536182917058e-01
-7.041954493017089645e-01
-7.745902555284476243e-01
-7.767131824806642326e-01
-8.206282120610366437e-01
-9.101582509391984432e-01
-1.116695334520317440e+00
-8.436470078429092467e-01
-7.828416887322650064e-01
-9.882990028474352151e-01
-1.635995020314161108e+00
-2.073453371153098690e+00
-2.167464779088481563e+00
-1.936537073800721487e+00
-1.911755730110974882e+00
-1.720552556844903158e+00
-2.103294297847178473e+00
-1.468457258820899725e+00
-1.466191909742453392e+00
-1.283221145950513176e+00
-1.003206981620770932e+00
-8.889487250724961154e-01
-7.948650776046408684e-01
-1.039019210740917298e+00
-2.753460785104193675e-01
-6.690867584416648750e-01
-8.364003019450998444e-01
-1.131440854968285059e+00
-1.672382877997377060e+00
-1.548030401440894765e+00
-1.666698514369053585e+00
-1.802801517320724134e+00
-2.118048434203172015e+00
-1.812439259818388715e+00
-1.743793768659704035e+00
-1.775007649902508922e+00
-1.762316078990358248e+00
-1.351195651105026707e+00
-1.270191189329332282e+00
-1.285751074957931284e+00
-1.465399607414689997e+00
-1.576623957560208122e+00
-1.620825147416282697e+00
-2.358523007045985054e+00
-2.122764081523716317e+00
-2.222098685000028162e+00
-2.533229781650558010e+00
-2.744558332682448754e+00
-2.502066414243823367e+00
-2.588222339526323967e+00
-2.702420180132280692e+00
-2.472853112180810164e+00
-2.869517720569186192e+00
-2.720889024914155740e+00
-2.700557722520985582e+00
-2.701192510698407379e+00
-3.030915838606975665e+00
-3.163359337876439081e+00
-3.623527297720048779e+00
-3.739540139916817552e+00
-3.970208780169894425e+00
-3.880422044955643912e+00
-3.509112661687378232e+00
-3.662803643356415950e+00
-3.390069541906583162e+00
-3.688156806443017466e+00
-3.487846116650295869e+00
-3.408832801064374696e+00
-3.745291094319198599e+00
-4.450175290000883521e+00
-4.687880726926099584e+00
-4.755431603239329341e+00
-4.997183684689281868e+00
-5.103997710839651702e+00
-5.199460600712488834e+00
-4.984241282006412810e+00
-5.182305248455146618e+00
-4.953014552146465022e+00
-5.201566938457996336e+00
-4.850337544979026028e+00
-5.424331839698643520e+00
-5.447927075256687957e+00
-5.599904949667319443e+00
-5.192521039609756528e+00
-4.836398107002132463e+00
-5.464383866273068158e+00
-5.694518858771577818e+00
-5.962518208449195889e+00
-6.293088923890719499e+00
-6.617540975110330237e+00
-6.037904066336020392e+00
-5.293591951106078497e+00
-5.432253830211095647e+00
-5.208397500123366441e+00
-5.288531952587851137e+00
-4.926047739557485983e+00
-4.845391401262526543e+00
-4.838596857469329215e+00
-4.782549000044755694e+00
-4.957100631828696535e+00
-4.772258090005855102e+00
-4.860042249281566917e+00
-5.275421525319721638e+00
-5.263626154717380601e+00
-5.657409005520821488e+00
