4.154365757809176607e+00
4.937363260840495371e+00
3.944972645862545590e+00
6.426778809255561775e+00
7.229678420582217768e+00
7.094883724282478710e+00
7.366617190631250089e+00
6.839980290424016118e+00
6.956860730251277936e+00
6.687992498019346144e+00
7.404850527490387080e+00
7.157041597930131616e+00
7.737280937642966983e+00
6.674140890575698037e+00
7.767810447559526210e+00
6.919579881273268285e+00
6.174902527881654279e+00
6.359474682002302259e+00
7.351278335184076695e+00
8.103779557611662909e+00
7.064644455734339523e+00
7.230285110650905622e+00
7.595627484705263832e+00
7.317374573410529770e+00
6.721456181451704204e+00
6.431718927114577156e+00
6.258579780989336427e+00
7.811643414015192022e+00
7.383012252505006145e+00
6.185520762363009517e+00
6.104375145954246129e+00
7.586050547965224489e+00
6.959803970916967231e+00
6.398118505508922915e+00
7.029193250178272123e+00
6.318667651802864604e+00
7.844222933339915826e+00
6.064571104485077413e+00
6.293284802502953745e+00
7.502514451019920649e+00
6.615514020780890014e+00
5.898186539220374058e+00
6.301589018550536103e+00
6.388597716065488541e+00
7.306160020015053824e+00
6.181427190541638694e+00
5.972825958673212199e+00
6.691726187029395589e+00
5.484674903112738420e+00
5.272354279466465954e+00
4.347931483943865416e+00
-3.761333265156672212e+00
-4.706593905360260344e+00
3.657521320300618939e+00
1.577490921929860734e+00
-5.100883724720718604e+00
-5.390109631387618450e+00
-3.672961107403497127e+00
-5.335184793498747524e+00
-3.035978100907882560e+00
-3.053088181406964363e+00
-3.766049942617280433e+00
-5.119352844751141163e+00
-1.043476808000924549e+01
-9.323337788752812827e+00
-3.262335056061648864e+00
-8.487428777421214932e+00
-3.393680637729048932e+00
-1.090509458226085471e+01
-3.125461124118467104e-01
-3.424086042916821171e+00
-1.308917161536340967e-01
-2.999157364326619835e+00
-4.885546536309517407e+00
-1.382568848563990294e+01
-5.991793706909709361e-01
-6.105341375883728716e+00
-8.299889534324128348e+00
-8.139151301444726982e+00
5.421595116726427577e-01
2.559833512866813265e+00
-6.665592096969825242e+00
-7.144501503513883911e+00
-1.019025861426032797e+01
-3.132027298892975153e+00
-7.620252619290324603e+00
-1.123037489775194464e+00
1.101259757594085897e+00
-1.685423632719699327e+01
5.062789209456260764e+00
-5.476355771986982646e+00
-1.334646715353195923e+01
-3.760385020488079100e+00
-1.563582189795656596e+01
-7.017660053265398545e+00
-8.677404952221873913e+00
7.119875661748793494e-01
-1.001403346180673992e+01
2.846284266635156435e+00
-1.202734248943166762e+01
-7.728026854490371633e+00
2.523844904793562804e+01
9.708854503391096458e+00
1.166485796312230860e+01
1.699603715236087709e+01
1.694469153463728617e+01
1.531304479054556467e+01
1.371490792416578230e+01
7.845409145460147116e+00
1.174689420524685524e+01
1.585603858670127764e+01
2.347901369233706959e+01
7.238064132772231929e+00
3.975830111927929345e+00
2.923021487377752692e+00
7.440189823973635264e+00
4.022782417646164177e+00
7.524809568437381024e+00
1.027390329724715023e+01
1.104993289545558532e+01
9.085152100020575716e+00
1.628388400818723625e+01
1.308343249569189837e+01
1.783452509619323223e+01
6.446288006637477253e+00
1.515887641980464196e+01
1.895368289309166698e+01
2.014148865907727526e+01
1.430329155441663502e+01
1.478231456293962864e+01
1.117407664758000330e+01
9.568213442845728167e+00
1.241420373663411070e+01
6.879424267494655076e+00
9.194387751903173367e+00
6.723995584173310114e+00
2.222311605419396585e+01
1.313476085780901847e+01
1.330512151505799956e+01
1.424509472328964854e+01
5.213950238334681409e+00
1.768445002739169070e+01
7.111951480293829064e+00
2.038794593635586949e+01
1.123951826509007823e+01
1.171000299826491187e+01
9.986912882835035532e+00
1.206319543619365575e+01
1.953502304567641801e+01
2.220805738948584818e+01
1.862593716820557788e+01
1.261661244246452007e+01
1.489772039023910999e+01
1.008216555807158699e+01
1.873012977999034945e+01
7.565390085513712393e+00
1.622418232675206085e+01
1.266326389756922488e+01
1.157684947196480785e+01
1.835106607294036962e+01
1.873384874692028745e+01
8.747695938355624534e+00
2.746290575829880609e+01
1.970548290066251340e+01
1.491246631907821119e+01
1.231916212734701865e+01
1.283707071630260899e+01
2.152356016248165815e+01
1.144713512797881272e+01
2.701724219926584070e+01
1.134655065063790325e+01
1.366770845434057158e+01
1.764490337643178819e+01
1.207542987950253988e+01
5.615403295657572791e+00
9.221651023356775667e+00
1.185433505598070703e+01
1.477357488095126925e+01
2.035514880944644389e+01
8.661723335072727181e+00
1.456760897412035582e+01
1.704153712513913987e+01
2.082060377920297611e+01
1.716180819536099378e+01
1.791782079501466640e+01
1.337841730589330247e+01
1.287192505810849497e+01
2.033073260829124251e+01
2.076988596462511438e+01
1.731928077889023498e+01
1.036808455361494730e+01
1.189580996570561489e+01
1.615499676835912624e+01
1.880371423892921001e+01
1.211045453503701808e+01
1.307157791593499141e+01
1.228990820405362072e+01
1.379914405554037060e+01
8.171323258194320260e+00
1.679659404972179004e+01
1.546442289390384950e+01
