4.154365757809176607e+00
4.937363260840495371e+00
3.944972645862545590e+00
6.426778809255561775e+00
7.229678420582217768e+00
7.094883724282478710e+00
7.366617190631250089e+00
6.839980290424016118e+00
6.956860730251277936e+00
6.687992498019346144e+00
7.404850527490387080e+00
7.157041597930131616e+00
7.737280937642966983e+00
6.674140890575698037e+00
7.767810447559526210e+00
6.919579881273268285e+00
6.174902527881654279e+00
6.359474682002302259e+00
7.351278335184076695e+00
8.103779557611662909e+00
7.064644455734339523e+00
7.230285110650905622e+00
7.595627484705263832e+00
7.317374573410529770e+00
6.721456181451704204e+00
6.431718927114577156e+00
6.258579780989336427e+00
7.811643414015192022e+00
7.383012252505006145e+00
6.185520762363009517e+00
6.104375145954246129e+00
7.586050547965224489e+00
6.959803970916967231e+00
6.398118505508922915e+00
7.029193250178272123e+00
6.318667651802864604e+00
7.844222933339915826e+00
6.064571104485077413e+00
6.293284802502953745e+00
7.502514451019920649e+00
6.615514020780890014e+00
5.898186539220374058e+00
6.301589018550536103e+00
6.388597716065488541e+00
7.306160020015053824e+00
6.181427190541638694e+00
5.972825958673212199e+00
6.691726187029395589e+00
5.484674903112738420e+00
5.272354279466465954e+00
4.347931483943865416e+00
-4.914092510323984975e+00
-5.081588803231433360e+00
-4.605001092593938417e+00
-5.306255587919738836e+00
-6.087581931857026341e+00
-6.340122373318981097e+00
-5.795551602191322260e+00
-5.959246806764081583e+00
-5.465428511197554684e+00
-5.084969516319747029e+00
-4.886883886605804861e+00
-5.383140094862393532e+00
-6.168999743770858579e+00
-6.447268128836966206e+00
-4.984194597149628869e+00
-5.500562107600577733e+00
-4.922943211872357949e+00
-6.027210758642966404e+00
-4.938111588304918698e+00
-4.831982253978607034e+00
-4.434906288924458373e+00
-4.067791223638351106e+00
-4.418712822994150358e+00
-5.320320709984084573e+00
-3.581832611055400406e+00
-4.244097623325677304e+00
-4.329020349527596068e+00
-4.847403453450599642e+00
-3.732801157336623099e+00
-4.216853304494621035e+00
-5.118917536968697668e+00
-4.970377727798529044e+00
-5.122675619653729306e+00
-4.402316971452830074e+00
-4.508507412440994067e+00
-4.027351456851923750e+00
-3.627349744452083691e+00
-5.743653234668061103e+00
-3.033935629397009226e+00
-4.112077123571605597e+00
-5.194790158658468826e+00
-4.205013925241650519e+00
-5.537529173189676968e+00
-4.017538009398808896e+00
-4.258943734964788952e+00
-3.777471353307567448e+00
-5.359789044883755516e+00
-3.824667544727438973e+00
-5.807894257740947808e+00
-5.660788222388135615e+00
1.395472630571115502e+01
1.224479878145891654e+01
1.242397732946547428e+01
1.303318055924023433e+01
1.306187825391299207e+01
1.292650429146782542e+01
1.259862293992944160e+01
1.189675869660638341e+01
1.235867988871985723e+01
1.296224939671788690e+01
1.336066154728893274e+01
1.115277353636771096e+01
1.064768713816154033e+01
1.085881787482190219e+01
1.152469747525961807e+01
1.067235294626184761e+01
1.131609142556457925e+01
1.160349156952814376e+01
1.205761443976134828e+01
1.211566197215076990e+01
1.240803186088152543e+01
1.210113863125759437e+01
1.272801514660999622e+01
1.194820621591525445e+01
1.275005944834363447e+01
1.288913071085556084e+01
1.277465100234372564e+01
1.235800836929363022e+01
1.297288705393730091e+01
1.284991405984142432e+01
1.303514499085406797e+01
1.286493552577941735e+01
1.247307399526385474e+01
1.284809313065205494e+01
1.315588579919750245e+01
1.459410278146127915e+01
1.369116763635482314e+01
1.356883548878028556e+01
1.406102147772462985e+01
1.301799827904068252e+01
1.452182691003351245e+01
1.352657071872941508e+01
1.464348741124181608e+01
1.343334327370244452e+01
1.351373257901886582e+01
1.339580587291739633e+01
1.348879457142368388e+01
1.412571312013359126e+01
1.434400381286701709e+01
1.368196016557782357e+01
1.303728069619375418e+01
1.372532660643549463e+01
1.336504106563578276e+01
1.456245701031252615e+01
1.317806906081621499e+01
1.452744178374291195e+01
1.369601610760544830e+01
1.392843328281462689e+01
1.414661229118047103e+01
1.422110627888642398e+01
1.288080219380674052e+01
1.527720850361921201e+01
1.449182661758807455e+01
1.377026894228703036e+01
1.373552965952245764e+01
1.405299324222899671e+01
1.523523270365660309e+01
1.346948091814867965e+01
1.507122934478648268e+01
1.336738927814137767e+01
1.368630714871095044e+01
1.377904304024879778e+01
1.287205149401994042e+01
1.219235413866542750e+01
1.272087502844801499e+01
1.274744197028463510e+01
1.329061345862847077e+01
1.403043422721149192e+01
1.294460049263196666e+01
1.361575983877486706e+01
1.437509155722456811e+01
1.483743693645608097e+01
1.415924050726004069e+01
1.455800625501994894e+01
1.464973915704671548e+01
1.463727300536900877e+01
1.532688066192296361e+01
1.519100816297060774e+01
1.486742623207191727e+01
1.379999368930152670e+01
1.384691800906987957e+01
1.417860677714347517e+01
1.450712137776743305e+01
1.379604365907888308e+01
1.418333239768745457e+01
1.428094755202096522e+01
1.429599928252308416e+01
1.358221195748920707e+01
1.449854080808716006e+01
1.487473300847525870e+01
