5.365321584858109283e+00
5.224423746805350710e+00
6.398756998820585906e+00
5.349365345243871417e+00
5.465544694732858311e+00
4.917219106831377751e+00
5.157265226571587924e+00
4.669033760324948545e+00
5.369547099865625839e+00
4.563410677154919881e+00
5.176747371186067426e+00
3.972710516630487021e+00
3.442752127624503000e+00
5.793538082848834314e+00
4.914946553525364692e+00
5.470402127953198246e+00
5.589214797344212116e+00
6.106519927813826243e+00
5.513416273439357695e+00
6.217818543809714882e+00
5.127166323557506011e+00
6.182537479187061535e+00
5.743399180313455865e+00
4.792619925785204238e+00
5.116433362330627510e+00
5.402182760113096727e+00
4.344025322149554391e+00
4.966037702613742333e+00
5.629910057435590254e+00
5.067654232391179292e+00
5.927142941176432700e+00
5.244059885193110837e+00
5.605877969365421265e+00
6.905052867645968817e+00
6.056984207578313573e+00
6.543841027371553487e+00
6.123372652569567087e+00
6.359728947234996710e+00
6.159746715886800672e+00
6.486519930627714814e+00
4.723575817997588189e+00
5.630302258339080268e+00
6.568782186808232559e+00
5.955331183688414853e+00
5.581574203331900463e+00
6.403046253419648615e+00
5.799898333786489779e+00
5.682362076973907605e+00
5.834387463438185151e+00
5.445072137299439952e+00
5.859850658133667345e+00
5.469474068304877257e+00
5.521378260162921769e+00
5.047394974949329871e+00
4.990787193619858009e+00
5.705365042181752777e+00
4.853408550805568211e+00
5.795174626125318973e+00
4.994642210971323770e+00
3.503865592857580147e+00
5.715421457161943053e+00
4.387991481536007043e+00
3.770300276320969868e+00
3.274565714480632383e+00
4.008971253355691822e+00
4.694192137391866915e+00
4.276393317980313746e+00
4.023665911663094619e+00
2.957680506611720883e+00
3.766714493938184027e+00
4.418428553651937207e+00
4.473551013502233609e+00
3.939386562888389953e+00
4.002870916141757718e+00
4.754764856883504365e+00
2.681229236955733786e+00
3.426143150848578678e+00
3.553827121075221918e+00
3.302778321861803867e+00
3.826376699455647845e+00
3.215769523436101451e+00
3.360750815305029615e+00
4.326206804617727997e+00
4.817304491359241325e+00
4.479005464852352958e+00
5.266193462220093657e+00
5.196461031721780088e+00
5.625729347934512070e+00
5.305109466518975303e+00
5.967153086585720523e+00
5.761586704739315223e+00
5.098875444820061276e+00
3.777517802774668532e+00
4.693610540856142599e+00
4.720281820160501240e+00
4.956178912323305319e+00
4.804311482231470087e+00
4.236339008187064437e+00
4.813305327386493637e+00
5.850198407564057845e+00
4.665694976639932712e+00
4.881990506341183256e+00
4.791586802856580896e+00
5.642146853212071989e+00
5.364539445859512590e+00
5.078202778296461162e+00
5.160133200156158395e+00
5.151954684089970371e+00
5.334614155749309639e+00
4.842083005914652460e+00
3.333101754537142192e+00
5.014891662690899921e+00
4.396992697479030099e+00
4.225198403319535778e+00
3.478998617249722702e+00
4.332479901891869822e+00
4.395496864882199262e+00
4.613622112415431076e+00
3.815033145371300449e+00
3.466104689702764308e+00
3.303355327378368678e+00
3.229336421312746008e+00
4.684767199608955046e+00
5.345230279265653195e+00
3.583414287647531449e+00
2.561634540876876365e+00
2.402483334626407618e+00
2.818322017335154417e+00
3.941808710276627270e+00
3.210154369196014823e+00
3.087218184713132363e+00
2.498997918900397686e+00
3.108649828367191947e+00
2.118912382449341880e+00
2.331219791371625494e+00
1.757395910495752389e+00
9.227109197095320070e-01
1.582124146535821563e+00
1.153724292435874599e+00
1.897025966311149947e+00
1.772891704489858000e+00
2.465360862673423359e+00
2.894597134094261559e+00
2.349817618154338206e+00
1.752156302171928637e+00
2.172904495483672704e+00
2.394753160152651272e+00
3.083209776770595489e+00
2.484737475067944512e+00
2.167437473744567633e+00
1.742177720440229116e+00
1.432763502046185078e+00
1.825421119199371667e+00
2.373404273727406810e+00
1.439397863391122634e+00
1.774092762037211113e+00
1.272495546392604648e+00
2.250597107857025936e+00
1.253536750348069884e+00
1.510494610265106452e+00
2.067966935267179007e+00
1.346140537239489898e+00
4.161596281637160999e-01
1.177266805797527738e-01
5.322772736206067279e-01
-8.056983669011614779e-01
4.161530013988032906e-01
6.882400156705701377e-01
1.878080269325668183e-01
2.064520261156514991e-01
1.286153742970085112e+00
8.586223066077272037e-01
9.596651544812040413e-01
5.836098819852715280e-01
7.988585134043901803e-02
-6.910715710430341829e-01
-3.987443397679308887e-01
-9.557904795551150912e-01
-8.631035837673053379e-01
-2.086760852393811483e+00
-1.382079767932019365e+00
-1.335126759227524218e+00
-1.088402276409514258e+00
-1.825031193132011786e+00
-7.942594741668047575e-01
3.249223295054646243e-01
6.658736384327523794e-01
4.200077863584814608e-01
-5.611799649495310405e-01
-7.053938187500907731e-02
-1.204304425788723876e+00
-1.154302770972798875e+00
1.756937918648615593e-01
-1.985930489846312597e-01
-1.062376781184930508e-01
5.890390460585761545e-01
-1.654301928484072981e+00
-1.814940698431827037e+00
-1.202455695630604282e+00
-1.032405909704597669e+00
-8.333669240894945318e-01
-4.212678221935242107e-01
-7.408038228062441277e-01
-7.472987692416603878e-01
-1.310794707268166270e+00
5.104690024618285804e-02
7.624039738942949285e-01
-5.463488452467197831e-01
2.848847317235412291e-01
-4.905526635698986837e-02
-7.386790545503343353e-01
4.221706637968578590e-01
-6.432424023722571604e-02
-7.807727357759048914e-01
-3.083366272925127660e-01
-1.030947787476588218e-01
-3.884055074158787590e-01
-9.477545176337631716e-02
-3.744721564767328204e-02
1.340552543960281007e+00
3.486565096634670624e-01
7.055196104996843687e-01
1.626281887568383766e+00
1.217690706369293441e+00
1.906786834431168476e+00
3.134592029588405993e+00
1.794853243874634074e+00
2.637867452446204464e+00
3.143247899622508168e+00
3.068291497834920278e+00
3.045180842891414663e+00
2.628546283035202880e+00
2.434501695040914182e+00
2.605112043958377921e+00
1.589479114813260985e+00
1.858422958886492893e+00
2.691017969678926480e+00
1.709566906133639819e+00
2.115610486370175458e+00
2.495850093219747379e+00
2.755743642964224360e+00
1.414646493171189512e+00
2.698085873992073669e+00
3.784613683136033302e+00
2.080574945947679666e+00
1.420799395791105812e+00
1.909280212250548114e+00
2.397426049618817778e+00
2.700548071200254974e+00
1.646520488928088888e+00
1.549205792312133845e+00
2.937920335427411267e+00
3.144966930471432498e+00
2.551652429141733514e+00
2.381756480317047675e+00
1.742459020399491632e+00
2.426967075188551703e+00
2.517704656509674788e+00
1.278179471530285660e+00
8.683492110752037973e-01
2.343525616041499227e+00
3.423376066445390720e+00
2.241531868663340088e+00
2.218716301078349495e+00
2.126250103581976525e+00
1.296375798638237153e+00
2.398511138046264257e+00
2.360053624869173472e+00
1.669308410581540336e+00
2.405416100904926857e+00
1.458898299041528901e-01
3.421691510993341012e-01
4.336395708183333753e-01
5.555423872220908166e-01
1.643278589148557955e-01
1.384891913674650699e+00
1.899315830071548472e+00
1.861946246748357847e+00
2.236181028820318772e-01
1.049486701481845863e+00
-1.370776684282128954e-01
1.281938566048360872e+00
1.440380283266700534e+00
1.642808386079309901e+00
6.965448983116768744e-01
1.573160140684626729e+00
8.605666677164482969e-01
3.105104540319008066e-01
6.688496158417800430e-01
3.182592708838143380e-01
1.247442387454944956e+00
5.765766684015627419e-02
1.713802776470787492e-01
8.265900390874634240e-01
6.668524141787486315e-01
1.510537650992018754e+00
1.574809657019848430e+00
1.269676464345566025e+00
8.519842825081891391e-01
5.443246022489640623e-01
1.050363303086120581e+00
-3.750699453650163662e-02
4.007778935920702779e-01
2.789088469506380008e-01
5.858419018027349878e-01
-3.679550150715629186e-01
6.044893451950832386e-01
2.313158236209211793e-01
-1.818254152091292042e-02
-3.276297235917562389e-01
1.888086468138627794e-01
-4.820305867052736559e-01
7.684450104080164934e-01
3.890232128977224590e-01
-1.652970330426652978e-01
5.789990234771948963e-01
2.140678059905631869e-02
-7.691061034810076080e-01
-1.561155639179672150e-01
-9.850163851382873759e-01
2.192536940737515039e-01
-2.653040051150217238e-01
-7.144033258574369327e-01
-6.943293591985399971e-01
-2.829258399095033738e-01
-2.307171262193673300e+00
-6.685422717599465159e-01
-1.826388853953057279e+00
-1.410953995210245893e+00
-1.321985956822998354e+00
-3.551468776924350479e+00
-2.937258577738436571e+00
-2.005644299574230516e+00
-2.859704047632104285e+00
-3.449263257718507170e+00
-2.295814947192086564e+00
-2.520013390144128174e+00
-2.865930154258397700e+00
-2.341274503516399541e+00
-3.262434776255314972e+00
-4.497855695288881073e+00
-4.190312522310769339e+00
-4.386312675100200842e+00
-4.898564789257376262e+00
-3.516617683630425262e+00
-2.550221295852283632e+00
-5.261793425017434522e+00
-4.431145850626066363e+00
-3.943150272004112722e+00
-3.973154316326036550e+00
-4.648697991371184557e+00
-4.719444807044562928e+00
-3.974189915094525460e+00
-4.095947968819711349e+00
-3.483540271251093223e+00
-3.598483311189554890e+00
-3.690405924285723671e+00
-3.673086562118024645e+00
-3.992494166224322960e+00
-2.046553112966285504e+00
-4.101660047508088880e+00
-3.919602569433703110e+00
-2.476012445166771769e+00
-3.228307574999930374e+00
-2.565314437042501616e+00
-3.186197165461418734e+00
-3.168637273585728664e+00
-4.047241881830356824e+00
-5.371646587806624851e+00
-4.080719676584841693e+00
-4.344036300639674941e+00
-3.715499914136321635e+00
-6.222312407153845371e+00
-4.098297593549085960e+00
-5.097651157865589866e+00
-5.298856285152439227e+00
-5.199779496322609162e+00
-5.971482759944801266e+00
-5.096912672692524460e+00
-6.017831055452255384e+00
-5.872380312566408023e+00
-5.927642629045977607e+00
-5.465745251866042764e+00
-5.299847024059180178e+00
-6.390553609090802389e+00
-6.330715584081051617e+00
-5.168770058502802911e+00
-6.536583798742559459e+00
-5.664376333449817835e+00
-5.475853038034171227e+00
-4.914028294187241741e+00
-4.951820363439898287e+00
-4.809690144372972931e+00
-5.424302575002283966e+00
-4.524874980629081556e+00
-4.642126185286204354e+00
-4.298427901825209396e+00
-5.091102781639158970e+00
-3.901288899347089334e+00
-4.040316958603850317e+00
-3.664238637531757270e+00
-3.807502302929703930e+00
-3.754333819216764567e+00
-4.159125628931144014e+00
-4.802910228578971541e+00
-5.003166324042592095e+00
-4.547641296855156057e+00
-4.075779036999298555e+00
-4.587557359270083346e+00
-4.654811470579394594e+00
-5.033163573510575972e+00
-4.699470537608082310e+00
-4.338219193010232289e+00
-3.855739714498303883e+00
-4.150192126795562153e+00
-4.795574569027044376e+00
-4.841077990257919517e+00
-4.423624233304255249e+00
-4.557504649616322290e+00
-4.743236050795371916e+00
-4.340547028562091292e+00
-4.903266781251700124e+00
-3.714009381058316350e+00
-4.597446566826452141e+00
-2.922194415625245512e+00
-3.487811075191562082e+00
-3.305531087309682370e+00
-3.598314025749814959e+00
-3.156448844186478198e+00
-2.760783533968741210e+00
-3.424031743433726405e+00
-2.855739098591252301e+00
-2.920015494903707598e+00
-2.832388040909984639e+00
-2.901877075082123447e+00
-2.242428948454168847e+00
-2.521021699498369628e+00
-2.282494103857927392e+00
-2.420745624526150053e+00
-2.494536025405664326e+00
-2.654788407884663748e+00
-4.179376613563292153e+00
-2.954759451565375450e+00
-3.096323500720925992e+00
-3.507563367979505742e+00
-1.840382658835045149e+00
-2.123838538295204081e+00
-2.779449841650490249e+00
-2.704780342609097055e+00
-1.478252330138281501e+00
-9.823053519006155199e-01
-7.946920009807056928e-01
-2.087334428435350553e+00
-1.553158551127023834e+00
-9.609799551853930311e-01
-2.197663991355929269e+00
-2.001943130315663844e+00
-1.266467728658712488e+00
-1.170415200744286288e+00
-1.478083664689412657e+00
-1.395439562812803125e+00
-1.296347591687568190e+00
-1.267797823414758440e+00
-4.457945904788669367e-01
-2.398636723337440380e+00
-1.572177702296065682e+00
-1.738823876238922317e+00
-1.068819690335629069e+00
-2.502484016097061392e+00
-1.993490707881411694e+00
-1.548243386867366844e+00
-2.513286922180482996e+00
-3.214555477586046983e+00
-3.323863899548163303e+00
-2.109820356825913734e+00
-9.003814198193271778e-01
-1.313454100865800278e+00
-5.685963468553048017e-01
-1.246204593249790271e+00
-8.092092836976778614e-01
-9.333181885454084892e-01
-1.885263420939766732e+00
-1.760794021913915763e+00
-1.436095761251515057e+00
-7.956994181420231627e-01
-1.229204064192162882e+00
-2.375519318347795839e+00
-1.773689215153937404e+00
-1.630055846010727727e+00
-1.819023579066297636e+00
-2.105307471540118769e+00
-2.208754794562014290e+00
-2.881311373883647775e+00
-2.616769494961468823e+00
-2.322534991074212130e+00
-2.955852764853196923e+00
-1.187907392832402209e+00
-2.231120060862084920e+00
-1.902787489296669854e+00
-2.537059342463882317e+00
-3.730937972246653356e+00
-2.723254071134005194e+00
-9.302266222079056845e+00
-9.547681739003335721e+00
-9.065338537906034944e+00
-1.254551431080752799e+01
-7.733913089815814601e+00
-7.368338279653138478e+00
-1.248231483001634246e+01
-1.055320331409867585e+01
-1.237552494778944023e+01
-1.211788089952779401e+01
-1.194715021337792038e+01
-9.659343565225654515e+00
-1.755854644082765148e+01
4.566246051329718725e-01
-5.561722874709141173e+00
-7.093631929239477607e+00
-9.667575523025913498e+00
-1.129914375300608853e+01
-1.026722370922031580e+01
-1.053284388940154059e+01
-1.568693518638580642e+01
-3.531770621233594198e+00
-7.160468257237647016e+00
-1.096846969662904669e+01
-2.184468068990893386e+01
-1.129419232756676550e+01
-6.870186172128837754e+00
-1.272036003699107631e+00
-1.324404818667050421e+01
-1.068632789103297398e+01
-2.142853488611190294e+00
-8.599437595450462268e+00
-1.944148834020008820e+01
-2.024611123266507207e+01
-1.001479912822141216e+01
-1.655575184294454516e+01
-1.262891306737015285e+01
-5.080583510633831068e+00
-1.279598828742405914e+01
-1.302301987914148285e+01
-6.915627020027509175e+00
-8.833645314900685719e+00
-7.694323702401197451e+00
-1.282954272174711363e+01
-1.343762836047301690e+01
-9.430283846680723059e+00
-2.782139996552687400e+00
-1.537175128057159235e+01
-8.105450240087792579e+00
-1.318874937018538240e+01
-8.477477846598546307e+00
-8.086298337972287698e+00
-1.076975885132728905e+01
-6.247243651387205610e+00
-6.597698907042624406e+00
-5.602586444151384626e+00
-7.004786446812098610e+00
-5.235092807803688686e+00
-9.204052564061637298e+00
-2.456217573682035749e+01
-1.091095208387484661e+01
-1.698553502107590774e+01
-8.031860815668522946e+00
-1.235225047929165143e+01
-5.871839736315530800e+00
-1.220894143407397436e+01
-8.647030163908537403e+00
-1.104160241214405502e+01
-1.766871504496695167e+01
-4.316879863157465635e-01
-1.387048107648630513e+01
-9.621301228055020971e+00
-1.892123381008435956e+01
-1.377075221817486295e+01
-1.361548133404753358e+01
-1.456155143743039559e+01
-6.423187119552264512e+00
-1.735096294963358687e+01
-1.409242802101492131e+01
-1.049504035405998437e+01
-1.747431628715764163e+01
-9.770680095789263220e+00
-1.075686745701408142e+01
-1.728036337706657832e+01
-7.509926131566817986e+00
-1.479549940887571680e+01
-1.035412549599514165e+01
-8.304804388673918680e+00
-1.315647782359182116e+01
-1.840301248616029994e+01
-7.308389995714835052e+00
-2.551269082643799813e+00
-1.042768148178485887e+01
-8.296608556295511860e+00
-1.238479186162823353e+01
-6.640808788243681704e+00
-1.259545916433621926e+01
-9.530905846095279799e+00
-4.619003397381431952e+00
-8.028009073432238907e+00
-1.226876916436053122e+01
-8.174437801408759086e+00
-1.595430553935580065e+01
-1.375055333405050106e+01
-1.568115263142770743e+01
-1.428595737572553759e+01
-1.182824155263619659e+01
-1.320218353632157360e+01
-1.214731278110746615e+01
-1.528083987662170173e+01
-8.888680450054009086e+00
-1.159532010987440387e+01
-8.509979367810771578e+00
-1.129519767661727769e+01
6.836777917096341639e-01
-9.998220658932666538e+00
-4.557586550969110917e+00
-8.631860881824691134e+00
-1.261524425054322052e+01
1.032186347251283109e+00
-4.053752385748211395e+00
-1.203048437636377521e+01
-2.135082057221020513e-01
-9.970538871802613556e+00
-1.776697663814335826e+01
-5.538701581236260552e+00
-1.285988675113350510e+01
-7.968553530049552691e+00
-9.448419753760180839e+00
-1.547983891163946524e-01
-8.987522603264876508e+00
-3.433326372088973066e+00
-2.438309545229864206e+00
-3.442612094497918385e+00
-6.483313916132994237e+00
1.471156643046473977e-01
-6.126736652591858956e+00
-5.505118385057752306e+00
-1.559542648598071235e+00
-6.737987606288482922e+00
-9.563221924454385459e+00
-9.544088349932028592e+00
-1.185251188431564628e+01
-2.314010820802018031e+00
4.098446038426712956e-01
-7.492780931441542336e+00
-5.713561021517646665e+00
-4.739441972600783259e+00
-2.370510092944607905e+00
-3.529354154720565795e+00
-5.690952430183730648e+00
-9.318219744436868623e+00
-3.924400738234060437e+00
-4.307798446457674402e+00
-9.600742876991336772e+00
-1.314390296336593877e+01
-8.117137625075146801e+00
-9.479359127759629189e+00
-6.405269149614900570e+00
-1.233061753776848768e+01
-1.026201104222748484e+01
-1.246658832169038789e+01
-6.004466538458469671e+00
-5.319350271111950690e+00
-1.135235417223416299e+01
-9.485843787902972224e+00
-6.157813019625062445e+00
-5.148613911163030465e+00
-8.392244643069229681e+00
2.305692577279225386e+00
-1.034397749673030731e+01
-7.589846785541141116e+00
-1.460424209040011156e+01
-7.001292892751575181e+00
-8.017328178631757396e+00
-3.040970886141702412e+00
-6.663162004324290955e+00
-4.022877707271770298e+00
-1.230468641154171294e+01
-4.372469995818303090e+00
-1.034679242426494916e+01
-3.766365903006699600e+00
-9.143286630537314608e+00
-6.203958228433529953e+00
-1.493064513757958522e+01
-3.193095350021505130e+00
-7.512424027915274749e+00
-9.725183873893604058e+00
-3.027071742180920122e+00
-1.370171742279505978e+01
-2.110089689598802387e+00
-1.086340047315260726e+01
-1.574680866264106882e+01
-6.249246969010767927e+00
-1.178835056087826239e+01
-5.452774189940253535e+00
-1.233176327807305661e+01
-1.158527783688674084e+01
-4.390000541617592233e+00
-6.159359815980339548e+00
-1.153562456630966793e+01
-4.310861801644254143e+00
-9.718152806415522704e+00
-7.997072824671354496e+00
-1.697475205989659131e+01
-3.678175351515868385e+00
1.106001509607984268e+00
-1.267929319053139992e+01
-1.073607018356403842e+01
-1.081607478916821030e+01
-5.864947365435355664e+00
-1.942148222398305535e+01
-1.135559330475712159e+01
-1.272248239945503379e+01
-1.301048667690334071e+01
-1.119095969074569652e+01
-9.823280509502767543e+00
-3.507371883339335472e+00
-1.325585504247280966e+01
-1.067083036742752533e+01
-5.928003129113684544e+00
-7.000107807184124731e+00
-2.316721800999329783e+00
-7.233308426917911760e+00
-7.405681258482402107e+00
-8.788186873340595895e+00
-4.548675624886963753e+00
-1.069701791695442950e+01
-8.442763526615056691e+00
-1.155976386665620304e+01
-7.349419041583124645e+00
-1.412707723741895727e+01
-2.611627988882846640e+00
-7.908309972072219196e+00
-2.790515596917563013e+00
-5.829256723581433874e+00
-7.416251487118517005e+00
-3.330852159854351235e+00
-9.141227508089908582e-01
-4.156797961666034880e+00
-6.734998491706666535e+00
2.716371272968187700e-01
-4.842662930841990843e+00
-5.488169824668559293e+00
-4.628654343224242851e+00
-2.238780638913822507e+00
-8.013929026519537757e+00
-3.531680004411893670e+00
-3.160940698460306564e+00
-5.158891142415408915e+00
5.581764168514744551e-01
-1.039249555814434167e+01
-6.789731669169287720e+00
-8.668284851802637192e+00
-2.407048634570974066e-02
-1.250598110855353440e+00
-9.896559107014102352e+00
-1.185181308583213777e+01
-1.256543780121035514e+00
-7.446733316709384987e+00
-1.498035314465281509e+01
4.423652199792678097e-01
-1.058952600763462115e+01
-6.925123198811552250e+00
-6.355588648748439873e+00
-8.557016349494848129e-01
-1.121799154409371013e+01
-6.603668381823346145e+00
-2.596863543559029708e+00
-8.420102037634062953e+00
-1.355794751914708662e+00
-4.326263372906970162e+00
-6.216876025835651021e+00
-2.876960039126712942e+00
-3.929363038487609927e+00
-9.896486531381778917e+00
-2.869494254573337955e+00
-1.054235188379824528e+01
-1.361733570278304128e+01
-1.019162024483214246e+01
-7.464214975765589344e+00
-7.183461497031851550e+00
-1.932005053887376178e+01
-2.653218916821533213e+00
-8.310208477839664098e+00
-1.866893876471046987e+00
-1.286460001605946246e+01
-1.454041342237876222e+01
-6.924844863883391710e+00
-1.650431076175919287e+01
-1.066829953894912464e+01
-1.181418709869841699e+01
-1.354598329993968875e+01
-1.549398091967875146e+01
-1.258540117041013318e+01
-9.786060187211802486e+00
-1.050148568403389859e+01
-7.454263200146665547e+00
-1.203544526014491822e+01
-4.317259307489228704e+00
-7.017697081100404688e+00
-2.696992755697714905e+00
-1.632262622024342136e+01
-7.780988263094496205e+00
-1.733838943853820780e+01
1.037630467597157491e+00
-4.210413913173960410e-01
-3.580602077301727526e+00
2.469917365844092938e+00
-1.492487216748878609e+01
-8.471485450265536343e+00
-1.056317477156292028e+01
-1.083324368098759471e+01
-1.249718931435568336e-01
-1.008970545691567366e+01
-1.484678102212228268e+01
-7.404122751951524251e+00
3.826594369032756848e+00
-1.985917491855889594e+01
-1.420299388746045288e+01
-9.615581735065877211e+00
-7.373608117841913945e+00
-1.320242776768629156e+01
-9.400481857362002813e+00
-6.589233269154342487e+00
-1.261984095912288062e+01
-1.221195137113263840e+01
-1.157196056240490378e+00
-1.561345142321506252e+01
-4.782100381598841210e+00
-1.107632800318985744e+01
-4.326101864772698313e+00
-5.536230494171707761e-01
-7.206670043227981992e+00
-4.684563348639098734e+00
7.738179761313652705e-01
-2.766408619983406147e+00
-5.458085374418601532e+00
-3.953693077877147299e+00
-1.066230440998119988e+01
-7.605417295052514959e+00
-8.798458885959808740e+00
-5.374944089362321265e+00
-1.355954890876967411e+01
-2.194003266567905897e+00
-1.237064517063471492e+01
-9.399819757375528440e+00
-3.213012653185054024e+00
-1.032673399062938913e+01
-4.551428613392042521e+00
-8.321148659390642521e+00
-5.513723142041366820e+00
-4.851064464860233016e+00
-1.866002420703337350e+01
-7.867835874860652723e+00
-3.982876925696544834e+00
-1.664413967153684126e+01
-1.270986734416040598e+01
-1.706299147487928636e+01
-8.830976316435162232e+00
-1.119124429370502050e+01
-1.098440548811374562e+01
-7.079832449351934898e+00
-5.275317358282014979e+00
-2.946116310232405944e+00
-3.945109270992536388e+00
1.911924524424423399e+00
-1.512086961570182453e+01
-1.373431753642943320e+01
-1.025382983230483802e+01
-1.475489172096721191e+01
-1.897476949935517254e+01
-1.589147694617112805e+01
-9.773003761641676945e+00
-5.710293488695421082e+00
-1.156707179934963392e+01
-1.444344490438563611e+01
-1.175999276783629810e+01
-5.456788125169865111e+00
-4.666892010764156495e+00
-5.756109589549801342e+00
-4.031379900927724691e+00
1.112783771320056125e+00
-1.302673898923879037e+01
-3.895342323095638548e+00
-7.925422046744605709e+00
-6.843240694451768746e+00
-2.863697089059934253e+00
-1.144425422754882860e+01
-7.001397941609166509e+00
-7.978261013283134417e+00
-1.281742718691370442e+01
-1.776797103072621287e+00
1.142165471869393212e+00
-6.629398333049772774e+00
-1.087461530973829804e+00
-1.098580757843398459e+01
-9.465913785201824027e+00
-6.803451257288885223e+00
-6.327774877711883406e+00
-1.836230091271687570e+01
-1.146360377066693381e+01
-1.227925905990859601e+00
-5.737883905372864746e+00
-2.356578436165129631e+00
-6.212820503991423493e+00
-1.039352117510704687e+01
7.690842109536313309e-01
-1.318780484934178965e+01
-8.824740877107611681e+00
-8.780098647889689190e-01
-5.654817551290642008e+00
-1.479177217457056770e+00
-1.122646051947371681e+01
-1.054875153294619317e+01
-6.766751217671393981e+00
-5.655679501576382329e+00
-7.409022101592761977e+00
-1.065359206147493865e+01
-4.104722106309324658e+00
-1.580906115641466947e+01
-4.536349825834566474e+00
-9.998594360282028859e+00
-6.620624312160522607e+00
-2.658011073070719377e+00
-2.827126113864520285e+00
-3.795797658493800242e-01
1.616457971174587227e+00
-6.377377265282443197e+00
-2.153324139746350507e+00
-2.917751099085865718e+00
3.586516868361213639e-01
-1.592580278792936177e+01
-5.566276271816833265e+00
-8.928298641582500750e+00
-8.666480803631156249e+00
-2.610999147748380267e+00
-6.880195993037538038e+00
-7.129959082353490629e+00
-1.353242965714370083e+00
-6.444190343346014593e+00
1.066647529687841534e+01
-4.447392409100075383e+00
-8.198010462961200062e+00
-4.275411691841379813e+00
-1.118046689343135824e+01
-6.955843176615442935e+00
-4.073260737649052388e+00
4.967968998037079587e+00
3.258592703225925646e+00
1.571186576223785547e+00
-4.309983933414725854e+00
-1.392488134815577183e+01
-1.308092895161775182e+01
1.297953816912399860e+00
4.981143748020427253e+00
-1.882728785692755924e+00
-3.866605310903941106e+00
-6.521225754183428869e+00
-6.822875026353577788e+00
-5.327859174112473006e+00
-1.162901246691478718e+01
-1.630620989397375808e+01
-9.700920011150229172e+00
-4.289176599310416726e+00
-6.540326104497182769e+00
-1.611176619519840258e+00
-1.074338635592173041e+01
-8.862528136291979663e+00
-6.352274793352769677e+00
-1.557753208960337421e+00
4.773389004184802609e-01
-5.037223533054339342e+00
1.711367583035487971e+00
-9.536694322399286161e-01
-1.416248717771891652e+00
-9.880346065220269480e+00
-9.567994110877293679e+00
-7.573246754517099610e+00
-1.339230178119727999e+00
-4.100777024803758053e+00
-4.969421445168107354e+00
-1.680275615687955693e+00
-8.473365457200823236e-01
-8.705121169495001254e+00
2.837826848087857901e+00
3.208624783688586390e+00
-3.527558114318192217e+00
2.235201831918574467e+00
6.057106506455203210e-01
6.027894031147038589e+00
-6.677929569994324410e+00
-5.660980674342845909e+00
-8.972784582096702266e+00
4.073044376920799792e+00
1.851722046187419757e+00
-4.440641714904121073e+00
2.444695824649634197e+00
-2.544459474291245193e+00
