5.479060357229776912e-01
6.191537429111971802e-01
7.755129239310289968e-01
5.142456276439961727e-01
-6.665959737217086456e-02
-1.871997228535056401e-02
3.196820666403403788e-01
-2.549337798313111580e-01
-5.007413655783957140e-02
-3.507500441092119559e-01
-5.866808611240199589e-01
-5.674531188614945210e-01
-9.224885158894067239e-01
-1.369450785124267655e-01
2.320007444915778150e-01
3.289601982036427508e-01
4.042631025116704135e-01
2.544758345625229290e-01
2.613638868579050145e-01
2.670791929793895347e-01
8.256576722498456533e-01
5.892838653275922489e-01
2.452129663668307646e-01
4.864083238052281377e-01
3.122736176582049383e-01
2.592346227232335543e-01
9.130688779712872738e-02
1.415908549233371727e-01
2.094407785119686283e-01
3.355113456057255417e-01
6.102203223575054514e-01
7.795514863428190111e-01
1.121902440109659338e+00
1.365163629390630629e+00
1.031623040558939719e+00
1.185595120173832617e+00
1.031073868313134412e+00
9.167647562515968129e-01
1.198164420120241269e+00
9.892858866414007135e-01
4.795755157588322826e-01
3.578279172211878412e-01
7.331739496815765644e-01
6.445769721343957981e-01
1.153200812663911723e+00
1.073691553259654929e+00
1.463215653183749687e+00
1.441614613066401152e+00
1.092677381831976158e+00
8.302284538715214435e-01
4.334876895238040651e-01
4.794554114663913125e-01
2.670759686422241597e-01
-7.192302166757258419e-03
1.308278820675723986e-01
4.542661778012403451e-01
-1.178909051660157470e-01
-2.500501494689933990e-01
-5.156157857450366366e-01
-6.150548271069248285e-01
-1.344210181061357701e-01
-6.448722442130165877e-01
-1.072147674477635260e+00
-1.265553034563055679e+00
-9.087065863938326160e-01
-9.243596551070236700e-01
-1.022040814819117793e+00
-9.807132372772006113e-01
-1.458925997710587286e+00
-8.293387360432393773e-01
-5.852470101813993519e-01
-5.670535005274048856e-01
-4.767404306102205336e-01
-9.261619457369389963e-01
-8.840980844670756067e-01
-1.488065931247419815e+00
-1.921759353756238298e+00
-1.601502044348883880e+00
-1.447704311439515168e+00
-1.189679930315921785e+00
-9.901899498679352929e-01
-3.228478977312095877e-01
-6.287991871320062209e-01
-3.957107769242215189e-01
-4.783639994940099283e-01
2.152156514560523148e-01
2.792946769353296110e-01
4.661362717113621823e-01
5.132801293795631326e-01
6.566215663069288055e-01
3.659735106201678079e-01
-1.397397150787251796e-01
-3.232887348805151273e-01
-4.478843051269951747e-01
-4.242857485855376365e-01
-2.184640910990304219e-01
-2.793570634089856397e-02
-1.946543857455051707e-01
2.728668451488408531e-02
2.187195172182080094e-01
-3.036477146693064011e-01
-7.073088775048586019e-03
-2.395902644504809692e-02
2.462149341965675364e-01
5.967030413367409025e-01
1.448606237086038639e-01
-2.087899828580008776e-02
-3.174070042846306033e-02
1.743159822559387784e-01
-8.810374872298207261e-02
-7.824376119971663268e-01
-1.153712586800116124e+00
-8.883403183326687991e-01
-2.696153699453336383e-01
-5.475494481310039241e-01
-7.127773178171683544e-01
-7.279654604712257893e-01
-6.939327195668130166e-01
-6.331922012602148042e-01
-1.564964930738082405e+00
-1.583745630655099434e+00
-1.613402618716146097e+00
-1.657846387007985145e+00
-1.689116944495645756e+00
-2.106301704680067832e+00
-2.315374955768446874e+00
-2.366731548826628284e+00
-1.978921564086853824e+00
-1.685091349647075187e+00
-1.816141653631282882e+00
-1.808135870899993503e+00
-1.969441733893286584e+00
-2.055000021254515641e+00
-2.322488521797119621e+00
-2.459390377524462767e+00
-3.105886182891393510e+00
-3.759337323953221954e+00
-3.333338160855979115e+00
-3.080807130530013094e+00
-2.716179853959701074e+00
-2.468243322151908892e+00
-2.716831639809895282e+00
-2.820649222815974522e+00
-2.816041931477788474e+00
-2.857622680868402654e+00
-2.615874505000475914e+00
-2.608322334829511480e+00
-2.637257071187827151e+00
-2.881802923430856200e+00
-2.912533799033901083e+00
-3.055419747809296815e+00
-3.306776749478351984e+00
-3.340581328741156319e+00
-3.242189410710496489e+00
-3.219070776764738184e+00
-3.146989757807288957e+00
-3.595611401442013300e+00
-3.458062355523677578e+00
-3.532642296355951839e+00
-3.897201290398736973e+00
-3.814653932229217670e+00
-3.744039270429709187e+00
-4.254442716423181281e+00
-4.829499605693927222e+00
-5.053732085314487144e+00
-4.962592746749366235e+00
-4.542324704923633050e+00
-4.756350146050312588e+00
-4.973832712751544705e+00
-4.559727187925689762e+00
-4.316408109927627912e+00
-4.139858358000758187e+00
-4.250197259462749066e+00
-4.410591962691058576e+00
-4.607532376021636011e+00
-5.544502422025267663e+00
-5.718463740262052397e+00
-5.493818174045231650e+00
-5.744945373858944215e+00
-6.281245509101390567e+00
-6.485506158238174557e+00
-6.302451404634585863e+00
-6.387052242132567059e+00
-6.045489274020902748e+00
-5.648791729031246156e+00
-5.610970066098558640e+00
-5.788756115480683029e+00
-5.588417118156925767e+00
-5.202027765375508039e+00
-5.632252747959872075e+00
-5.767943568590045977e+00
-5.449622100747290254e+00
-5.244509908447209767e+00
-4.935049965903453462e+00
-5.562056401381893167e+00
-5.489344258451728464e+00
-5.738883345792840096e+00
-6.346796835613829124e+00
-5.981888024755269484e+00
-5.975960131919520357e+00
-5.955030267968329127e+00
-5.539055823719168714e+00
-5.561692159676446146e+00
-5.387246472608691050e+00
-5.489365545920815492e+00
-4.974541771735416340e+00
-5.054275881956390215e+00
-4.710887311489941887e+00
-4.726463587947632661e+00
-5.126514322447397909e+00
-5.042366753755763042e+00
-4.981554151390565011e+00
-5.288862374649544229e+00
-5.376980125151708201e+00
-5.160143546101794598e+00
-5.343501963656539289e+00
-5.019936588577639469e+00
-5.093117820410263619e+00
-4.525048165897842978e+00
-4.384525745144510545e+00
-4.285662535281528740e+00
-4.015274718025333200e+00
-3.889224351193655949e+00
-3.480514747440350387e+00
-3.482319811378649543e+00
-2.650389007239080108e+00
-2.420229689812303242e+00
-2.087697516871621861e+00
-2.389715155186466600e+00
-1.985453182730873900e+00
-1.972487393035780023e+00
-2.429538197619041551e+00
-2.572625739557281133e+00
-2.708080317407722593e+00
-2.968657014063960098e+00
-2.443009239642192298e+00
-2.365466067966420116e+00
-2.653731187890477017e+00
-2.698148152982611236e+00
-2.783648414364837009e+00
-2.759033127768495408e+00
-2.957312552146515117e+00
-2.986488478452176576e+00
-2.373782601958883909e+00
-2.854989400690272738e+00
-3.166765376200211701e+00
-3.120343270362355259e+00
-2.739787324422721326e+00
-2.328602308337234028e+00
-2.952533424772544102e+00
-2.811069067534118560e+00
-2.848872848422892012e+00
-2.742187623364477744e+00
-2.454498056054703170e+00
-2.779554791387287338e+00
-2.934131884222251241e+00
-3.084719996205831372e+00
-3.286062607886651943e+00
-3.164938646446930903e+00
-3.333446641181557091e+00
-2.704463501025172079e+00
-2.425917243698538783e+00
-2.986531023625645265e+00
-2.390543773824406415e+00
-2.657086133559759311e+00
-2.884327130152435803e+00
-3.113109384629718868e+00
-3.356429510956989493e+00
-3.509631687528638189e+00
-3.325553353754537866e+00
-3.980043597824477253e+00
-4.029447071907781286e+00
-4.027122632878461950e+00
-4.306558746927213299e+00
-4.100383664300670361e+00
-3.525394300016179816e+00
-3.801671424580993719e+00
-3.598558700152808765e+00
-3.975775134329087024e+00
-3.962363022433466497e+00
-4.000917540902271696e+00
-3.493168114476067121e+00
-3.558805206169777247e+00
-3.751988357095851878e+00
-4.245154672050360567e+00
-3.849074958954207037e+00
-3.817851142361344596e+00
-4.038052044957678000e+00
-4.447871858074576856e+00
-4.784399003908250236e+00
-4.527037625381188590e+00
-4.682874895087621780e+00
-4.723514586210795230e+00
-4.504055678925042550e+00
-4.509147400079557499e+00
-3.890377623302383014e+00
-4.037250600663998767e+00
-4.121447307316069342e+00
-3.595815706630688169e+00
-3.817270731358887836e+00
-4.250811135841923161e+00
-4.442515680528774880e+00
-4.490768097351423016e+00
-4.715991059512301575e+00
-4.345191454239094142e+00
-4.583915312265459896e+00
-4.579096086005974620e+00
-4.367806210895164298e+00
-4.504518363559935068e+00
-4.645988254117441763e+00
-5.081194864854237991e+00
-5.055000322596201912e+00
-4.526274325335746695e+00
-4.443691668298791697e+00
-4.808123472710239099e+00
-5.049697372049419819e+00
-4.982066428736063202e+00
-5.026421726775549104e+00
-5.211219491834634177e+00
-5.398267323886482671e+00
-4.704689610761160878e+00
-4.830049437489114972e+00
-4.845448440416172176e+00
-5.132000800878386393e+00
-5.757840781499426797e+00
-6.225827018956100467e+00
-5.762089793572251040e+00
-6.271109893113534284e+00
-6.939585784526244083e+00
-7.231790231047932060e+00
-7.647380000770676034e+00
-7.752052523841989284e+00
-7.466249558998052649e+00
-7.981851004641624669e+00
-7.904967324419136077e+00
-7.695917827286376856e+00
-7.947300120936234613e+00
-7.898766444436907008e+00
-8.288765950394189730e+00
-8.593139831877486756e+00
-9.111566603208109072e+00
-9.048933298646504753e+00
-9.021705286680536062e+00
-8.874399552219186305e+00
-8.432558751312086542e+00
-8.789668324081418405e+00
-9.288370533791086459e+00
-9.113087343794962436e+00
-9.189976912436524259e+00
-9.578797991383328991e+00
-9.717603299304274245e+00
-9.424195859962752664e+00
-9.044699723427148896e+00
-9.123580851153441529e+00
-8.612565810502072594e+00
-8.518863089792617416e+00
-8.824949309359434224e+00
-8.204164030772126637e+00
-8.559271932827121177e+00
-8.220140752149999841e+00
-8.353980086230391677e+00
-8.434289633640398520e+00
-7.770085639738512739e+00
-7.946524469940446700e+00
-7.742148234590088940e+00
-8.325453694663451643e+00
-8.929851173839194800e+00
-8.849807295397038587e+00
-9.295688194077687427e+00
-8.701149143410582099e+00
-9.336731473698597128e+00
-9.589740046820418584e+00
-1.001485565270483491e+01
-9.960101614707818740e+00
-9.903005173575396114e+00
-9.750004053305083573e+00
-1.017826359373841782e+01
-9.956456178075912433e+00
-1.011550293946182144e+01
-1.055116616028174903e+01
-1.080301337024952879e+01
-1.061957112799727199e+01
-1.028488994829300651e+01
-1.096727827045045522e+01
-1.074219357141478071e+01
-1.078382419252667468e+01
-1.044487874533589178e+01
-1.088010456543881688e+01
-1.010091728445624604e+01
-9.928671927116624829e+00
-9.595918379771948281e+00
-9.704567135038432824e+00
-1.013338294183108168e+01
-1.010508500627468109e+01
-9.565689094664875824e+00
-9.288973556620033989e+00
-9.483034779156636063e+00
-9.544618429773485957e+00
-9.572169266389057185e+00
-9.846901984559021770e+00
-9.272972967075203243e+00
-9.253240091861073324e+00
-8.927148346865321216e+00
-9.125842649559551489e+00
-9.424465019499445262e+00
-9.071587385573412377e+00
-9.150310927462754762e+00
-9.147979841763252296e+00
-9.644186800607535304e+00
-9.925347770270608549e+00
-9.923375233037527110e+00
-9.463059828411747532e+00
-9.358584099351753949e+00
-9.381479097904863451e+00
-9.174534669048336255e+00
-9.342747329730235251e+00
-9.180608685025969606e+00
-9.096247052080515871e+00
-9.160357866095251822e+00
-9.503465941179968013e+00
-9.156252259440964991e+00
-9.405564240003943866e+00
-9.202930098317349206e+00
-9.059743378990635421e+00
-8.255364424409689761e+00
-8.567884342242741980e+00
-8.700730784669051587e+00
-8.374249094627916890e+00
-8.010609411360061216e+00
-7.771878425470432283e+00
-7.946416407289111028e+00
-8.321501992817267990e+00
-8.109231695094671011e+00
-7.965060168864076751e+00
-7.348122493899054142e+00
-7.363474883515086944e+00
-7.216504093483852245e+00
-7.110071052949717085e+00
-7.413191069965684221e+00
-7.397304759666223362e+00
-8.077702140643339135e+00
-8.539262963764295833e+00
-8.295965433496421682e+00
-8.126248312766202631e+00
-7.888062110089451018e+00
-7.117466465421811606e+00
-7.566818141871416437e+00
-7.895471927334662077e+00
-7.335800964866221463e+00
-6.677944525428175737e+00
-6.846956031202203974e+00
-6.797014956325271307e+00
-6.966476683551928950e+00
-6.783408991595534232e+00
-6.701576853483005358e+00
-6.687372333302038285e+00
-6.572018593977927203e+00
-7.058679356695845009e+00
-6.619067847501951540e+00
-6.334429132908494076e+00
-6.365818011117675645e+00
-6.093482156357583612e+00
-6.110141686924484006e+00
-6.128752674541926737e+00
-6.533266324709426698e+00
-6.907837845628253426e+00
-6.891770993629249276e+00
-6.777733679902811836e+00
-6.999453285275079040e+00
-6.737197942536456097e+00
-6.878483994856080308e+00
-7.042003696720962047e+00
-7.641077809052250203e+00
-8.141024851582535860e+00
-7.648797757630045879e+00
-7.093014791165738409e+00
-6.924466190583346226e+00
-6.433575672090932507e+00
-6.814945533866056060e+00
-6.260521995781910043e+00
-6.304548835056142941e+00
-6.071817168643217855e+00
-6.557700964100382279e+00
-6.461950746828936332e+00
-6.169925802750814370e+00
-6.230549392547986898e+00
-6.366736536678903491e+00
-6.583992537833255554e+00
-6.616698528457197526e+00
-6.534499296052842077e+00
-6.743251673682880920e+00
-7.096809034734733679e+00
-7.033310854701768200e+00
-7.352563989478073658e+00
-7.826599094549836266e+00
-7.561467974858730123e+00
-7.039812184931068195e+00
-7.256001457980855385e+00
-7.113739440848211082e+00
-7.514401524808914878e+00
-7.612588714240011711e+00
-8.042266141605583840e+00
-7.849955221816670381e+00
-7.761453294972448624e+00
-7.863210269018791720e+00
-7.359555961090258336e+00
-6.892579391591247884e+00
-6.603452137582274339e+00
-6.151700197306437801e+00
-6.791927521885028796e+00
-7.196796193751298532e+00
-6.840276830174047085e+00
-6.581487976703083831e+00
-6.196719933989020213e+00
-5.485531455738314577e+00
-5.139928269508128089e+00
-4.881157287721404892e+00
-4.598047607634268452e+00
-4.954457056043881202e+00
-4.776091314256897924e+00
-4.507998100237236017e+00
-4.703108745583788775e+00
-4.806617009789857953e+00
-5.060369572868810728e+00
-5.621206892070095940e+00
-5.573985360854670112e+00
-5.577060278681180705e+00
-5.389290698187952700e+00
-5.437421939049288611e+00
-4.714076712787098167e+00
-4.614918480043029625e+00
-4.144505842474281998e+00
-4.168919127543126102e+00
-4.052834513005173278e+00
-4.607653438529629497e+00
-5.209695088641219662e+00
-4.837249564457193785e+00
-4.791463923163685301e+00
-4.460379565428842952e+00
-4.416170329560593188e+00
-4.850271179891593398e+00
-4.836118675752714147e+00
-5.257463622723803631e+00
-5.657465087452396624e+00
-5.983404785747304722e+00
-5.739975022163979368e+00
-6.262949371826532996e+00
-5.834362140300221711e+00
-5.867299773575344268e+00
-6.211508585805630034e+00
-5.725963287865091011e+00
-6.109616740558900361e+00
-5.438466534175296907e+00
-5.363592148690527139e+00
-5.093545263637693665e+00
-5.326989215123680843e+00
-5.548193559849215362e+00
-5.245349989999059659e+00
-5.338094187552313130e+00
-5.701106288938473377e+00
-6.039634182042961541e+00
-6.106704050245915560e+00
-5.658849085994342332e+00
-5.662047978734046971e+00
-5.803804762113996318e+00
-5.960561427853314775e+00
-6.046239679650359911e+00
-6.230696331034284441e+00
-6.112787234055197416e+00
-5.737851944265917936e+00
-5.697011173683874219e+00
-5.788969614895489890e+00
-6.216408744674067677e+00
-5.922575674446146188e+00
-5.803654367979570239e+00
-6.080878653064655914e+00
-5.657149743254677787e+00
-5.209287018779840572e+00
-5.173441968494194576e+00
-5.191683566335477451e+00
-5.361012909826074591e+00
-5.495768452269678583e+00
-5.932760891905100920e+00
-5.987219007930276504e+00
-6.098866280312019938e+00
-5.643659188557167639e+00
-5.960072814226221816e+00
-5.976617963646480014e+00
-5.812426053810971993e+00
-5.572138295488790583e+00
-5.028653508551127693e+00
-4.628121503794666580e+00
-4.640396078664364765e+00
-4.402558214345854815e+00
-4.612854406394049533e+00
-4.783770390672794193e+00
-4.916657342178704759e+00
-5.277448189082917018e+00
-5.084156682977915231e+00
-4.839307297723318690e+00
-4.918267520298085671e+00
-4.978319558263437195e+00
-5.650097587634066443e+00
-5.791667926813120815e+00
-5.615978984759650849e+00
-5.915228182568547766e+00
-5.402656473705667040e+00
-5.169181846387446377e+00
-5.521015112829476656e+00
-5.473685868557521594e+00
-5.547629584940617420e+00
-5.619142985609133056e+00
-5.690779387608808193e+00
-5.280348917388256957e+00
-5.030336512950976946e+00
-5.277306851134155430e+00
-5.174038531418510445e+00
-4.837556181381345688e+00
-4.655077191012737536e+00
-4.670433752061224908e+00
-4.532728236042342651e+00
-4.409108644935072263e+00
-4.024400493325981820e+00
-3.333533318989010841e+00
-3.366451133714806421e+00
-3.232189239713163520e+00
-3.586033810718235681e+00
-3.129502233676087375e+00
-2.374692386259446231e+00
-2.270644394577294722e+00
-2.321312639594658389e+00
-2.389882095020844588e+00
-2.498506711660721802e+00
-2.603232187794296770e+00
-2.451934773191731587e+00
-1.984858118298410190e+00
-1.960547248449066027e+00
-1.696610911800690458e+00
-1.307417764374646740e+00
-1.278889867634117161e+00
-1.117017667872340692e+00
-6.811734757050165179e-01
-5.978233939004534703e-01
-4.296303633459932492e-01
-3.519178884685383313e-01
-6.056348636088766391e-01
-7.074780733749561623e-01
-1.035863456060371668e+00
-1.145854192992089349e+00
-1.329142129318431564e+00
-1.450003198266650140e+00
-1.432842227543486446e+00
-1.915923090286653752e+00
-2.661049334614729922e+00
-2.675432164440408656e+00
-2.403629728634007812e+00
-2.963765328302379487e+00
-2.902999385306761049e+00
-2.844059338564955741e+00
-2.305168963708896346e+00
-2.154714308451197713e+00
-2.426932660887716864e+00
-2.374247833339890423e+00
-2.438716068744842591e+00
-2.423350993523369468e+00
-2.744205623305258523e+00
-2.639587060798157747e+00
-3.241999848121500882e+00
-2.887822030892323699e+00
-2.948422258672165785e+00
-3.137209846207726471e+00
-3.132918151590832867e+00
-3.357192131956735270e+00
-4.034259631917128885e+00
-3.925872036494633566e+00
-4.073907371395994126e+00
-3.697577352519187066e+00
-2.856861204233108520e+00
-2.915333099738120826e+00
-3.084345374254238159e+00
-3.061162324992977801e+00
-3.046110305701617893e+00
-3.358475861952768149e+00
-2.870509596982747436e+00
-3.017594332588980688e+00
-2.928181707287452973e+00
-2.804051395510069433e+00
-2.394737774761348081e+00
-2.580728939811233413e+00
-2.143616003355127031e+00
-2.375902675131405406e+00
-2.463387436202773451e+00
-2.250820396897826647e+00
-2.466589951502616174e+00
-2.400533373938670501e+00
-2.491223240794584459e+00
-2.748809755255852583e+00
-2.846381873915365013e+00
-2.963522159758893437e+00
-2.831245628282222260e+00
-2.935962526337114298e+00
-3.301619964804714868e+00
-3.492389277735227449e+00
-3.578534168547390149e+00
-3.620550054586089583e+00
-3.185483291490646351e+00
-2.727056119599864381e+00
-2.609146402234372442e+00
-2.436597916179292334e+00
-2.393094070038874754e+00
-2.085094871481580459e+00
-2.219689378440222072e+00
-2.643041103997501473e+00
-2.329627761396003027e+00
-2.512447223301887522e+00
-2.681553181963580723e+00
-2.336079878396567722e+00
-2.317479624689682716e+00
-1.817645102285218917e+00
-2.177187750801015564e+00
-2.420142031439740826e+00
-2.771383580963483251e+00
-2.853491312119520451e+00
-3.095140642006087184e+00
-3.327024494680289823e+00
-3.688393707501862906e+00
-4.019647679786038097e+00
-3.943007756317835621e+00
-4.090227381314206490e+00
-4.051914120633171024e+00
-3.860299360591296747e+00
-3.715436503413536595e+00
-2.938148782470954679e+00
-2.630076490963087377e+00
-2.091034496607188320e+00
-2.510674401406018053e+00
-1.778651052763456253e+00
-1.878377059749281486e+00
-1.427896892542573681e+00
-1.631290485789450573e+00
-1.892932945058210414e+00
-1.560211081059923233e+00
-1.138918350203595109e+00
-1.014111851329839942e+00
-1.109010429671587250e+00
-4.138500497503455611e-01
-1.151703133096745102e+00
-1.816622221292483630e+00
-2.157341431636333517e+00
-1.739896889193276008e+00
-1.065267533900897234e+00
-1.097873836407720072e+00
-1.127927858542548067e+00
-1.323766283683975642e+00
-1.093058673469456288e+00
-1.684407507173295349e+00
-1.964181753938213371e+00
-2.307776303844718768e+00
-2.454043923114338277e+00
-2.422078021539544768e+00
-2.545693803856924564e+00
-1.810219122181409013e+00
-2.441128520782692934e+00
-1.861887241235032686e+00
-1.840035863688729956e+00
-2.571123334440209796e+00
-2.083206302814518018e+00
-2.265968360613173083e+00
-2.171490644024994587e+00
-1.934951970454985792e+00
-1.815998772130877903e+00
-1.925597397496713770e+00
-2.073842238650290604e+00
-2.409843740083878583e+00
-2.434902187047999877e+00
-1.940585794274421794e+00
-2.612864239810455125e+00
-2.885759894268577597e+00
-2.962641341700791742e+00
-3.222114666351361567e+00
-3.335669300578154584e+00
-3.546411934234253938e+00
-3.608174659365493753e+00
-4.003426155292753030e+00
-4.082007865763912946e+00
-3.919752477149819114e+00
-4.188056053471826523e+00
-4.318618299424630713e+00
-4.340537279449287134e+00
-4.118674039881706328e+00
-4.303829059528037959e+00
-4.362519511411025341e+00
-4.566211234210876491e+00
-3.740551836243316330e+00
-4.548393149257044854e+00
-4.572381102770114225e+00
-4.281242287040932126e+00
-4.136408050769802891e+00
-4.108398996379523105e+00
-4.134946414766780265e+00
-4.300164946220795592e+00
-4.313699155569176824e+00
-4.248283791791107156e+00
-4.507728897505398180e+00
-4.286757001852809168e+00
-3.861156545093034520e+00
-3.690211690440868164e+00
-3.261465950888686294e+00
-3.352345881316628251e+00
-3.432328599678772463e+00
-3.088815696150442935e+00
-3.059170687327045890e+00
-3.425249784774677675e+00
-3.174020674891554705e+00
-3.278919914680692660e+00
-3.354143585609675959e+00
-3.503494898119008383e+00
-2.988370947320731830e+00
-3.130636763460256322e+00
-3.109436469995001229e+00
-3.107919339453840468e+00
-3.275997748492899930e+00
-3.011174835678505524e+00
-3.117265920459759698e+00
-3.706091853783752832e+00
-3.639750601176952038e+00
-3.612953990712103547e+00
-3.873919975784914982e+00
-3.900983895217172037e+00
-4.078323841298741925e+00
-3.760479386696863102e+00
-4.095168878034293414e+00
-4.164106360499715720e+00
-3.425294721202328141e+00
-3.030960742910082217e+00
-2.733285313706190323e+00
-3.171170244084519751e+00
-2.874034758122888888e+00
-3.387738588517074767e+00
-3.108807737798345627e+00
-2.882788369473910262e+00
-2.999919042569403338e+00
-3.284964340851305398e+00
-3.757058354684629897e+00
-3.863014047908845949e+00
-3.907400147982525329e+00
-3.645620142317373968e+00
-4.209629728956041816e+00
-3.999600668226083844e+00
-3.949468626734641052e+00
-4.017211316741616578e+00
-3.834431846989375892e+00
-3.562366684964630270e+00
-3.524715879068270663e+00
-3.614781112260639695e+00
-3.965600241515261359e+00
-4.100878694927722279e+00
-3.636813960716542393e+00
-4.153573904345339685e+00
-3.685804551805578644e+00
-3.684119206786505174e+00
-3.982183762643109581e+00
-4.492341068830901563e+00
-4.072160491680653749e+00
-3.576689852352465504e+00
-3.837361953373223500e+00
-3.663343677958104116e+00
-3.362578204367383528e+00
-2.865199773556818652e+00
-3.044999596010977694e+00
-3.083981424041151609e+00
-3.128684162550035897e+00
-3.771084639216308432e+00
-4.036598643206890991e+00
-3.543716035820287935e+00
-3.598913240481115050e+00
-3.502167375828766804e+00
-3.463542440196314409e+00
-3.880552417311200930e+00
-3.867127256780114042e+00
-4.186164187711047369e+00
-3.814794060493265970e+00
-3.307733467133854521e+00
-2.706679258487314499e+00
-2.879960369288441235e+00
-2.846742904055399315e+00
-2.895003915043389942e+00
-2.660260351385772992e+00
-2.920353312071428231e+00
-2.975841185987061710e+00
-3.001601808141910688e+00
-2.614083228421193894e+00
-2.546896334103787130e+00
-2.719323628035156482e+00
-2.559304406326676773e+00
-2.270706442113830992e+00
-1.972146698591024983e+00
-1.364136308136551401e+00
-1.793124634785597804e+00
-1.421152478093473448e+00
-1.337880843998505931e+00
-1.734126820988797668e+00
-2.162357751630965552e+00
-1.841002259547567688e+00
-2.131058255443957439e+00
-1.688049311549302045e+00
-1.443095506384289850e+00
-1.968588861872452078e+00
-1.965286716013926016e+00
-1.915048686440276260e+00
-2.018232518891471816e+00
-1.644509914008063900e+00
-1.835317273582816711e+00
-2.067763946896729266e+00
-3.046062330154363451e+00
-2.571719642552884988e+00
-2.162525456611293251e+00
-1.974204540080380044e+00
-1.653618013469575709e+00
-1.367418059812426812e+00
-1.275607141319494042e+00
-1.316753172644518743e+00
-1.421285272101597386e+00
-1.027992301201678504e+00
-1.004147834104532455e+00
-8.699832950722965474e-01
-1.155979569099044646e+00
-1.233836325942865964e+00
-1.293769950974486882e+00
-1.551643443403343925e+00
-1.398038155555267892e+00
-1.235396603472152410e+00
-9.960093970286995058e-01
-3.006206474383041893e-01
-3.975491989263313375e-01
3.778851208024753827e-01
3.230379746781649741e-01
1.063533752094406815e+00
9.951804535628065995e-01
1.360426522453482612e+00
1.076324135682609651e+00
1.320325370770962792e+00
1.582945655117387718e+00
1.952841557887716961e+00
2.120220719829192912e+00
2.376378290081312628e+00
2.350527218666926821e+00
2.340983357490336481e+00
2.412606879864191534e+00
2.080000832886726769e+00
1.906139230878116431e+00
1.685481126967937504e+00
2.194089345626779153e+00
1.940703359926839511e+00
1.696826128256721633e+00
1.307562500887316626e+00
1.075400989453753064e+00
8.718477809230607001e-01
1.233029703263829324e-01
1.178722607175099052e-01
4.776657897742797032e-01
8.832683251124990864e-01
1.135091261672493301e+00
7.381685093128634856e-01
9.529849190615741206e-01
1.113367506398704299e+00
1.378015267397361354e+00
1.400793223497825091e+00
7.594966820567048416e-01
9.696194543685214828e-01
1.243816760014583966e+00
1.494979261702825912e+00
1.787933138125853194e+00
1.842070218828612216e+00
2.088834601219248466e+00
2.113295166375742884e+00
1.815373553576377530e+00
2.061824364546437582e+00
1.646320522887966709e+00
2.026134283275069059e+00
1.638525667344773895e+00
1.793243819050781784e+00
1.816945003041036122e+00
2.118951680935437398e+00
2.608043371752758688e+00
2.841569772176405273e+00
2.843809662587717391e+00
2.716823062171469960e+00
2.178946744658562196e+00
2.181208302016094613e+00
2.390120110581521740e+00
2.530470845904651878e+00
2.948811674995699406e+00
3.170314778742893136e+00
3.439169974037233679e+00
2.990495088505968013e+00
2.977116018412637732e+00
2.686731044687832970e+00
2.516736632094687565e+00
2.718596597538558868e+00
3.009259502615614146e+00
