-3.884710557431112044e+00
-4.639033074044184524e+00
-4.206717966048571178e+00
-4.421802529665121106e+00
-5.164979921658730433e+00
-4.683873123595742705e+00
-5.545928974565280001e+00
-4.485433944924331229e+00
-4.573054650001444621e+00
-5.267501859048110191e+00
-4.086744465263979720e+00
-3.446745316295956041e+00
-5.180863629347067345e+00
-3.697307257471870834e+00
-4.277415554908332140e+00
-5.130074430009087472e+00
-6.066592756039876022e+00
-5.473206384809645719e+00
-4.971917788150921780e+00
-6.072407928976759628e+00
-6.104391486743489637e+00
-6.160823819648903132e+00
-5.682619335418182871e+00
-7.341206810127401283e+00
-6.698680896540293084e+00
-6.338953615843243128e+00
-6.207083470545151194e+00
-7.047051842207151751e+00
-5.391551063347770345e+00
-5.531773875174044619e+00
-7.386546307223489372e+00
-6.345476613569329238e+00
-6.758388764567429874e+00
-7.410398307010155783e+00
-6.956161679528337416e+00
-7.077351782922747248e+00
-6.239608021822429684e+00
-5.466324786369606059e+00
-5.416047769490292652e+00
-5.593141684125626512e+00
-4.827416898715472193e+00
-5.341824752300285972e+00
-5.369397671902214064e+00
-5.486871910836627286e+00
-4.933373079637746628e+00
-5.496291831277321904e+00
-5.661893210874951343e+00
-3.907509127005486249e+00
-5.078512460466503953e+00
-3.555764955976185249e+00
-3.668563164893208217e+00
-3.110951792059901244e+00
-2.616036192793623538e+00
-4.084172191325013301e+00
-2.936719049393286873e+00
-3.902364926383669719e+00
-3.451083093820974668e+00
-2.820994075605824936e+00
-3.668019565296238849e+00
-3.966427890384614408e+00
-2.929877219456640258e+00
-3.592058498255285226e+00
-3.609200295611740383e+00
-3.454190029391198014e+00
-4.399887838666981743e+00
-3.074393723289237101e+00
-4.270337314344862634e+00
-3.235458013865919469e+00
-3.149839388992818012e+00
-3.420729759511856649e+00
-3.294249611724850535e+00
-2.254611944015431302e+00
-2.195150760690672609e+00
-2.660314486711076398e+00
-2.500663608321846088e+00
-1.756733488497721485e+00
-1.735167338961773442e+00
-2.095153997186693040e+00
-1.250954129263183834e+00
-1.947167841030403856e+00
-7.342961231848059711e-01
-8.120527390853355953e-01
-9.559330746421172975e-01
-1.709950183888364172e+00
-1.595201780284153603e+00
-4.292349517464710829e-02
-2.250074415976346387e-01
-5.028882507863290385e-01
-4.830750851745131413e-01
-6.759635033882815947e-01
-2.788649506396616573e-01
-4.115667082491540896e-01
3.716509327330195234e-01
1.542030649069625170e+00
9.659608097756766654e-01
-8.807073588095892802e-02
6.788009603189806285e-01
6.663914714453982313e-01
5.390252853049188886e-01
3.628009370699549763e-01
6.961632277206231123e-02
8.525842007754516061e-01
1.351743076283335121e+00
1.508145115178320950e-01
-3.094501894237566830e-02
2.452926407787643370e+00
1.265606429001730149e+00
1.525169550811032337e+00
9.308084767592816888e-01
3.183590854890949728e-01
1.852370074370561781e-01
3.097470688756551738e-01
1.052179081396247717e+00
1.453754171590849076e+00
1.038019693837281210e+00
8.445015280693253246e-01
5.869895112679825999e-01
1.455465544705611514e+00
1.265173884615931499e+00
3.426340022649831951e-01
6.520245570833003157e-01
-2.708195003434488157e-01
6.025062757991088702e-01
2.887921920262979114e-01
-3.868813572474820717e-01
9.282134678694777818e-01
-3.559229079925527728e-01
5.790996182378371770e-01
1.381000508635394475e+00
8.502466432535333851e-01
-5.927584414642366184e-01
5.804992724902948709e-01
1.440466361718133470e-01
3.133064753029550786e-01
1.376740574842093778e+00
9.270824937221604500e-01
7.579000144234289138e-01
1.232516963320634318e+00
2.426346701754612312e+00
1.242539972891296252e+00
2.119245814613128331e+00
2.539102591575062462e+00
3.096312744489244650e+00
2.225394904542540964e+00
2.690135726352468559e+00
1.527373077643325416e+00
1.471418065340243331e+00
1.934404163517236874e+00
2.374146906597290219e+00
2.556204381899245703e+00
3.566869749945933421e+00
2.954672541003788844e+00
3.055200719007598487e+00
2.758794407378629465e+00
3.361814286086552528e+00
2.592151794423562805e+00
2.657351435120437699e+00
2.799859640999332377e+00
3.161436942605867273e+00
4.799546817114314301e+00
2.476930250968664815e+00
3.096850278707499626e+00
3.029999417631954017e+00
3.793822001746995021e+00
3.055918932216775019e+00
3.167436357488812249e+00
3.325531772843429046e+00
3.750618516440689554e+00
3.173525002577894050e+00
4.428097703791882722e+00
2.709462835557720162e+00
2.829808611945548336e+00
3.366199671802158733e+00
3.042908536506237382e+00
3.259194219784899538e+00
2.460241510657176889e+00
3.958191411039204688e+00
3.613121721664962038e+00
3.735751314057323746e+00
3.538211006722614016e+00
3.104480794976155700e+00
3.399715978878719902e+00
2.482994917666737855e+00
1.418248187386079273e+00
2.208979786735879358e+00
2.795821436769336366e+00
9.730460997848187077e-01
5.513204543223730880e-01
5.176811434277022173e-01
1.278246127463707360e+00
1.729312102870911083e+00
2.794045467046045950e+00
1.579792444784590799e+00
1.733288681317331381e+00
1.546834708855517881e+00
1.994280081053464215e+00
2.056605205327953989e+00
6.265574412521592862e-01
7.947900054460701469e-01
1.845775619642151533e+00
3.535674035005991200e-01
