5.160114287242690834e-01
5.993663551745737061e-01
4.979674899816156075e-01
4.269064228060893140e-01
4.225965534728203243e-01
4.818835988282536564e-01
1.301423204774724285e-01
2.496669959506376824e-01
6.929863294998013235e-01
5.123508824298944608e-01
6.499228875520366433e-01
6.905582919920241203e-01
2.958488720966279129e-02
1.846189008975853141e-01
5.900845805953067180e-02
-8.768872156391604999e-03
-3.546182846247101228e-01
-7.849888008372021275e-01
-4.717812102561316778e-01
-8.637803428907533387e-01
-1.051165671921070688e+00
-9.111660530000229574e-01
-9.090302698323139419e-01
-1.403764204897684831e+00
-1.466221878337335527e+00
-1.287342270268805766e+00
-1.292867010118417204e+00
-1.286475855381242095e+00
-1.244899491587833973e+00
-1.124489589895780739e+00
-1.684519668210051613e+00
-1.537860215481514858e+00
-1.693571405627300575e+00
-1.988041908808082958e+00
-1.343564412674166597e+00
-1.606300456866734061e+00
-1.539398100634416844e+00
-8.648044559170321444e-01
-3.329080442037489762e-01
-6.568877314341827756e-01
-7.959263765761837028e-02
-2.576698180965633633e-01
-3.284548041744005942e-01
-1.241760037166413089e-01
2.172083508985404310e-01
7.039180660770724685e-02
8.777752357403217909e-02
-5.742078324623742236e-03
-9.017531962387338729e-03
5.766421392193483708e-01
1.244389052169058374e+00
1.282897742820241715e+00
1.392658683221405180e+00
1.054176951406661455e+00
1.234615047426546930e+00
1.251303843895830603e+00
1.281982507312909414e+00
1.689518212404430120e+00
1.591807667476827337e+00
1.767535925475881564e+00
1.550745217207886828e+00
1.152273930589391870e+00
7.531266828696936422e-01
1.137497866961089787e+00
9.158622253998600637e-01
1.229797513331966741e+00
1.058260834811979745e+00
1.319407204495689490e+00
1.414547027465899109e+00
1.643365659061503559e+00
2.524790049047176854e+00
2.440318085278224469e+00
2.365361622216750614e+00
2.884953559254686439e+00
2.942720676702237359e+00
3.063727914304382960e+00
3.109560175265701165e+00
3.242894484333640470e+00
3.534939254484742666e+00
3.632928189920330730e+00
3.873327289862184664e+00
4.119369922592604816e+00
4.166396190686924683e+00
3.640683488119766054e+00
3.878043110120109827e+00
4.559403259678041387e+00
4.752107147475373772e+00
4.818832401478825744e+00
4.565189065551201075e+00
4.488088612611279338e+00
4.359726180566765308e+00
5.229069356513118549e+00
5.228977746098846247e+00
5.770610125361123721e+00
5.915031083058956085e+00
5.844443997635680788e+00
5.544558085315572704e+00
5.792292559489514048e+00
5.642128872770912906e+00
5.395488875101468018e+00
5.429723659873065600e+00
5.706816456956465444e+00
5.137525536462301368e+00
5.606445639480229559e+00
5.948406940606427717e+00
6.324927638907816174e+00
6.378196856006290716e+00
6.276490110428610159e+00
5.937971136862055133e+00
5.814307009735685483e+00
5.448265543241840092e+00
5.492266547774546481e+00
5.999024282931070928e+00
6.086888016788623013e+00
5.899768790961488207e+00
5.779184253115669634e+00
5.725277951991942338e+00
5.956402997580866554e+00
5.887568339237208015e+00
5.569902021575040330e+00
5.397269160040154112e+00
5.386820299771041043e+00
5.330590654107520088e+00
5.679343061953272098e+00
5.586341050451530066e+00
5.572141171920043767e+00
5.278212208195693478e+00
5.393411824337419169e+00
5.968102946479940663e+00
5.982082404120256491e+00
5.613832115644070697e+00
5.264532900188531706e+00
5.442987873826638179e+00
5.586302376467243036e+00
6.016150998473486666e+00
6.281168707838184595e+00
6.244237977009718499e+00
6.682477543817118892e+00
7.424651366923471940e+00
7.326568170701472482e+00
7.319731068668329677e+00
7.317195816126868202e+00
7.678247105939439265e+00
7.531464044215320008e+00
7.008648860935440261e+00
6.809163613285671879e+00
7.000045920105023356e+00
7.543180915042505319e+00
8.011731363116853188e+00
7.970198316912234127e+00
8.176816708407651291e+00
8.157646986956759605e+00
8.175195247958207290e+00
7.900831196063636597e+00
8.116482772998073969e+00
8.211176849087831187e+00
8.019538019622237002e+00
8.316444033886993381e+00
8.640907934960294412e+00
8.693479544985732943e+00
8.461796796959658806e+00
8.151414367060592525e+00
8.487522334184216533e+00
8.219971094636845166e+00
8.023120574005128347e+00
8.343131848724000932e+00
8.214223246390467637e+00
8.308942684200577133e+00
8.774474405139280009e+00
8.638575147091726691e+00
8.178981793449803916e+00
8.065638592060212275e+00
8.317340837512059437e+00
8.424725866826372922e+00
8.113568472567566303e+00
8.316951792392556442e+00
8.719000631514637334e+00
8.272992344640242024e+00
8.241966513880198519e+00
8.324942499332047774e+00
8.103947671347695447e+00
8.026983796335295906e+00
7.958156139840931509e+00
7.402174063362427781e+00
7.647641360596221460e+00
7.306925629767946795e+00
6.576737257248523427e+00
6.213501537694584798e+00
6.083556109826866454e+00
6.487310276446997648e+00
6.926917443874180513e+00
7.192577942188184359e+00
6.607765959950897106e+00
6.692765300320034250e+00
6.143030839179780322e+00
5.988701285860846824e+00
6.355818982304826115e+00
6.037538148687000117e+00
5.951851909430049936e+00
6.212358097797461731e+00
6.192091692895806077e+00
