5.329304574547454543e+00
6.233576257004081356e+00
6.879094112553123530e+00
6.245410008080737541e+00
5.911460507291632638e+00
7.119817041795560186e+00
7.231815067063733338e+00
6.604136311671430448e+00
5.523449502736464289e+00
5.212433330366261330e+00
6.152235119429223076e+00
6.223249058199671779e+00
6.110040357865583083e+00
5.594937013902304024e+00
5.112293043016763683e+00
6.935389071816247863e+00
5.779075814946267542e+00
6.586450461854855831e+00
6.580636247868955735e+00
8.369149194936763791e+00
8.084643731212654671e+00
6.839391483764081237e+00
8.195146514911012758e+00
7.115011324183923236e+00
6.478545050446719245e+00
7.102436567424613045e+00
7.353312235897073279e+00
5.550368229495926897e+00
7.052731187184431150e+00
5.831760321492785337e+00
7.511670187530133269e+00
7.441005595267467854e+00
6.568037977781495229e+00
5.888144272294011827e+00
6.875473085773857740e+00
6.699009929110922634e+00
6.650585077446907967e+00
7.144063563762900415e+00
5.181995111750492100e+00
5.848214880921642767e+00
5.330539065614035010e+00
4.372853158361774462e+00
4.693202234886789448e+00
4.339126752246516894e+00
4.049635662808504399e+00
4.182929030684015004e+00
4.512625957054260617e+00
4.076864815717073043e+00
4.674074343700270084e+00
3.366290168983414155e+00
4.424702711288767354e+00
4.087050457497332978e+00
3.188634151917559389e+00
3.268042392042802113e+00
3.036712028616904924e+00
2.714269754432040216e+00
2.607389699242648629e+00
3.630673723063951197e+00
3.979313813576480285e+00
3.477426960211477791e+00
3.800434428728463487e+00
4.115510750809399987e+00
3.644158861629177792e+00
3.566205574271560153e+00
4.389414822283488782e+00
5.025606891696615897e+00
5.269380219064348836e+00
5.624848149811016107e+00
3.547010634212507174e+00
5.730468549232400122e+00
4.591133569956201477e+00
4.743531591323745467e+00
4.965667632454096037e+00
4.572079318199465447e+00
5.259089558915497342e+00
6.521408113567013665e+00
4.723271711427093678e+00
4.866970970886005610e+00
5.095248135463629424e+00
5.785283378684327182e+00
6.335202336608700691e+00
5.987089791093785252e+00
6.096966106378213013e+00
5.837460083220943119e+00
7.134663030972375530e+00
7.479680924948384657e+00
7.450993403548803684e+00
6.159876606116968745e+00
7.685885111305053030e+00
7.746221749564885073e+00
7.328191939119182763e+00
7.399381170254165418e+00
7.561148159446457129e+00
7.330635514966468591e+00
8.138380313876517391e+00
6.850433342418733140e+00
7.271245149478675174e+00
7.704072349352609983e+00
7.743435024395536104e+00
6.483046304194584053e+00
8.270426292991551520e+00
8.271732527618350872e+00
6.923600313871267176e+00
7.337926800116346904e+00
8.180537883951540579e+00
7.868664296571322048e+00
9.032815313394120693e+00
8.699908084059078561e+00
8.208065709874412974e+00
7.879241605776708290e+00
9.109056880063572947e+00
9.132712711824673590e+00
8.352524082039636255e+00
1.004771753257039890e+01
9.692711404012081644e+00
9.637113839282680061e+00
9.944439449138656073e+00
1.035380783805885230e+01
1.089341012866753289e+01
8.849802728039239952e+00
9.467671258469211537e+00
1.115400539276933323e+01
9.848312146762037145e+00
1.177963464256437653e+01
8.382465125640873538e+00
1.014884882768088659e+01
1.027928037261732896e+01
1.018393817027871506e+01
8.931187602975352746e+00
8.959817679898710807e+00
8.400243981768081625e+00
1.102863524251991834e+01
8.354336704324623497e+00
8.587635295867858787e+00
9.114983238242352570e+00
9.415169776046408145e+00
9.603852186709243455e+00
9.374530329774270143e+00
8.710302746724945422e+00
7.277381003056223818e+00
8.826603885930397908e+00
8.530602171430500036e+00
9.072797581308673642e+00
9.095563301935468914e+00
7.966844145172322200e+00
1.049368660119071883e+01
9.901416895464667078e+00
8.904774702047543400e+00
7.144134832075591746e+00
7.959102861194085499e+00
1.023616064939633219e+01
1.010211211007169929e+01
1.013255469025736311e+01
7.752242344065571444e+00
1.000195918065093714e+01
8.383593977085528337e+00
8.248229913866133245e+00
8.299034054830288554e+00
8.372604228163115891e+00
8.663743733882348863e+00
8.201412887264192264e+00
8.681415449190987843e+00
7.913869237909926468e+00
7.937204546746484013e+00
8.382610948091382852e+00
8.267422815102838385e+00
8.909875550097854813e+00
9.606417436302312041e+00
9.988755494672826529e+00
1.000640132987845377e+01
9.398188525230210644e+00
7.819589795084123551e+00
7.813834319679777707e+00
9.428894381457913809e+00
9.013765457657269664e+00
8.001073182982519683e+00
7.166371125423729893e+00
9.280877857695909228e+00
8.768622987135994862e+00
8.727739798057607246e+00
8.864931995152669941e+00
8.249168139477779604e+00
1.085804340521685063e+01
8.742428573770517630e+00
9.299435448207125532e+00
7.885362301272993868e+00
8.280182921320209388e+00
6.097395094492967793e+00
8.851337274534909483e+00
8.887007026334730497e+00
8.486209261147315885e+00
9.164386437164798949e+00
8.178782721793490751e+00
8.518157059624975602e+00
8.257254402969682161e+00
8.434348412420444419e+00
8.422803893857739865e+00
7.519505734979238021e+00
7.263165981845967956e+00
8.465420078295061046e+00
7.932092836339394104e+00
8.087334364713727908e+00
7.898682738213545385e+00
7.701929499119398059e+00
8.009953381109678361e+00
7.592911037980188738e+00
7.167271635387484352e+00
8.384777427506403313e+00
7.562965317022790401e+00
8.129995241939656836e+00
8.986922905663279337e+00
8.938229624209927948e+00
8.364937470122088214e+00
7.797545254157076222e+00
9.729928836183811214e+00
9.580867116450997756e+00
7.908925456764457351e+00
9.516731367354218207e+00
8.786044119992487467e+00
9.112285627348079231e+00
8.376920558625506885e+00
9.976121338468200150e+00
9.781238265998709380e+00
1.013992438790024764e+01
9.087901532645574321e+00
9.362993361868451103e+00
9.444512315092577381e+00
1.098511662638171060e+01
1.056137052854705516e+01
9.527261419086112681e+00
1.036069211522338129e+01
1.085078790644038271e+01
1.045681892196543927e+01
9.934668684335498767e+00
9.525715054385267777e+00
1.103712876386101627e+01
1.039452474639483981e+01
1.019732612257931592e+01
8.595712147761130240e+00
1.029685935762861249e+01
7.789200475299038473e+00
8.033975332160427030e+00
8.404371719777108396e+00
7.820086121301622839e+00
8.186323992977168729e+00
8.164285914100100072e+00
8.102787059573403283e+00
8.149918073378536576e+00
8.813697619884866441e+00
9.037329717036589827e+00
7.655485758083375281e+00
8.379465403928161749e+00
8.085722361298170568e+00
7.714254334356670739e+00
8.287900024927086662e+00
6.968506181936144905e+00
7.656319162289575431e+00
5.972361510992707068e+00
7.007579515109879864e+00
7.179204197662796716e+00
6.586916458537719343e+00
6.338383638057346836e+00
7.168361078880476356e+00
6.807720988271277029e+00
6.150657067031915837e+00
7.184756117090638661e+00
6.592897834677138746e+00
7.225740152458846488e+00
7.487997572528731105e+00
7.721391044681798377e+00
8.478901461499560810e+00
6.635880750912314774e+00
8.682446866436919208e+00
7.549216607171176818e+00
6.915441786471069108e+00
6.194360573856680929e+00
5.985807946847914174e+00
6.209315763562599066e+00
4.976053552074731989e+00
5.638600096554190699e+00
5.773100916333223864e+00
5.718700076188198977e+00
6.087533514877438101e+00
6.600099729585390484e+00
5.026036370729710434e+00
6.771357315429649582e+00
6.159541489008725001e+00
6.210429748353909929e+00
7.408357867208029468e+00
6.448954426848878541e+00
7.368268114207577213e+00
5.159867026698459647e+00
6.138350942936776633e+00
4.751781776509537814e+00
5.073893596275401485e+00
5.218191845093806513e+00
5.126813080860129546e+00
4.087751369485928876e+00
3.411634230439300808e+00
4.428604247326452636e+00
2.693233442373333730e+00
4.043193682531936339e+00
2.945170598327382816e+00
3.497611360944739900e+00
3.620526359978155639e+00
3.887429133078608601e+00
4.899817195754916810e+00
4.709982800376995904e+00
3.111438644217212168e+00
2.694929844942797192e+00
2.946812806242135707e+00
3.415932449581386976e+00
2.843559037888592655e+00
2.888619963585393968e+00
4.583718264013318944e+00
3.729536314023870869e+00
2.001008611724628405e+00
3.234366918372332478e+00
4.255755610564415647e+00
2.564433252157721110e+00
3.023507566310953187e+00
2.451274540118303147e+00
3.459887019267851471e+00
3.582022341318459091e+00
3.940281201622928720e+00
2.972199872101834117e+00
3.590105156591571145e+00
3.461209254101994315e+00
2.822116944908881209e+00
2.686292958175767964e+00
3.737579731634179669e+00
3.348224263176255100e+00
5.132438121149546006e+00
3.995036002042676948e+00
4.388828508409154061e+00
4.094863028178414410e+00
4.058858739327091847e+00
4.081838300206813486e+00
4.654086205184925440e+00
3.311829646702233898e+00
5.628870254229140002e+00
3.992779978866662027e+00
3.681318116206586666e+00
4.607672557960301951e+00
4.239566323488291211e+00
5.251324470422172652e+00
3.868033492457681355e+00
4.880097176171034334e+00
4.539192197966494646e+00
3.772562037313537342e+00
2.962443556558311375e+00
4.788757042175205925e+00
3.435557546343880553e+00
3.044468761370783927e+00
3.678991277219230582e+00
3.532275837851454714e+00
3.708310540585880943e+00
5.262797083254067587e+00
4.516221143265617854e+00
3.731613812267218666e+00
5.396814288785867220e+00
5.384700391308993694e+00
4.162912522140189253e+00
4.812610153891499820e+00
3.812599705221756174e+00
4.016654607373942198e+00
4.538404777348445052e+00
4.976206754684828759e+00
5.224189045201487858e+00
5.077968386022019054e+00
5.797430313338106878e+00
4.966921519144658070e+00
4.551597650015597907e+00
4.332390826360986047e+00
4.183806503050944592e+00
4.092805777062556771e+00
4.082987139162463919e+00
4.746965412151767261e+00
3.736372128385616165e+00
4.887737076257040236e+00
5.496550842996523301e+00
3.637730224884077046e+00
3.635562597296033260e+00
5.289262300598187139e+00
5.051447783529919633e+00
5.463234379471652247e+00
4.366190616461253171e+00
4.334284719928859886e+00
5.646244588645018325e+00
5.296235349935701109e+00
5.446944944485732520e+00
5.448428759845729275e+00
5.694938547564464493e+00
4.761678323582672512e+00
3.542304191098251120e+00
4.180191934042072788e+00
4.093843066571040801e+00
4.433348292657099066e+00
6.173565777717852754e+00
4.972686679536415966e+00
4.585846660227667293e+00
6.170089807573043039e+00
3.702196343482639040e+00
5.532182193930418102e+00
5.648131357389726048e+00
6.198227985533515394e+00
5.960868859015452159e+00
7.960164522880445404e+00
6.143720866311003448e+00
6.085575834046140109e+00
6.564180213518807427e+00
7.566228100351696462e+00
6.938131998269216005e+00
6.333453358725464000e+00
5.683594783391494154e+00
6.444352933089434465e+00
5.556322826072865873e+00
5.675742623211877280e+00
6.886902866962259395e+00
6.560230333361047883e+00
6.795105380329541589e+00
6.128734155820264817e+00
7.126136319076770143e+00
7.076237693291425046e+00
5.351398551739467990e+00
8.003603515008437697e+00
6.368186360794511280e+00
8.069892208627061692e+00
5.904996389119030908e+00
6.598588340463710900e+00
8.369134680543757199e+00
7.683117289102463943e+00
7.872702798142805491e+00
7.149996904253309360e+00
9.013842355173139254e+00
8.256193703672934703e+00
8.446233253883686842e+00
7.149133162368848105e+00
6.724924456407901374e+00
7.138005077771254037e+00
7.812205958920053206e+00
8.442760803518739365e+00
8.103544955726775356e+00
9.020594271297854405e+00
9.201215730328307529e+00
8.184583098235890475e+00
8.178475257675891896e+00
9.691041278335195130e+00
7.502275015526989499e+00
7.344042211581365720e+00
7.508745575799027350e+00
7.053365791978043475e+00
8.917159780005418312e+00
6.347262625263248026e+00
7.830614691853011067e+00
6.768246258873074517e+00
8.405190558930918598e+00
7.081961442754103331e+00
8.213579836247959065e+00
7.652486683120672595e+00
7.910127694850274338e+00
9.674698544702890146e+00
1.015383901685834189e+01
9.646386882902726612e+00
1.095394991294869058e+01
9.071586706362140262e+00
9.624202612441813187e+00
9.778224225318119522e+00
1.023934921331796133e+01
9.823131770400149065e+00
1.074651240224670090e+01
9.985606019138607792e+00
1.005236174627975743e+01
1.022863663782326071e+01
8.409812182789220714e+00
9.690098789675239743e+00
1.027296912286511699e+01
8.024466522908106469e+00
9.915315171451492660e+00
1.085993344274920958e+01
9.193623853687416414e+00
8.623415169390831636e+00
9.752194113901722972e+00
9.546078832671412329e+00
1.178742764424347023e+01
1.027821503471227516e+01
1.056615089363714866e+01
1.050434155927735347e+01
1.175577201341606859e+01
9.697608498761969287e+00
1.005834073416401608e+01
1.110169306644129428e+01
1.005071283024589057e+01
9.594660474650300586e+00
1.107995860468454374e+01
1.181167633055535404e+01
1.147614219328205465e+01
1.113774270430382884e+01
1.089921343168392198e+01
1.097192535782423661e+01
1.177816452600526809e+01
