5.297941395654105712e+00
5.205750795527133157e+00
6.112942363659394474e+00
6.307714922380037059e+00
7.164092012427744294e+00
6.458509414253160053e+00
7.420417243292031451e+00
6.584688458423894275e+00
7.987121726563357171e+00
6.976823927749359555e+00
7.882239454515588051e+00
7.049565943521357347e+00
7.488262448985714137e+00
7.300687452912664632e+00
8.096137186014603415e+00
7.118360628218475483e+00
7.598965799049684833e+00
7.909271018226254668e+00
6.293870766950753648e+00
6.518228612349806994e+00
7.506331250456177884e+00
6.175471263603859562e+00
7.061550025408044107e+00
6.237186322685831286e+00
5.862525218431214213e+00
6.496570126047737759e+00
6.566320279575116103e+00
7.668390854728607486e+00
6.403533310261646960e+00
7.140903240629465465e+00
7.217426458318834115e+00
6.794359488013558490e+00
7.029745351123314556e+00
5.837301762356670309e+00
5.987061632423433366e+00
5.258226758826927139e+00
5.024852765937318111e+00
4.797773251121578042e+00
4.770838538022006858e+00
4.588118620816707960e+00
3.231223634148967960e+00
3.831234721333467430e+00
4.252147532895302895e+00
3.861441058333412446e+00
3.665945012639552747e+00
3.864757925815840434e+00
4.385803917361335458e+00
3.813585799372142926e+00
4.057725499968370286e+00
3.428406232514021212e+00
3.077713398739919004e+00
4.185869591679744595e+00
3.463555304358284737e+00
3.902183596581084934e+00
3.326985079894591912e+00
4.061764039706309504e+00
3.229479440007867019e+00
3.310456002927044672e+00
2.916483465104111161e+00
2.942851084908114423e+00
2.569645342471017724e+00
1.904921419436037322e+00
1.304995648550733911e+00
1.286276463895651201e+00
1.679294187925806536e+00
8.613181391413817778e-01
9.189760512637885626e-01
1.390642577340122088e+00
1.176896656747802083e+00
8.622925812240227472e-01
1.895523579931752245e+00
1.510304821612769910e+00
1.711431932873223705e+00
1.192900647753334376e+00
1.794379809955404692e+00
1.678496000806539712e+00
1.119296197041593111e+00
1.321386339835397106e+00
2.354600793313149421e+00
2.301522775954527589e+00
1.526874391072867709e+00
1.466787454165292992e+00
2.143373129372034835e+00
2.463388397445934075e+00
3.156649418591195744e+00
2.611965653595277548e+00
1.881449205907697042e+00
2.642967718517994946e+00
3.522208131811884968e+00
2.566876295504181726e+00
2.482990057781107041e+00
2.554459857798373257e+00
3.455912788499122534e+00
2.372367596966702408e+00
2.886083823899637579e+00
3.154147650810593451e+00
3.641757477305143098e+00
3.048602281136422842e+00
3.169376815418269100e+00
2.896558551097923040e+00
2.424694882026923626e+00
2.566355809648379172e+00
4.157029544594172954e+00
3.119645774884476808e+00
3.928396519650513063e+00
4.921279155259299820e+00
2.892948595282104129e+00
3.631622168509565540e+00
2.836796258902625212e+00
3.461109539042999117e+00
3.099151072613881119e+00
3.346029760463345326e+00
3.283633384108511244e+00
3.960096705439972276e+00
3.409330333446980887e+00
3.636279494578666505e+00
3.745153965994191481e+00
4.505939231774440223e+00
4.903693738659158363e+00
4.716835481818101528e+00
4.314049379979391752e+00
4.788395471657807434e+00
4.516015933540225902e+00
4.340627413520453892e+00
3.729433366229452762e+00
3.842365331553705854e+00
3.769147249462152516e+00
4.103847204966729834e+00
5.702550685580598078e+00
3.852808357390625105e+00
4.227192888156769968e+00
3.956405770670681221e+00
4.201772580858827766e+00
3.438919449585294608e+00
3.542609971551049064e+00
2.940066237784180636e+00
3.320201984604268297e+00
2.894086014603880486e+00
3.763890633057647150e+00
2.999647393849075527e+00
3.524231167351779881e+00
4.189155664716421867e+00
3.876691058818590108e+00
3.405519182619540786e+00
3.617749190206054788e+00
2.835722266949967540e+00
3.145467151117074422e+00
4.288677252023266107e+00
2.987382433109393887e+00
2.805380622272035218e+00
3.340390319692597920e+00
4.255035670262667935e+00
4.632465029532838230e+00
4.203904835685628782e+00
3.888449495680991852e+00
4.649126544431076091e+00
5.553044948947595927e+00
4.453718540913096824e+00
5.709605334245273056e+00
5.839394916553408699e+00
6.095206293781455287e+00
5.383541524060238004e+00
5.215506994534379714e+00
5.471442110198731612e+00
5.548645494963482250e+00
5.491844994733986240e+00
4.970762496866806934e+00
6.160928866962068540e+00
5.287623352307669222e+00
7.036527445558658833e+00
6.469230876099642202e+00
6.042784038374836797e+00
6.561842904506351104e+00
5.481640216625277340e+00
5.906367309492711826e+00
5.849460632548263206e+00
6.890563550793258329e+00
6.040476838583446195e+00
6.135807153460947738e+00
5.133437313908853383e+00
5.779866472634724417e+00
6.400289604840562419e+00
5.994523992439025228e+00
6.331737494298236513e+00
6.087309326840967927e+00
6.262606197871527058e+00
6.709953057125867204e+00
6.056295781360922170e+00
6.264919858097979244e+00
5.369693233937203658e+00
4.756424373060777810e+00
6.705925319009848451e+00
5.476831013556382466e+00
4.860988640036330466e+00
5.454163751544680139e+00
5.793270068791753324e+00
5.702673650163936792e+00
4.291033627105466763e+00
5.161878118934166260e+00
4.586630296136853246e+00
4.742537903504461028e+00
5.641159416212502720e+00
6.119956268083242001e+00
5.802722318711938776e+00
5.595706117047138939e+00
6.523201375902676347e+00
5.397525656695318474e+00
5.154893848854569249e+00
5.766024863654367394e+00
5.265056277228808312e+00
5.657525625684640680e+00
5.636793655437458028e+00
6.662490755542916254e+00
6.085851842123067179e+00
4.884224270157364600e+00
6.056725656734671226e+00
5.672341312319947093e+00
4.784193026589232289e+00
5.008676710198276538e+00
5.339879361259194823e+00
5.662009388317443381e+00
6.629361894536216049e+00
5.894267502633338651e+00
6.181997422769524242e+00
5.328341887523604825e+00
6.126096880332192463e+00
5.537483397380162486e+00
6.417155247649064975e+00
6.122069283671185858e+00
6.470022810635578381e+00
6.398460303814220929e+00
5.527270579257935523e+00
4.605271449841393583e+00
5.907286997613545587e+00
5.052285781787502650e+00
5.734700747930993714e+00
5.506673892546845472e+00
6.090749570461950313e+00
6.734644154567466678e+00
6.638170866427847372e+00
7.599259026925462734e+00
6.884808965084350696e+00
5.233145924118682402e+00
5.896128070135977950e+00
7.075709489377373096e+00
6.745957407385286153e+00
6.396614940677979533e+00
6.848528102452362987e+00
7.460038510660652378e+00
6.774874835713660559e+00
6.819057291411585453e+00
7.085551023814874227e+00
7.414323593140093926e+00
8.051223516102254507e+00
7.450776182290839600e+00
7.540584085765630107e+00
8.663317183134182642e+00
8.750980842188338826e+00
9.044966734533435471e+00
8.583463775437587984e+00
8.665733609207077137e+00
9.362586423242582612e+00
9.595783481275775628e+00
8.968147377070479820e+00
9.255287256421087960e+00
9.157957917850133356e+00
8.969885654961121446e+00
9.249303909206304297e+00
8.390963812788429621e+00
9.839499649250491586e+00
9.077034501700506297e+00
8.687439945174173062e+00
9.448895151709704621e+00
8.819751684884636234e+00
8.177572269255833248e+00
7.956978371529022098e+00
9.015575544726010193e+00
8.118866960189652815e+00
8.952405987254755004e+00
8.239792499607535348e+00
8.289579348817099458e+00
8.815366745691690653e+00
7.797430677282273237e+00
7.791667636215876769e+00
6.650595021793377803e+00
7.244979861891247097e+00
6.508655845114163618e+00
6.982874628690051821e+00
7.583472249913478791e+00
7.054814315393805657e+00
7.615668127435391455e+00
8.950824973472483848e+00
8.641547193359459200e+00
9.462784027773363249e+00
6.908827737273129266e+00
8.484376369146454877e+00
7.668439513661511775e+00
8.025433474253159005e+00
7.465192911265990716e+00
8.061015370721319684e+00
7.004103625668583355e+00
6.151627434001165184e+00
8.050662984761913776e+00
6.595835835185544838e+00
6.300405769456075333e+00
5.221394898195674372e+00
5.720706439821812594e+00
5.776954920345342970e+00
5.874174436297035840e+00
6.042645003475255017e+00
6.184865994389362243e+00
5.468191754489990508e+00
5.546147991000223598e+00
5.127187558531360878e+00
4.739336813713940444e+00
5.954637494661011665e+00
5.271598408193518992e+00
6.051280006261272604e+00
6.100773924045869379e+00
6.099225048073084743e+00
6.280996483145375286e+00
6.577555258311178044e+00
6.604190816884289106e+00
5.629760094831476103e+00
5.532452168610600296e+00
5.487043472651277121e+00
4.796927817735075372e+00
5.118177782095154171e+00
5.260009754500901913e+00
6.158362612386754087e+00
5.609927243236536576e+00
5.725047926172278423e+00
4.979550206678594826e+00
4.824888533534540613e+00
4.779871053583636176e+00
4.197008385371817418e+00
4.354507377628374698e+00
5.739506942285835578e+00
4.028495218540355083e+00
4.616801489429635197e+00
5.371085142195848761e+00
5.658541017806856921e+00
4.433427288685275691e+00
4.958760623297600034e+00
5.438965755415337000e+00
4.640423277701498428e+00
6.027677257103655428e+00
5.169157421594511526e+00
5.165735152834311172e+00
4.593487305789833108e+00
4.843796445219549440e+00
5.263592712444935096e+00
5.987058797470636407e+00
6.528155764243950721e+00
4.488631449857572342e+00
5.987453134050709558e+00
5.987592498783413930e+00
5.477857392193175912e+00
6.404584586737323448e+00
5.342533435748471504e+00
4.833801911957724684e+00
5.227216357922318757e+00
4.593359137394893210e+00
6.059462875719997754e+00
5.068802935121203390e+00
3.984365151457106347e+00
4.961766987191846390e+00
5.799236718305683880e+00
5.590238725810948495e+00
5.543102827420053558e+00
6.391602609991405615e+00
6.018075533299532154e+00
5.574178647621798710e+00
7.258349888173638575e+00
6.305210649939058776e+00
5.437049210651146325e+00
6.993636986909654851e+00
6.375528849683735899e+00
7.696848950519598276e+00
8.335621296724028184e+00
7.209494033288916803e+00
7.341934017801183820e+00
6.579257797652755535e+00
6.717236130566475616e+00
6.273880674596817641e+00
6.385079131665235330e+00
6.836528275243118458e+00
6.708832164341151483e+00
6.559312703535659317e+00
6.231545724421117427e+00
6.710976323876087335e+00
7.181183571941780919e+00
7.753864231595279932e+00
6.471970165749116433e+00
6.127836897809477712e+00
7.481224587670256554e+00
6.553460875364059746e+00
6.107797456237874734e+00
7.565878646500696192e+00
6.513920288664151848e+00
6.509233087873017354e+00
7.099917484434024928e+00
6.882706157777388256e+00
7.814501766476238842e+00
6.612932645341496496e+00
7.432837573866315495e+00
7.096560343731808551e+00
5.747484666207784088e+00
5.686082464871904385e+00
6.600161253536849237e+00
6.886549717329918607e+00
6.535414912861416070e+00
6.506151751545409034e+00
7.085536735918688045e+00
7.860989116091408491e+00
8.129419267261166482e+00
7.370536030128763016e+00
8.094593737165633129e+00
7.890054182855898546e+00
9.035947275534265799e+00
8.548098348612082731e+00
8.035709595431097085e+00
8.469635647438614967e+00
7.034268323421276392e+00
7.453467948152642464e+00
6.962667986407911513e+00
6.876367147204518027e+00
6.837647024493374914e+00
6.488815342048235735e+00
6.748090692426394810e+00
6.787103088486315272e+00
7.416789265830312949e+00
6.841117860304926523e+00
6.791422564646113713e+00
5.398667430025994918e+00
6.339226977895060067e+00
5.223165068513678122e+00
5.388979321922303889e+00
6.307830881321894623e+00
5.245022263992895617e+00
5.783415975703854350e+00
6.053098822280323255e+00
6.234435221045195874e+00
4.406080002548540264e+00
6.146269771053359143e+00
5.792301917042381731e+00
6.325215089367081767e+00
4.617050518670569481e+00
4.852902714314250687e+00
5.452974007230337428e+00
5.239173096944343300e+00
5.752021773493287249e+00
5.659944174452377297e+00
5.182152695166744039e+00
4.521788935212566862e+00
5.455993329237306178e+00
5.957438030558240172e+00
5.320262044417864544e+00
5.662797642102022522e+00
5.499178057739218417e+00
6.748022986438760640e+00
6.576699387968127475e+00
7.192121118440224059e+00
7.030192069926413545e+00
6.896985393290677280e+00
7.436294969478176142e+00
6.911464094032909955e+00
6.311876074834006367e+00
6.061424323301889849e+00
6.406162998106109008e+00
6.684539933104752585e+00
7.092900471220285219e+00
6.610056922263750856e+00
6.325507313311015345e+00
6.906593083527234000e+00
6.285616610015523520e+00
6.445062710663335359e+00
5.937705980725376698e+00
5.619783401225898700e+00
6.402556807173878539e+00
6.768540198887396109e+00
5.941851995063263558e+00
5.909040843181967873e+00
6.960250766641962628e+00
6.509632590932621810e+00
6.229661019686692391e+00
7.316236265250843473e+00
6.774758874021452826e+00
6.457867544834092755e+00
6.252302157961055151e+00
6.419039861864365371e+00
6.508298493807600948e+00
7.978716128461638135e+00
7.573063219728457973e+00
6.105584785002587722e+00
6.696252537253815973e+00
6.539758888834265704e+00
6.980198925046346758e+00
7.511211024855469098e+00
8.115710784411204415e+00
6.348199464477760401e+00
7.160012320167885136e+00
1.954430180057808997e-03
-2.778672847695325743e+00
-8.485532794670584522e+00
-3.126660737808788060e+00
4.328922903248942688e+00
-2.257737863231253250e+00
-1.359534108264380148e+00
-1.097667945156918989e+01
-5.968680992456826928e+00
-6.340528257656433908e+00
-6.911063795422128564e+00
-1.331259516070193438e-01
-8.738615812107823899e-01
1.763295857957908552e+00
-6.640769619233685361e+00
-7.397498556633221867e+00
-1.045412471907207763e+00
3.029026616181341502e+00
-3.214668651374572139e+00
1.447485014834664518e+00
-2.341073460137684137e+00
5.127465256884827127e+00
-2.154084122554322356e+00
3.507551690219019580e+00
9.854456885862670212e-01
6.583650130050608951e+00
1.034298149401502442e-01
-2.449763982213138735e+00
-1.662580462918832325e-01
-1.790994692684250111e+01
-1.257492624206770948e+01
-1.079644833000341642e-01
-2.600264415866485379e+00
-2.813662407100011364e+00
1.381417191468541361e-01
-7.468470888756354675e+00
-4.814010485812989515e-01
-2.114388760560775182e+00
-1.607581803121934882e+00
-9.490688978597656700e-01
-1.425597763200100232e+00
2.362176927915396352e+00
-5.415750273603108234e+00
1.748855773991324192e+00
2.266686087728881915e-01
-1.089340433460338886e+01
4.255490673808472124e+00
-1.088143826824309812e+01
1.138544848380842467e+00
3.854570880843110281e+00
1.660215045030186687e-01
3.713247944156713665e+00
2.261937739328958585e-01
-2.537050107187104331e+00
5.439010538370671277e+00
1.065680483277353829e+01
-2.736360714823161899e+00
-8.982508406500278042e-01
3.798000367856817938e+00
1.845527927584206029e+00
-6.403781229498681782e+00
3.546432527603981644e+00
8.524813137173827826e-01
4.521539016067062988e+00
-1.339956660417223944e+00
1.182275350647093148e+01
-5.879499087116140998e+00
-6.853992630777439032e-01
6.187350662370165288e+00
3.356816228160244719e+00
1.484224630003204481e+00
2.824263840252649871e+00
8.738162189516125444e-01
9.353407837225349297e-01
8.816889041058733056e+00
3.659814724038918943e+00
-3.116951907963275481e+00
5.526525971158519290e+00
5.502041286715889434e+00
-1.000646430292841771e+01
3.462813707229676297e+00
-2.522199039302943646e-01
-2.095312604294229608e+00
-1.788672279491816841e+00
5.071344540507012333e-01
-3.416619667188007359e+00
-8.997902970703677283e-01
-1.524630663554636278e+00
-3.118922407081797576e+00
-2.800079888479364953e+00
-9.655455181140544241e-01
-8.384848689644215369e+00
9.803039985167996129e-01
-6.745142475914878588e+00
-2.055229711401092452e+00
3.864437207604082936e+00
-2.866487853329667601e+00
2.929711493591411475e-01
6.985595902801331469e-01
-4.546353721656831937e+00
-2.471968805467694708e+00
5.193556570578881093e+00
2.088725099541232311e+00
2.397523555301684706e+00
-3.946143038503747480e+00
2.277097728847618185e+00
-2.688269237545606316e+00
-7.176215037164237032e+00
-5.807514558221281931e+00
-3.874460342528786683e+00
-4.119098329951553339e+00
-6.201809445327260306e+00
-5.148159701382331477e+00
-5.173077416742852819e+00
4.110031063558169606e+00
1.672534858696841820e+00
-5.890346071506748160e+00
-8.502777782252577410e-01
-2.376192183076218711e+00
-3.770087714346165075e+00
-6.880075690819413836e+00
1.058815384270689997e+00
-8.282584199585308227e+00
-3.798365407044377307e+00
4.040043554247120028e+00
-2.930396535769228539e-01
-1.094746685577462841e+01
-1.040833663583506308e+01
-4.301222339036044673e+00
-3.582877732680179506e+00
-4.307938048501565476e+00
-3.000755025978586232e+00
-4.566945890797655672e-01
-9.179239113006017803e+00
-7.415297069257853479e+00
-6.617104417832916141e+00
-5.639827041018213194e+00
-6.622710798876044080e+00
-8.194984127647352068e+00
-6.176655474940960566e+00
-5.027888206381047276e+00
-5.909609328934632977e-01
-1.006383529270746369e+00
-4.766194109541930679e+00
-2.640344342801942634e+00
5.558767912751509499e+00
-3.493920707931834180e+00
-2.508949986485179195e+00
-1.239138783515915954e+01
-5.738143636082659427e+00
-1.595858796513865308e+00
-4.776993314414184510e+00
-5.783477582194704425e+00
4.168405485795112497e-01
-1.061886431391966212e+01
-9.890369446571076750e-01
-2.703156114682025990e-01
-1.030481766032079172e+01
-5.831152928296704729e+00
-9.433661414023150726e+00
-3.232677532372477458e+00
2.061885173584983910e+00
-1.574817675344483137e+00
-1.119160270460709317e+00
-1.790413623505070717e+01
-3.964278804298915215e+00
-1.182495157979823652e+01
-5.724704634161501993e+00
-2.086896970150408315e+00
-6.307792899332494763e+00
-4.860160596359192731e+00
-5.268540829789576385e+00
-4.478173007966971042e+00
-4.689500608948796057e+00
-1.180126422695648358e+01
-6.327884132970154063e+00
-7.509111535754469102e+00
4.510102192444214175e-01
-6.898556439552416819e+00
-1.417806297384325287e+00
-2.768122829501336035e+00
-1.010511112272523881e+01
-1.069547247080546448e+01
-1.406796001153323772e+01
-2.852104744340721254e+00
-1.624682888679577886e+01
-1.324317085658297799e+01
-1.192423999436978477e+01
4.161760856416491627e+00
-4.292163005548291999e+00
-6.109385107851403873e-01
-2.402864408305825261e+00
-5.597583000063405478e+00
-2.639878715559889066e+00
-4.226723429733419302e+00
-1.124329450558582089e+01
-7.264060561866388710e+00
-6.220673782045287759e+00
-7.148047052472714213e+00
-4.209810940605094309e+00
-1.144471583743032461e+01
2.275766368848617383e-01
-7.578675716478243451e+00
-3.034182931391465221e+00
-8.600292610614554967e-01
-1.025680378312158414e+00
-2.685411713835005987e+00
-5.632107018628571993e+00
1.315543176909730327e+00
1.970124719433732352e-01
-7.159010056945713352e+00
-6.788386527889116451e-01
-1.060788331207753288e+01
-1.596000291050958531e+01
-2.737924125275438492e+00
4.272813091689196874e+00
-3.333681126552773932e+00
-5.962087252917546820e+00
-4.820033430661753826e+00
-1.000330843441819262e+01
-1.155199475407852283e+01
-4.889405007328297081e+00
-4.192983912792551671e+00
5.758911309357221953e+00
-2.746271347180005762e+00
-4.607615522387080276e+00
-2.788587799777250797e+00
-1.343801451935940783e+01
-7.284091431593205934e-01
9.239744892488938044e-01
-1.066440317158003914e+01
1.360149899459627942e+00
2.055510590010912519e+00
-2.803057495874604399e+00
-9.437130735347846411e+00
-9.613567127469153206e+00
-1.211557469478069393e+01
-8.775798227730003731e+00
-6.915525712721360740e+00
-1.805198859436799363e+00
-4.822792903149249355e+00
-9.451599999824662035e+00
-1.007656381469644913e+01
-4.736964822986208468e+00
-4.263164984970439164e+00
-6.398454992913218398e-01
-4.465853019442548977e+00
-7.878749827154313934e+00
-2.032107975090079233e+00
6.534731488481061668e+00
-6.177865113333346869e+00
-8.342816225320204282e-01
-8.342061905862690807e+00
-4.000102740755586694e-01
-5.841135120377643375e+00
1.383429398752225925e+00
-4.990157847014016212e+00
-3.648731179666915736e+00
-6.401096194132163575e+00
4.877056181967756032e-01
2.590489280392673344e+00
-9.887461537370313636e+00
-6.619889424748864215e+00
2.984327695274529013e+00
6.002532093662123813e+00
-5.202522449858573594e+00
-3.926006542596542470e+00
-9.096874967743360685e+00
4.284135724773039389e-01
-4.226798492978737443e+00
-1.056149527747554728e+01
-1.056649059893426568e+01
-5.886307525578128086e+00
-2.532564807737206714e+00
-1.203497136885002483e+01
1.315218045324944907e+00
1.993772666356715018e+00
-5.521342544298456723e+00
3.258737520634035434e+00
-6.159233182752092972e-01
-4.173883952135415853e+00
-1.182136012512389200e+00
2.821521372321081689e+00
5.300696484394129548e+00
-7.663436519053496987e-01
-9.808483570783081973e+00
-4.558262646211508340e+00
-3.342327062600971566e-01
-4.995506307718470040e+00
1.909178062916635277e+00
-3.548888101605705003e-01
-3.800679281797630260e+00
-2.414694440344363535e+00
4.232418463250523288e+00
-1.977441200978777402e+00
-7.030225090059606607e+00
3.492897292727881187e+00
-1.866301392884326393e+00
-2.909379683569253139e-01
1.154245760852798952e+00
3.038017818092642042e+00
-8.346380044027682743e+00
-2.152541511187938461e+00
5.166769921161633583e-01
-4.634183580026647320e+00
-5.487888929137509919e-01
-4.363512616855707016e+00
-5.284282799360545013e+00
1.745757669527364886e+00
3.428612196346008112e-01
-8.473703945002670324e+00
-2.837570275536723141e+00
-3.664497663293966756e+00
-3.042829058243533336e+00
-1.281410764685615433e+01
-6.992766224199030489e+00
-4.452028907843439853e+00
-1.140926483480125952e+01
4.483191386915565957e+00
-8.849962004731379395e+00
-1.162227789889851870e+00
-5.105112695420238822e+00
-6.783048127945776606e-01
7.338326292424128816e-01
6.638890699928801098e-02
3.307542221664023341e+00
-5.574822685896609897e-01
1.580956332396288966e+00
-1.091116506690507038e+01
5.393626602042701279e+00
-6.010677258330098915e+00
4.591370127327747852e+00
-8.140777585982559295e-01
-2.226563112943460432e-01
-4.117251469590541113e+00
-4.941778359146261401e+00
-2.205946970739662838e-01
1.225759659911322519e+00
-4.539073325537879011e-01
-5.986832868916350137e+00
-5.658177342415902089e+00
-4.546833945160422275e-02
-5.357556730435414138e+00
-8.283648297512558045e+00
-9.447005489243753829e+00
3.896159105399442435e+00
-2.633466863244889211e+00
-5.847093317163278847e+00
-2.880383163408843927e+00
-1.128462378603450667e+01
-2.425617484426486392e+00
1.210163919393971721e+00
-5.716157268814446191e+00
-9.532264597145413632e+00
-7.419360419198442358e+00
-5.578655599199319859e+00
-1.277183130878408512e+01
-5.240272218958647699e+00
-1.138112682129959552e+01
-3.995735536374840802e+00
-7.674754735172694353e+00
-4.076231568036766895e+00
-7.827877830278204385e+00
-3.909804463485366366e+00
-8.449382109102176130e+00
-5.455368000316459742e+00
-6.302456797108893838e+00
-6.448642356685468258e+00
-3.034556338425270727e+00
-3.746150583595390771e+00
-6.095098391561222684e+00
5.259398782787143567e+00
-6.704104897884441527e+00
-4.595918079280157720e+00
-3.348757487942751077e+00
4.784965075654079136e+00
3.122117116636765388e+00
1.263050000627386815e+00
-2.863673032572429111e+00
-1.437722973171701835e+00
-1.149080664000333485e+01
-6.246520177631420978e+00
-8.087024859751379413e-03
-4.661437828983562071e+00
-4.014043838404720788e+00
2.522060854474481584e+00
-1.250631389330200349e+01
-1.342695589758744479e-01
3.248734369983631964e+00
-1.155191669087903961e+01
-7.846332115064899249e+00
-5.152982975080685257e+00
-1.334020598436569394e+01
-1.272426537514737177e+01
-1.354882775025194164e+01
-4.774480926036595463e+00
-6.506969946590514198e+00
-9.285854910047389055e+00
-9.143495407210171066e+00
-2.885429272615898100e+00
-3.716460839635935098e+00
-6.204438973245275157e+00
-3.777051123655683629e+00
1.597560178788408169e+00
-2.838478560213862689e+00
-5.663956915070181175e+00
-1.076383056840371033e+01
2.756338263971890301e-01
-2.289381765780677203e+00
-5.694841050127074311e+00
-5.388224584110825610e-01
1.344272771062223315e+00
-1.024317606450836138e+00
-8.215070559693842256e+00
-1.239226211901863106e+00
-9.289819561066870790e+00
-8.400167581064360789e+00
1.717976853350815514e+00
-9.117936277375290999e+00
-3.112561879262605746e+00
-3.320021075033480429e+00
-5.311952572158635810e+00
-5.875384525885384512e+00
-2.575862892928760139e+00
-2.798185258979737799e+00
-9.755943860549450619e+00
3.352323098590318740e+00
-5.471847672118760997e+00
-4.248055438499675596e+00
-5.505860024416681320e+00
-7.576984675985301010e+00
-4.594845155658004110e+00
-5.255279744450890078e+00
-2.994804057307696610e+00
-4.528852690544515447e+00
2.413798905912194481e+00
-1.943799386518377359e+00
1.549302379962345100e+00
-4.721834055530339747e+00
8.704133812860894714e-01
-2.650750886427751585e+00
-1.852142449460082219e+00
5.599107577620477727e+00
-7.944222314765906567e+00
5.976836839182844585e+00
-1.423739016627518783e+00
-2.641451866107208168e+00
-6.252927209058397828e+00
-1.234013073940010141e+00
-9.639652492603831391e+00
5.703533789840875556e-02
-1.336894847686235543e+01
-2.224269294851966006e+00
2.575821122075450997e+00
6.204883972288266492e-01
-2.869207867698713166e+00
-7.904295683559542596e+00
1.019082537360262108e+00
1.891147567544583463e+00
1.162562942843212266e+00
-8.262489602016581003e+00
-6.473820237775614217e+00
2.341077258066723843e+00
3.706147491219931034e-01
-1.077330504758951157e+01
-2.881037500270549945e+00
-9.607263975550278445e+00
-1.747853533860219244e+00
1.233709545705443666e+00
-6.527616033967786002e+00
-4.756699492085364689e+00
1.174556747399584822e+00
4.298777165259763500e+00
9.344573499817347084e+00
8.686168981825774793e-01
3.845438413863613292e-01
-2.465082633216527874e+00
-6.566721207296624563e+00
-3.502964926366796572e+00
-2.664355465925004829e+00
-1.849453413302286187e+00
-1.234720885445579341e-01
7.163724724883328676e+00
-2.350842666420275506e+00
-1.049739181206775562e+00
-9.433444476377449206e+00
-6.151654241710851068e-01
-5.228955751705155919e+00
-1.773728702125206613e+00
-3.799436781285312925e+00
-2.987550587185992423e+00
-6.394585318939720153e+00
-5.449168717104507564e+00
-4.501934013512121524e+00
-1.453388928885807285e+00
-2.952293221403218926e+00
-9.497802624212475564e+00
-1.179788887688960841e+01
3.978291931368131973e+00
