9.643516034112779856e-02
6.695698347126670669e-01
5.417310951761993287e-01
9.917348261203814408e-01
1.672026902454686548e+00
1.803727235771116932e+00
1.791549139691546388e+00
2.078434611556550404e+00
2.040667085638064204e+00
2.060457969088534735e+00
2.478438216382281123e+00
2.440449078153852369e+00
2.315896699342361309e+00
2.061944111844823624e+00
2.344330491043897347e+00
2.228991232821338375e+00
2.458074201982513696e+00
2.188870679490780180e+00
2.045674578226563067e+00
2.027765299863716120e+00
1.749340164586831836e+00
1.845880113787123022e+00
1.515199062366176630e+00
1.000283719553652251e+00
1.327524185919463973e+00
1.347478986869108830e+00
1.380206322025756993e+00
1.805646687198636968e+00
1.518867045184568498e+00
1.483734591473604203e+00
1.445959590911670256e+00
1.610019752536473892e+00
1.267763371503429104e+00
9.786355462620166534e-01
1.342093498760762227e+00
8.890368594754842757e-01
9.603923345230136466e-02
-6.576238275594115112e-02
-4.799615820790771314e-01
-5.916742341895777635e-01
-1.167872795967180410e+00
-8.575345359907893261e-01
-8.506632009219837753e-01
-1.084694315390903885e+00
-1.181579794718300658e+00
-1.377676193821116168e+00
-1.327125188839325176e+00
-1.053354159909883681e+00
-1.664959211165892849e+00
-1.609123821506255325e+00
-1.778532145997088865e+00
-1.419664694494190416e+00
-1.018125712897639978e+00
-7.881115008202117522e-01
-1.272239403763120613e+00
-1.471219341077237619e+00
-1.512667280542138615e+00
-1.661407609730972901e+00
-2.133598377616041653e+00
-2.764412430681494115e+00
-3.111694444986861985e+00
-3.222678697711874651e+00
-3.221938063506518901e+00
-3.354653219363021410e+00
-3.758568158945606807e+00
-4.256871228280805219e+00
-3.891991494782534922e+00
-4.055285884382321626e+00
-4.103555879941080953e+00
-3.445688628823097233e+00
-3.550408829448851833e+00
-3.400567818974805423e+00
-3.491046905127312971e+00
-3.071197110463521618e+00
-3.360001555780196103e+00
-3.090782087178992832e+00
-3.596419562320427588e+00
-3.356006823286204810e+00
-2.484719743399568248e+00
-2.596803507045983395e+00
-3.097463014568175410e+00
-3.471861842874795379e+00
-3.313429645285354663e+00
-3.196924963347168358e+00
-2.726647463113278658e+00
-2.811964626469527939e+00
-2.519324423881283970e+00
-2.132248446364678252e+00
-1.986453216486862461e+00
-1.915899684941060110e+00
-1.926742357240812664e+00
-2.035938548225211697e+00
-2.072474239324040290e+00
-2.225401394864503501e+00
-2.170206716077026421e+00
-2.123863139618673568e+00
-1.971158389628287599e+00
-1.926066790237225934e+00
-2.142179338572918201e+00
-2.203645216170853072e+00
-2.285857894658034350e+00
-2.099996280334829990e+00
-1.743995813083110136e+00
-1.950518654001506258e+00
-1.133284312410767880e+00
-8.014487534764782595e-01
-1.266696401369316938e+00
-1.209126006376722406e+00
-1.341846603806402305e+00
-1.317477137072036397e+00
-1.165534842854605735e+00
-1.109901953033003652e+00
-1.467491916611381564e+00
-1.179299777440083297e+00
-1.761729344924058971e+00
-1.289082324029847459e+00
-1.223670254279578096e+00
-2.492145770869199639e-01
-1.523727197863044003e-01
-1.326625608653261568e-01
-1.559718437496121490e-01
-4.701786523457315847e-01
-7.114174901777461368e-01
-7.171431975383166790e-01
-8.761317855419882283e-01
-9.661975007579955976e-01
-1.249542048817431139e+00
-1.010703558615512421e+00
-5.185648407995817610e-01
-1.251029657948703688e+00
-1.103330940841319885e+00
-7.614363264830237288e-01
-1.010313011234042824e+00
-1.386594754444244515e+00
-1.693988014521093488e+00
-2.013679540519381916e+00
-1.628412530338655628e+00
-1.691359518010058016e+00
-1.237704020866590371e+00
-1.161892076434166476e+00
-1.829791724717740209e+00
-1.513944689577626068e+00
-1.473784925476906205e+00
-1.644341672643317764e+00
-1.587005320080811632e+00
-1.991054009250724954e+00
-1.967771525725630299e+00
-1.987762451777210115e+00
-1.964733112836195339e+00
-1.977540515249775366e+00
-1.292249083584379399e+00
-1.253496733360138116e+00
-7.029286966223651234e-01
-5.401504435202675314e-01
-5.766724222151012880e-01
-2.278927563239867005e-01
-5.088889499586343734e-02
5.628164793199247340e-01
3.040501950037711176e-01
6.445268439080312772e-01
7.960998119313135168e-01
4.373110659184494264e-01
3.126838877353365076e-01
4.746953388530470441e-01
-2.489611522413398559e-02
2.202979457443903222e-01
2.008655617171492547e-01
5.369557023491493553e-01
1.850478112851226542e-01
9.837425290116581511e-01
9.128210925353936744e-01
8.725115917391597087e-01
8.213443528507750058e-01
7.468008586499845780e-01
7.305145949068221345e-01
7.314931475843011732e-01
1.206531635364429311e+00
6.403790377405763623e-01
9.686134850446304068e-01
1.001423662781173896e+00
8.763918463370790057e-01
5.815631348086953700e-01
7.379532506340347187e-01
5.913446615578963339e-01
1.004313494711056354e+00
1.597511494582919855e+00
1.655306165308079169e+00
1.606894235775837565e+00
1.243474957899576960e+00
1.005459224240928595e+00
8.437422292412793956e-01
1.041193078079293510e+00
6.098344746220630830e-01
4.595075277180762363e-01
1.589644264533756624e-01
2.924775131687772367e-01
1.823604638710222825e-01
-1.007644185592596053e-02
9.782593163590927454e-02
3.534319773678288451e-02
1.874622448399478891e-01
3.154568322306414707e-01
4.719657896854542178e-01
4.903986270199433561e-01
6.830978550937699678e-01
1.036899837630547605e+00
9.864740523107389247e-01
5.236378849800449320e-01
5.617111253821712724e-01
6.650320315738891264e-01
7.760773020330761218e-01
3.714714842992152266e-01
1.152944788679996613e+00
9.537876198023537144e-01
4.267516022417209287e-01
3.102571356671478542e-01
3.165839478971803622e-01
4.971337270421041232e-01
2.809025925900269227e-01
3.787803038154759494e-01
5.516139154705760328e-01
8.814284769435013489e-01
9.997944020817539634e-01
1.133885072079323875e+00
1.001906137450564671e+00
9.627868528796845737e-01
1.427620355831488830e+00
1.541569719861589638e+00
1.219956842253714369e+00
9.116948865108474021e-01
4.595364589389910326e-01
2.838041493245150315e-01
7.328364628839478812e-01
4.876717312661243975e-01
4.477726668291523993e-01
1.100499692871551027e-01
2.070604780165449244e-01
6.660626699493644720e-01
1.041561541202306485e+00
1.053758428699680172e+00
1.872680839602683722e+00
1.622992090086415651e+00
1.721375417693097543e+00
1.513607712433983732e+00
1.946841922956603632e+00
1.664350585136673777e+00
1.729777933800615175e+00
1.636328236570364414e+00
2.446009482835105775e+00
2.193246136968271198e+00
2.221104319385124537e+00
2.619895452133953473e+00
3.132957369696872441e+00
2.926494844320043587e+00
3.013688657594022047e+00
3.461408044492179759e+00
3.514078774312358266e+00
3.849104166659440995e+00
4.157693047379090068e+00
3.846039105136731084e+00
4.117846482586988266e+00
4.031385753922100967e+00
3.785450176743168083e+00
4.385814519967969893e+00
4.437118881306672868e+00
4.119848657079926646e+00
4.172911228457257593e+00
3.993500628120235429e+00
3.688704032034358704e+00
3.704131142420638678e+00
4.126504234614079891e+00
4.046872302601098426e+00
3.865427944200723331e+00
3.488969143655690885e+00
3.056499962918169722e+00
2.876731760666519921e+00
3.926736703925686633e+00
3.714116481315285156e+00
3.666394309034646692e+00
3.206178194839314433e+00
3.462133521304051165e+00
3.447372982948680331e+00
2.634099132978839464e+00
2.417024690776851781e+00
2.290466260136382992e+00
2.330662721884234401e+00
1.897777401043724055e+00
1.980042324058697067e+00
2.174778876826819474e+00
2.331744329570604624e+00
2.493663739736838192e+00
3.045038140926192849e+00
3.504692133508703566e+00
3.453999837427467412e+00
2.627304260194867069e+00
2.833637206675855946e+00
2.650717555771723077e+00
2.862694745872502278e+00
2.780814418824356871e+00
2.403204512994337350e+00
2.367980140644984743e+00
2.326991145311777309e+00
2.269174653899304062e+00
1.950188207375739280e+00
1.592397531279163836e+00
1.222963070858139822e+00
1.275628750062383521e+00
1.212054997628346786e+00
1.325835461510195046e+00
1.382983035187325349e+00
1.002404587014856130e+00
5.416001853953578138e-01
2.958331433960428858e-01
6.600098200665038828e-01
8.681198643892384936e-02
2.356269114298133738e-01
4.539229439507745933e-01
9.189262840520447950e-01
9.808822017265586002e-01
1.327414082413758800e+00
1.520840804361167420e+00
1.400870675694448453e+00
1.158276171524342368e+00
7.380188136929926035e-01
6.097186657278880206e-01
5.461672784117830304e-01
2.728379679255677481e-01
1.687881407273803258e-01
-1.313075498926813134e-01
-8.965572229800961024e-02
-1.184293715472963388e-01
2.423457237017285215e-01
-3.191672611067835619e-01
-3.224187501342645756e-01
-4.420434234207436530e-01
-1.452959843138053597e-01
-6.048631899254299782e-01
-3.240156514252311437e-01
-2.360299016497846569e-01
1.477014109802721742e-01
7.048981716391538033e-01
5.060349553573230130e-01
2.366455855543677100e-01
2.778082644392375067e-01
8.690506088442009336e-01
3.813326606848773115e-01
3.808002072541008531e-01
-1.866651385561130527e-01
-1.068310424801507119e-01
1.572074875485179601e-01
5.063307639192718423e-02
-1.491166606610601908e-01
5.230559012337070435e-01
7.469252303153475214e-01
4.366298970274614111e-01
7.020050131655946046e-01
8.006751514462324693e-01
9.464537095960191548e-01
8.915115968575725303e-01
8.028139242109976204e-01
2.276173338018208092e-01
-2.413284256354218393e-01
-5.483141837324150281e-01
-1.072383261430793211e-01
-3.076314296232358081e-01
-1.176505735596788949e-02
4.758584351104989674e-01
5.606414688489462783e-01
6.085657783360649553e-01
6.101021311712191419e-01
8.876321853982042098e-01
6.034126313846626122e-01
1.118491119872786932e+00
1.388533476441553782e+00
1.332166572279686712e+00
1.555174427049855979e+00
2.153140171605294473e+00
1.925194271774064658e+00
2.452000908663716228e+00
2.826278661902061451e+00
2.447533640719248282e+00
2.163484626046976445e+00
1.555103426486925899e+00
1.738390601831458104e+00
1.586682211186401181e+00
1.805185219501267646e+00
1.483940551188991597e+00
1.326750486203243762e+00
1.142610255971866273e+00
1.510045327747212340e+00
1.724495234122810583e+00
1.985275139208545703e+00
1.922689899605994013e+00
1.844813354538356265e+00
1.752234673354587713e+00
1.936002077702317470e+00
1.847256358508506890e+00
1.954079470432650512e+00
2.206278285285194318e+00
1.736266161777707540e+00
1.869514351541649244e+00
1.877859357186470346e+00
1.667211832013192119e+00
1.825540116847540251e+00
1.674148080413708328e+00
2.051871953826040595e+00
1.957844363755514294e+00
1.426146903699294644e+00
1.815950971674093806e+00
1.521299986675250127e+00
1.916420219937033931e+00
2.581386306457323698e+00
1.995963585932318374e+00
2.558881785611649029e+00
2.243406543828867061e+00
2.469779864892610366e+00
2.669615676695558992e+00
2.765078462403752546e+00
2.993701670265027648e+00
2.920576847126395759e+00
2.665238015924176196e+00
2.967216249230093972e+00
2.626076025345947862e+00
2.268713747634926836e+00
1.843066029563591446e+00
2.398324437858890601e+00
2.092381930847906801e+00
1.845065939267155564e+00
1.487328189984073568e+00
2.053119653485894425e+00
2.083541243964438738e+00
2.185225262508580180e+00
1.842771503414380341e+00
1.342287017948701644e+00
1.291912470354620979e+00
9.718090918699676672e-01
1.029981453675586689e+00
7.346048025230225154e-01
6.094010506447948838e-01
4.254527703893681845e-01
5.372334026745712032e-01
9.296214963668505415e-01
1.010137168990731027e+00
8.576741127235808504e-01
9.845755209016152643e-01
8.736857578532549740e-01
4.365120860443761908e-01
1.016503273567890830e-01
-1.769110784000249570e-02
-1.543435235284755236e-01
2.185028354834042674e-01
4.606603782464183672e-01
3.285654477755941549e-01
5.673068403715202379e-01
3.541297521152782513e-01
3.941217329757607524e-01
6.327279178997501363e-01
1.229230836806813887e+00
1.167120608177057095e+00
1.247671030744520682e+00
1.751571429363942833e+00
1.755306120718314267e+00
2.181704943850559353e+00
2.279038926997843717e+00
2.227526764055850705e+00
2.496889309984011263e+00
1.874735773517936632e+00
1.684372817541311962e+00
1.411334714534308921e+00
1.537607216543610988e+00
1.419899243589106241e+00
1.704406899353852145e+00
1.967900317928966691e+00
1.875222846747133465e+00
1.960217108690058385e+00
1.535013683973071474e+00
1.251932825329012511e+00
1.594420338537292592e+00
1.528837471116340829e+00
1.188258014249437444e+00
1.350771079870141778e+00
1.379145081120846772e+00
1.453833276684303399e+00
1.330359733025370916e+00
1.041797911229462414e+00
8.830376774970398746e-01
1.627175892247097799e+00
1.332378962900641284e+00
1.396388937313218115e+00
1.681049134796955613e+00
1.555233876345062383e+00
1.728329677931066399e+00
2.019701942437716280e+00
1.803617666233956252e+00
1.816369298407341848e+00
2.277178617257254345e+00
2.107945706108249606e+00
2.140022402768478660e+00
2.695103828454215034e+00
2.645738830324789959e+00
2.127417859767396724e+00
1.910057144769528703e+00
1.491968175912794958e+00
1.546353756124186463e+00
1.584669625601372811e+00
1.391089466343446102e+00
1.127008899428644018e+00
1.264671574057286918e+00
1.235159435813885764e+00
1.152350246393379463e+00
7.625803908269027653e-01
1.032369180774758810e+00
1.289391495211652972e+00
1.728197443737722550e+00
2.191629092966181247e+00
2.274712112522223606e+00
2.366321067337926465e+00
2.398684588043585197e+00
2.830039872102537490e+00
3.221579617520984762e+00
3.235758609661602225e+00
3.480747556536630594e+00
3.474923406321305919e+00
3.916787991837486160e+00
4.216758627451021368e+00
3.954118526015819146e+00
3.631453318471861369e+00
3.842507322127259872e+00
4.011048031627989729e+00
3.924570176053365334e+00
3.077099191777088905e+00
3.269539997944255205e+00
3.000084852135223912e+00
3.025942912753341485e+00
3.113713796905939191e+00
3.262163294036453109e+00
3.495875237815078584e+00
3.939727654074487440e+00
4.230480594989538545e+00
4.189761243220658571e+00
4.416124087844789159e+00
4.700127145264443307e+00
4.708246575877694795e+00
4.837185330512307146e+00
5.022618977731803547e+00
4.977661525903926076e+00
4.864867891865584326e+00
4.769813074860345559e+00
5.412299519588971819e+00
6.182650574375319508e+00
5.956560554990681489e+00
5.399129559880400109e+00
4.812067598396017054e+00
4.964175911139540709e+00
4.845264813360959266e+00
4.822659650078588101e+00
4.892038905703762097e+00
5.223150348766795403e+00
4.753303760508091003e+00
4.927184194443441356e+00
4.854234981063758170e+00
5.123999964349346570e+00
5.573715759116524282e+00
5.797071398268211162e+00
5.488517102244019341e+00
5.461288985219152181e+00
5.471615055898480406e+00
4.747102179457146853e+00
4.893451994699390184e+00
5.115781821556907083e+00
5.191496638934350649e+00
5.195045504566755845e+00
4.755058179720683675e+00
4.740575013592605025e+00
4.750926803041323865e+00
4.717496221080194729e+00
4.588035904464375925e+00
4.775964812647235824e+00
4.466359537247197586e+00
4.978799652913417972e+00
4.325796227498980073e+00
4.632849931559491985e+00
4.205339966682282160e+00
3.750725031004927601e+00
3.866601691383584338e+00
3.592901283769951437e+00
3.513303795405105401e+00
3.434065974399833632e+00
3.201943188258821849e+00
3.393844769664787542e+00
3.227787642938993340e+00
2.934440093727322285e+00
3.065900359957292487e+00
3.584162012915204532e+00
3.254069495930217659e+00
3.157738045374516744e+00
3.213935624775527522e+00
3.393683247610892018e+00
3.282505638757066357e+00
2.765171054894747904e+00
3.545864214943887482e+00
4.017012734768391269e+00
3.477134068148027168e+00
3.523832513389161480e+00
3.273053009628625443e+00
3.253431246739369787e+00
3.419208302386377962e+00
3.269042893694520835e+00
2.911347897382947636e+00
2.197861837758699810e+00
1.698180785904693124e+00
1.657228100327089670e+00
1.773308863384682299e+00
2.054662433750202855e+00
1.454938714742038064e+00
1.289854279231798628e+00
1.395810687974157416e+00
1.258722233898974086e+00
1.551829062125046566e+00
1.903132962918653970e+00
1.965218774179911199e+00
1.917679196827286159e+00
1.746620378641308147e+00
1.560373585235153016e+00
9.493425979424948702e-01
1.042697376179259061e+00
1.406439261107205407e+00
1.914776148396779787e+00
1.677288749995751171e+00
1.852125843708274378e+00
2.022879673530179279e+00
1.841120338607956208e+00
1.932225651865908000e+00
2.174610973140349124e+00
1.947094014190824840e+00
1.917425648545654893e+00
1.271835630045796695e+00
9.898407515195566386e-01
1.407586922146883524e+00
1.012660943687617054e+00
8.856316328180862119e-01
8.856106931127376569e-01
8.324070091662221227e-01
1.288064433248584439e+00
1.818627655115228503e+00
1.478951239045700028e+00
1.750222552365213513e+00
1.832347217551328900e+00
1.611182773992877015e+00
1.666037909628298896e+00
1.685797509349460821e+00
2.218247961728097906e+00
2.099256355517420847e+00
1.997338429455082665e+00
1.829808818548643412e+00
2.202274062684705491e+00
2.323748454215789128e+00
1.938264321618542674e+00
1.642052550876471839e+00
1.417192904304426682e+00
1.638982177408146557e+00
1.551054489095403222e+00
1.452274082768351127e+00
1.799725748171029593e+00
1.777460427778540852e+00
1.935953849109495639e+00
1.537399135084050128e+00
1.768451529487637064e+00
1.711012636303995693e+00
1.476276110420364995e+00
1.655227057494977894e+00
1.483384067272130347e+00
1.446478168527553620e+00
7.521873711396934725e-01
1.946813973709211609e-01
1.183923644683532728e-01
3.054931769481497028e-01
1.686912358941729528e-01
-2.439529836028869747e-01
-6.937327352516264867e-02
2.585083407169035952e-01
3.381309447101549237e-01
3.173906652546216178e-01
-1.569126414553243531e-01
3.999771468887146630e-01
-6.941595875015194039e-04
2.463919006307842274e-01
2.770679192764577969e-01
6.511821276644704781e-01
7.523538781707058698e-01
3.955210743397980511e-01
2.606007370264629697e-01
3.101738461856440865e-01
-3.593791445199645551e-02
4.257188387231148341e-01
4.516676947368639672e-01
9.569933125152429998e-01
1.068767475628638497e+00
1.133146453937420528e+00
1.037500381527442173e+00
1.093206838960666394e+00
1.094826714967910730e+00
1.679582719891385301e+00
1.714820616962597466e+00
1.585134850741398482e+00
2.098376504700069756e+00
2.226827120697071116e+00
2.497140579543098760e+00
2.403501697808561044e+00
2.169223724390485941e+00
2.661485292586340812e+00
2.518518786705280732e+00
2.235417728968944751e+00
1.819585418704695812e+00
1.291304988341122506e+00
1.733432750725172999e+00
1.240296285999215264e+00
8.000174629234750867e-01
1.021412584715580607e+00
1.126783027978854657e+00
1.477601793826021304e+00
1.130092250847094082e+00
1.878042461399945351e+00
1.641832250904047719e+00
1.995560805398500781e+00
1.827494648134894595e+00
1.589481246501540879e+00
1.552878236467378770e+00
7.556908503769924623e-01
4.128183868482189212e-01
-1.009175370674221250e-01
-1.097044696248955925e-01
-5.036809544727020166e-02
1.982486279804490659e-01
2.184588603406482088e-01
-2.224366963852868473e-01
-2.128143837243318404e-01
-1.206217523115249157e-01
2.354804314322530290e-01
3.877596642652343939e-01
1.695794435314099957e-01
3.836994671048592487e-01
2.668029429182079970e-01
1.627723021483755916e+00
1.561503056724458993e+00
2.102974804799948139e+00
1.712207890016443024e+00
1.459482652229111110e+00
1.130656687417499695e+00
1.823208429828488963e+00
2.070467763379709947e+00
2.601249427821783478e+00
3.186662454599542116e+00
3.094801923815845957e+00
2.561881140340402041e+00
2.391018823070912624e+00
1.987972294094521475e+00
2.045229439544918204e+00
2.070946987815556195e+00
1.694695163070822908e+00
1.442833319575904882e+00
1.966164962048142506e+00
2.045093162144407728e+00
1.936211353946884151e+00
2.314655042657681960e+00
2.401727562184287734e+00
2.177711228123702991e+00
1.546425751038425389e+00
2.017280796295959799e+00
2.087057341912204045e+00
1.820626244796627047e+00
1.952476335430634702e+00
2.058981918262159816e+00
1.810597339083397150e+00
1.814764620095703940e+00
1.946520373500909784e+00
2.384582034791355998e+00
2.787105502232062548e+00
3.211151469226335653e+00
2.909466129212114005e+00
2.700343748271879285e+00
2.846543781578097398e+00
2.893745378767977883e+00
3.102335068264383544e+00
3.470390138752784903e+00
3.762132400726011738e+00
3.527424857573174588e+00
3.350096805135971856e+00
3.254402165216676135e+00
3.421247116545688804e+00
3.684166322197364618e+00
3.930853691583779064e+00
4.137065936233597085e+00
3.801699408754005916e+00
3.930865674090583184e+00
3.818649333281899150e+00
4.122031862606014840e+00
3.829222504006565053e+00
3.133967046399881440e+00
2.830995021223398300e+00
2.303120073832641168e+00
2.531787497177987234e+00
2.244730293724950254e+00
2.384178162914182941e+00
2.640338875012739450e+00
2.398261548255434139e+00
2.997864353904052148e+00
2.659487656701924330e+00
2.495081141162594385e+00
2.401302160012904974e+00
2.362182609709245096e+00
2.206161950751855283e+00
2.194402472333712328e+00
2.511888525068251443e+00
1.937265028611034001e+00
2.222544712455404525e+00
1.982770289835830813e+00
1.645084609492177830e+00
2.052470994540974925e+00
2.358459412437381886e+00
2.100154696851112224e+00
2.171719713432524568e+00
2.579190735099913034e+00
3.065415657160350360e+00
2.913573589951020448e+00
2.915964556724974788e+00
3.149448734401340211e+00
2.318632468881955955e+00
1.896224489542162051e+00
1.902033475041407629e+00
2.340041453750507650e+00
1.816029303180918930e+00
1.774763081454693969e+00
2.004525263719985961e+00
1.715211573425049263e+00
1.169297193336687801e+00
9.378263276896456890e-01
1.572824642504460080e+00
1.856851725053982882e+00
1.644416876372961855e+00
1.814672506906598537e+00
1.556871696684330342e+00
1.050120454939625025e+00
1.498987881115835030e+00
1.501616805870877425e+00
1.469053103017566864e+00
1.328851147661385568e+00
1.601149132404108943e+00
1.243419498281233215e+00
1.018591934416643641e+00
8.030564474879877679e-01
4.719700605287663886e-01
1.339625251747961210e-01
5.238270131807536423e-01
8.139493289802011144e-01
4.857645221924478118e-02
-3.856639550786407078e-01
-3.559359782907630110e-01
7.937877993478109628e-02
2.995507823541393444e-02
-1.850730645031539723e-01
-1.081204762267147790e-01
2.904510415669533940e-01
-1.806740463277429765e-01
-7.274658933246983539e-01
-8.005806811690577840e-01
-8.668890401673013946e-01
-4.377961038803457328e-02
4.767278573737823155e-01
9.436195079555231846e-01
9.391904827537639333e-01
8.789860188335911761e-01
1.379347224219047874e+00
1.524971760920687869e+00
1.590074071310635606e+00
1.165288227533808785e+00
7.632941703005460266e-01
5.529907484641499726e-01
2.992019452568969173e-01
-1.488394827548988886e-01
7.982688050099676080e-02
4.673767370718309166e-01
8.607921275252586879e-01
5.268617477935673143e-01
3.022460983536218171e-02
2.073438117188834140e-01
2.916309206944798227e-01
-2.817506088324271962e-01
-1.049563059116617847e+00
-3.302599926424785171e-01
-1.081747819217040885e+00
-1.096773131915692812e+00
-1.483036334186798477e+00
-1.159981441936728253e+00
-7.486624499502901875e-01
-6.589754422977085468e-01
-3.629596233045424558e-01
-1.359614039527744234e-01
-2.360844483035829666e-01
-6.951630063553373429e-01
-6.884359486243230020e-01
-1.015977420892087091e+00
-8.252918851166008984e-01
-1.108421952064269966e+00
-1.870228100903545077e+00
-1.572656731738685476e+00
-1.574751306773054971e+00
-1.428997736357625392e+00
-1.262774609694910621e+00
-9.068000709496429890e-01
-8.707025457094870191e-01
-8.846253409802161682e-01
-1.299122026405309160e+00
-1.195674944522865379e+00
-7.336487865381204898e-01
-4.554598181420679848e-01
-2.502202810569290614e-01
-1.385315181466679757e-01
3.087677040394256056e-01
3.279532589977899315e-01
-2.602002159381605617e-02
-1.498706694562772571e-02
-3.213082727591382720e-02
1.273423841752109598e-01
1.028799921081555435e-01
5.377643781261481903e-01
5.879063978274041702e-01
8.249769126915778017e-01
1.216537719541215257e+00
9.034694298978871441e-01
1.467928055528054720e+00
9.611263951348830714e-01
4.903705508344204933e-01
2.782868766246649472e-01
5.230070967270973314e-01
7.184727082887675254e-01
3.602275687617231270e-01
8.137918631627923949e-01
5.156262335837007438e-01
9.638318095098971083e-01
1.379203297193878130e+00
1.552845840373011210e+00
1.591042326687213571e+00
1.853323212759861782e+00
1.895338622430521758e+00
2.408779022777728152e+00
3.106568052673927660e+00
2.726411934265774217e+00
2.253084445167510275e+00
2.191430673007720209e+00
2.435450319984399314e+00
2.837644995031892492e+00
3.297981771430936071e+00
3.587607129639531767e+00
3.263639425051582332e+00
3.317393790130951370e+00
3.280931281216184825e+00
3.254079880839641170e+00
3.281208108120424516e+00
3.059762033580325280e+00
3.404686100116877334e+00
3.682348088370343220e+00
4.114380897243862023e+00
4.324612491910171386e+00
3.361792874179600155e+00
3.357947473866411681e+00
3.342184716671119826e+00
3.257841979008416100e+00
3.517076312256905535e+00
3.694544297864146287e+00
3.692387441141736115e+00
4.080173861323634021e+00
4.082547263247721325e+00
4.249097283318409524e+00
4.276802294676771865e+00
4.517581610176081064e+00
4.458073106182605549e+00
4.249633438772550065e+00
3.924362549348932028e+00
3.437504486167799023e+00
3.439118750272225800e+00
3.459997329269942412e+00
4.099783250981197114e+00
3.795715474295584535e+00
3.968999930999743242e+00
4.200930760715067436e+00
4.165709385932279574e+00
4.023647901866854504e+00
4.073777381791977348e+00
3.908012795888100133e+00
3.983828590570902772e+00
3.390884401310205298e+00
3.152194806110846681e+00
2.567343764701819353e+00
2.156637518344736826e+00
2.524205211533660176e+00
2.933714538480464373e+00
3.154609846295833631e+00
2.779087406173061936e+00
2.539152446485140047e+00
2.575529598531299147e+00
