-4.421528095190167207e+00
-4.366356961916108226e+00
-4.831010676721771979e+00
-5.846353353878071424e+00
-5.633303004988665208e+00
-5.149756086382137887e+00
-6.207447865542850884e+00
-7.027837461847036060e+00
-4.826714548657593085e+00
-5.147898414385053911e+00
-5.213624971562641264e+00
-5.061786967181254759e+00
-5.204598882841976248e+00
-5.935709629329521952e+00
-4.574518726719802864e+00
-4.558052212307651452e+00
-4.460361505463578347e+00
-5.978724258722233564e+00
-6.507162533202983212e+00
-7.598231850780932106e+00
-6.781003693644435337e+00
-9.130869490228834096e+00
-7.154061830200618033e+00
-8.004719531785379871e+00
-7.822270748492231363e+00
-7.723799795050478423e+00
-7.627628321989000426e+00
-6.942706121045747025e+00
-6.698328733485130471e+00
-6.040149852242208794e+00
-6.620481792528682519e+00
-6.614411645025437103e+00
-7.065718641842883230e+00
-7.054837279400778982e+00
-7.107378527961186521e+00
-7.315576318631959118e+00
-8.838180883346050010e+00
-8.167546524158243670e+00
-6.741114825574195280e+00
-7.715076802888089169e+00
-7.188882245837268314e+00
-7.820337754385674245e+00
-6.763359094395156923e+00
-6.934493622761917386e+00
-8.162039776349065079e+00
-7.849945149125681532e+00
-7.679317759528357712e+00
-7.525931941270620484e+00
-8.166170809523611851e+00
-7.425092379803837517e+00
-8.326878998876003024e+00
-9.763526043726869830e+00
-8.453726147180773864e+00
-7.913257721405405398e+00
-8.971357336846311981e+00
-9.880776598647871722e+00
-9.629794877402156672e+00
-9.964815345987629414e+00
-9.221553445853931663e+00
-1.018531083206001142e+01
-9.969167621506592525e+00
-9.336510757737206845e+00
-8.484397352008715032e+00
-7.672009868249386244e+00
-8.647189584745213153e+00
-9.151186476561907313e+00
-8.485864039420382809e+00
-8.260113673343166596e+00
-7.346462817955687008e+00
-7.536522232160145052e+00
-6.221744765981862102e+00
-7.654632711624881125e+00
-6.007805146959876552e+00
-7.070150290304312968e+00
-6.865246161341942432e+00
-7.125693470219649051e+00
-6.852283375086670070e+00
-6.892407035893333145e+00
-7.002158286725311598e+00
-5.087439633945534112e+00
-6.448008276696113761e+00
-6.596250004675476397e+00
-6.687481839344020074e+00
-7.402704661646387407e+00
-5.962860096395527165e+00
-6.421027372205665884e+00
-5.588131943131998014e+00
-6.033555723188351649e+00
-6.280700085336937022e+00
-5.310621892278774681e+00
-6.364611542853609194e+00
-6.995860849008561644e+00
-6.762205492355244374e+00
-8.421881521362806211e+00
-7.779232229932906861e+00
-7.795788815942655603e+00
-6.954964120788403648e+00
-8.093077190953358979e+00
-7.997834691443937771e+00
-8.363647448016823915e+00
-6.531985119966675413e+00
-6.626480868083948650e+00
-7.706577306974463859e+00
-7.973329128214516004e+00
-8.612393086047649859e+00
-7.407185047978996906e+00
-7.555052650149487903e+00
-7.879979380921894538e+00
-7.506252043186146139e+00
-8.167951336820729935e+00
-6.774873113291048909e+00
-7.470997426078067605e+00
-7.498338702960260171e+00
-7.396949824205034218e+00
-6.786440881461754948e+00
-7.302879309645486927e+00
-7.440339322751437834e+00
-6.998802049912223211e+00
-7.630336911600902106e+00
-7.093931603034265621e+00
-6.621022028928832626e+00
-6.657788320942906068e+00
-7.472287487211580981e+00
-7.374138257795833873e+00
-6.623440643053985610e+00
-6.687979793583815891e+00
-7.275469298319821476e+00
-6.224807502369126055e+00
-5.763169047503997611e+00
-6.381975912873643964e+00
-6.206285906260565532e+00
-6.207858454164276729e+00
-7.217597734626467698e+00
-6.777441695955786827e+00
-7.656598395411013946e+00
-6.057839686080544794e+00
-6.073758501766150175e+00
-6.426522949523660877e+00
-6.582618117747770725e+00
-6.206287391792773889e+00
-6.242465438824110535e+00
-6.021420642480090457e+00
-5.341069516182661125e+00
-5.900901680113769920e+00
-6.288005482553303160e+00
-5.124189470571380411e+00
-5.656426989442627118e+00
-5.696386768181545435e+00
-6.482688181601137245e+00
-6.123170834108341509e+00
-5.937519159272786062e+00
-6.503494604816335567e+00
-6.495518652156670569e+00
-5.782295956834119011e+00
-6.551846019698771784e+00
-6.596569722141349956e+00
-6.398880221838335380e+00
-5.758661413694084352e+00
-5.322959243856434597e+00
-6.672948620093875682e+00
-6.064605325112503387e+00
-5.562808386769150459e+00
-6.061410310283450009e+00
-6.549315068114953675e+00
-5.834929842018687474e+00
-5.333743359581772481e+00
-6.744375700074042967e+00
-6.847625880390445730e+00
-6.165483778456024133e+00
-5.995882649191384139e+00
-5.512305299202886033e+00
-6.414951040943960514e+00
-6.860876427844162961e+00
-6.929621151205132890e+00
-5.935605414369795163e+00
-6.990738882139198473e+00
-6.464410416845375096e+00
-6.880339508490333600e+00
-6.538577439005917924e+00
-7.879928772975350881e+00
-6.961398079758030377e+00
-6.095287800425468916e+00
-6.971879357745360828e+00
-6.951519680407351132e+00
-7.126834659503548330e+00
-6.197722483806565208e+00
-6.991521905534754389e+00
-6.885146570685885870e+00
-6.385226017338947457e+00
-6.242743266735899965e+00
-6.981828202502025960e+00
-5.557584986615011324e+00
-5.716512513370964221e+00
-6.208701012529159513e+00
-5.884408788715964178e+00
-4.667912651811164437e+00
-4.216561372645261763e+00
-5.120821282910958949e+00
-6.269933798405986636e+00
-4.900690730356162206e+00
-5.987147514870540199e+00
