5.163871087090590173e-01
3.757059433418898364e-01
-6.447017495300416678e-02
5.673293286876839037e-02
-2.985071261464675718e-01
-8.535045610595866084e-01
-6.871674359166329848e-01
-4.729219974737038923e-01
-1.068542806155176050e-01
-2.363142995963944948e-01
-8.480343332458548655e-01
-4.195723007361186752e-01
-3.635633015086585651e-01
-1.524481489724659466e-01
-9.433916773739740858e-02
-1.776938636970600838e-01
-6.232526633718309395e-01
-9.711153035797865929e-01
-1.271537662640378485e+00
-1.959342271191752527e+00
-2.215513672057534578e+00
-2.758486163031220517e+00
-2.635867496782325681e+00
-2.698183511077461905e+00
-3.248251866268640153e+00
-2.960337503015212590e+00
-2.910870598211867222e+00
-2.517132360560244919e+00
-2.241969587104118755e+00
-2.112053764560074320e+00
-2.343928961165655078e+00
-2.460016351439358040e+00
-2.397946733082286563e+00
-2.765308510597368485e+00
-3.110969518590442906e+00
-3.182282949385295545e+00
-3.126683748209438285e+00
-3.359660369244630296e+00
-3.620867181671244772e+00
-3.299131422545844572e+00
-3.210541687355840779e+00
-3.099160513166923980e+00
-2.936668451154331727e+00
-3.170032121887763843e+00
-3.628673509201241654e+00
-3.952372338495294013e+00
-3.819787552155803567e+00
-3.663856184660120530e+00
-4.361468807577967510e+00
-4.074794652795586281e+00
-4.644658073278146837e+00
-4.873725639845084778e+00
-4.744453647809747210e+00
-4.193329761923743959e+00
-5.028876337117662132e+00
-5.373581119035300446e+00
-5.522713490928268243e+00
-5.591121870087287782e+00
-5.467409114300101791e+00
-5.791178519731339236e+00
-5.999986049823182732e+00
-5.701696115314298652e+00
-4.859846689984404833e+00
-4.473281226249222087e+00
-4.900853992272268478e+00
-4.901132331493032623e+00
-4.605308254884145747e+00
-4.061862513537101371e+00
-3.745762535218304379e+00
-3.627613980293607820e+00
-3.092076778439972529e+00
-3.531157793127206013e+00
-3.533213049695621333e+00
-3.627744099973640779e+00
-3.929715263478902543e+00
-3.534198908974055975e+00
-3.237171970239248520e+00
-3.169439644866038019e+00
-3.152881637484632904e+00
-2.662174351586085841e+00
-2.846034653326964037e+00
-3.084344616456691668e+00
-3.816948517614976222e+00
-3.814571801527752992e+00
-3.731678773937850746e+00
-3.216210312364300439e+00
-3.140565768091449161e+00
-3.175871418908713384e+00
-2.804778912360474941e+00
-2.776753105567898672e+00
-3.116144752125077133e+00
-3.594837549234484175e+00
-3.443346641172224221e+00
-3.955576920372505079e+00
-4.198517479543324882e+00
-4.315318749816017707e+00
-4.248947874165511784e+00
-4.889076973929556758e+00
-5.144671351734052323e+00
-4.855319663506653782e+00
-4.262996938749541442e+00
-4.097839229524171678e+00
-5.147946214774130169e+00
-5.005118284140876561e+00
-4.705481238537448263e+00
-5.010368631682611706e+00
-4.739893838208676158e+00
-4.786895117491433815e+00
-5.036366229617817325e+00
-5.024230107303132797e+00
-4.426566967271672759e+00
-4.398121839768604602e+00
-4.291807875709724662e+00
-4.386891177245657580e+00
-4.377000627639431762e+00
-4.072610241636128947e+00
-4.494529804060521272e+00
-4.470342783507209816e+00
-4.827984999338748473e+00
-4.563321174559751725e+00
-4.382928837793991228e+00
-4.795867042096978672e+00
-4.790626473903744298e+00
-4.596307817167241794e+00
-3.951982305707861798e+00
-3.925838733046310924e+00
-3.816684983122292874e+00
-3.768567372227492385e+00
-3.952277096756347419e+00
-4.171146369324070236e+00
-4.366979969942060613e+00
-4.361569929807441959e+00
-4.868840079603313775e+00
-5.090908431840706960e+00
-4.778786116980747956e+00
-4.360312353428335896e+00
-4.039419743074276425e+00
-3.884037221064868817e+00
-4.274287367940662108e+00
-4.159365758806852220e+00
-4.378371198532764907e+00
-3.826458881586213945e+00
-3.560025905706712290e+00
-3.618914900147511382e+00
-3.462586615368243859e+00
-3.293484633913131177e+00
-3.280737272799731041e+00
-3.611399347149383487e+00
-4.413543435038752349e+00
-4.329811019887393364e+00
-4.350582873155253161e+00
-4.215081365612491027e+00
-3.938800422811817192e+00
-3.799768183376919684e+00
-4.258830737787387299e+00
-4.226167194581549325e+00
-4.489250131012105349e+00
-4.142991894412202392e+00
-3.670787290358009436e+00
-4.063534692524321201e+00
-4.515614247590630015e+00
-4.274431727411329263e+00
-4.296689194880823237e+00
-4.487130457409696405e+00
-4.667233543689680353e+00
-4.432714192794719565e+00
-4.961469033657068373e+00
-4.796148530336449944e+00
-4.628814522043546376e+00
-4.588571663585359950e+00
-4.185498048602085852e+00
-4.906075050339018695e+00
-5.237085261506691403e+00
-5.288016114768843146e+00
-5.181890187370914447e+00
-5.692681647720285731e+00
-5.572669214503119584e+00
-5.945026857110931928e+00
-5.959399126747989328e+00
-5.267283070328801386e+00
-4.847900653835188756e+00
-4.858584485360628591e+00
-4.980659170773921396e+00
-5.012653838455872091e+00
-5.400705927919905669e+00
-5.803815182684489926e+00
-5.193425875462753361e+00
-5.175607292282500715e+00
-4.795883468256122661e+00
-4.994642965265742696e+00
-5.039039766637341877e+00
-5.043283891721258350e+00
-5.271438803037471033e+00
-5.001542002247515661e+00
-4.253160668408032308e+00
-3.909591313446600491e+00
-3.646433547325088398e+00
-4.239725867435824469e+00
-4.329685658357474765e+00
-4.154500463560819590e+00
-4.498379753955707550e+00
