6.082543006655137141e+00
5.084679604179282997e+00
6.022581375544907800e+00
6.694363295981010431e+00
5.106143408106905923e+00
5.447856755854793676e+00
5.863980039160925806e+00
5.890727975473310174e+00
3.937248814793544938e+00
6.265741612704877284e+00
5.757233201357455421e+00
5.751935454161473338e+00
5.883200529190510508e+00
4.901193213572361707e+00
3.512232329956412880e+00
6.024850108236948998e+00
5.226140150457943889e+00
4.221543152064433535e+00
4.744107331266032013e+00
4.426504511519178564e+00
4.013942093750258344e+00
4.302488982061902334e+00
6.893668285278137908e+00
6.007738082336661734e+00
4.488644256790633058e+00
6.888327616299082301e+00
3.941244713057304061e+00
7.627438527667588453e+00
5.209646494146061180e+00
5.598593539292100907e+00
5.792880256971933761e+00
6.239498064826936918e+00
4.882578571026440883e+00
5.959015398624243787e+00
6.549073337321057231e+00
6.046055679432312147e+00
5.547639232623454930e+00
4.894052394727690825e+00
4.337089922243981377e+00
2.986566465927949832e+00
4.787652600486052457e+00
3.415464070209486724e+00
6.022460280802274468e+00
3.797704608728704745e+00
4.154123367693722813e+00
3.397629859261074969e+00
4.743867826416759748e+00
4.032655078858568665e+00
4.597306179858983377e+00
3.837744428599385138e+00
3.699249994947086950e+00
4.137402348728882018e+00
5.424974548170980349e+00
4.810646068054763802e+00
4.143924886303437027e+00
6.034660324895163797e+00
5.718025993584918254e+00
5.546048039417855513e+00
2.325633870477720411e+00
5.627603140058312192e+00
5.377508854682923278e+00
6.639347281717294713e+00
6.611475346587537771e+00
6.087482182115520501e+00
5.907786604119970697e+00
8.429469344324765245e+00
4.858499003422654283e+00
6.799273788154129861e+00
4.148626327922083412e+00
5.177192856811137389e+00
6.390782617027003454e+00
8.294193211457118409e+00
3.768652140290183805e+00
4.689394353132261273e+00
5.701569763065068130e+00
5.955896464022914394e+00
4.537956431120873546e+00
4.968963531512453180e+00
2.448115647296893904e+00
4.292605754179122712e+00
4.220141400669961129e+00
3.620984396868218269e+00
4.515111739251604028e+00
3.295092034202169451e+00
5.892423792831926299e+00
5.722439911523912848e+00
4.967967107517663017e+00
3.672995293326085875e+00
3.842749344416972690e+00
2.219020186380810777e+00
5.780255907203224908e+00
3.161023817749802234e+00
1.081047038120192871e+00
4.369167503891842941e+00
3.565350315143668958e+00
1.780579072672445307e+00
3.704352314482090236e+00
3.978827921179918903e+00
2.923579361296864576e+00
3.096226742636058127e+00
4.235654474109662004e+00
2.688042874644920310e+00
4.443250806579142953e+00
4.154940472133207052e+00
3.769686211005967458e+00
4.235236851912077327e+00
2.329598346111448670e+00
3.003136390693213809e+00
3.476007383071819667e+00
1.045564605585786566e+00
2.587411394903630590e+00
3.463368479296777380e+00
1.898814384998446236e+00
3.990541668238694939e+00
2.973504375461538451e+00
4.266701617584031325e+00
6.295597787053370809e+00
3.560346270651703282e+00
3.775527448835413136e+00
4.653739961939381331e+00
2.660981160293041548e+00
4.471030129021212218e+00
3.674590343535633075e+00
4.152585180840953960e+00
3.837968405763544588e+00
3.997528729839769923e+00
3.498468859125140273e+00
3.450688372670002835e+00
2.120499041204841006e+00
1.481645187447087064e+00
2.849497504798771175e+00
3.813420269194192969e+00
4.110555255150274867e+00
4.546469855383445946e+00
5.537307278962975587e+00
5.459179419729405680e+00
5.415239086673637736e+00
4.842163791259742389e+00
6.634283853007694631e+00
4.742455830096919733e+00
4.877972933122641130e+00
5.380648858096805931e+00
3.946624074767573820e+00
7.237135065801779454e+00
5.319340003836446229e+00
6.934487527627575254e+00
3.876763793099811117e+00
4.328372017357236423e+00
6.404382949846223028e+00
6.117985616473236909e+00
3.738532550900315776e+00
6.286335485346161711e+00
5.758869562403629239e+00
6.018856734007157705e+00
6.261560647050760764e+00
7.276226505175564796e+00
4.877519777494150333e+00
6.154544072395862209e+00
3.541265694750062476e+00
4.423303728944616431e+00
2.000041973618734925e+00
4.006457179823938120e+00
4.563783733170064139e+00
4.117802196060170949e+00
3.760449511024934743e+00
5.906804555834774817e+00
4.575935581240108796e+00
5.179072031042112556e+00
5.190028897668395480e+00
3.307219457173852462e+00
4.195170970278218725e+00
4.305091398110676870e+00
3.610068305497752927e+00
4.669501386145674005e+00
4.773739720734763381e+00
1.549343310233469939e+00
4.647044569498249622e+00
2.034882127390480022e+00
2.719668305395929853e+00
1.430319962422037960e+00
2.111194068406934132e+00
2.672942662098772626e+00
3.214786907483670131e+00
4.090447632383368060e+00
4.319477515093183229e+00
4.907926463658765392e+00
3.337778156733577806e+00
3.133145436209338719e+00
2.589339668267830241e+00
2.349971048432721865e+00
7.801926204306033341e-01
4.470865934978515810e+00
3.029462472998352141e+00
4.169152242659032837e+00
2.826723613691648040e+00
3.356930189400778808e+00
2.459792467700799179e+00
1.487566069155476844e+00
2.243808543602654026e+00
2.121524919453122937e+00
2.778458110035327167e+00
3.387559904890332430e+00
-4.354194591963245209e-01
3.327672390282447878e+00
1.190813485424328189e+00
9.748644482584465365e-01
1.961828248523662221e+00
2.433970897441299464e+00
3.289724377057020366e+00
1.464539287960928693e+00
5.005608654786311007e-01
-7.613992046821316251e-01
4.280508475313311578e-01
-1.669248709914355810e+00
1.055660164470809015e+00
1.773434403156836758e+00
9.499348703789642911e-01
-1.503016979917419338e+00
7.237029773849856795e-01
1.154399430184998465e+00
3.006229183571935692e-01
1.351368640469229554e+00
-2.658126290797824254e-02
2.197560625679803259e+00
1.122604005310450681e+00
1.018477229804036099e+00
-2.234364116504625741e-01
7.973925293439876327e-02
6.669265563483337544e-01
1.562466274400471811e+00
1.298574074720621141e+00
2.919396683494550615e-01
-1.330116056193109131e-01
1.067323403509981006e+00
9.471167159286348891e-01
1.568090235965639678e+00
2.451467859507152180e+00
1.287495934750408466e+00
-4.705977514410228935e-01
9.063559048783078609e-01
1.824860249926465450e+00
1.425555066247297997e+00
1.343294665321915105e+00
1.215276236091149542e-01
-5.548729938403171857e-01
1.771357868377431366e+00
2.625904045424043431e-02
-2.753411002147485576e-01
1.533009353148957921e+00
-6.152962844734353176e-01
-6.720844482343619752e-01
-3.923174276628937918e-02
1.104820305797391988e+00
5.295790528386676854e-01
1.899612586927934554e+00
1.679989773005862830e+00
3.438756315664875274e+00
4.386097215924689152e-02
2.765917693507740083e+00
8.169052073378462175e-01
1.555096775980884694e+00
2.239748021307356396e+00
1.137306157798545492e+00
4.812534367579521799e-01
1.796946585884307890e+00
6.445424020292551681e-01
3.007739258005469374e+00
1.727424883262492550e+00
1.190856425857568901e+00
3.658844632243704265e+00
2.048523205784671841e+00
-3.166495214615561160e-01
2.595986810678706735e+00
6.523186020273290531e-01
3.925710302594827894e+00
1.249566256195142167e+00
1.910580863474296898e+00
2.293272360256063180e+00
1.619103889589969203e+00
5.395292423073538401e+00
2.898630316926093187e+00
1.378830231951162055e+00
2.663637322183327161e+00
3.396501536456817405e+00
3.182612618801082149e+00
3.990193620878888403e+00
3.410171469301543024e+00
4.226932805405962057e+00
3.877660120721018622e+00
1.503516564924737509e+00
2.432876150226235268e+00
2.702459102476105102e+00
3.503969312004674208e+00
3.246095962579312655e+00
1.759049178751018516e+00
9.345161557542742692e-01
2.016182872799388015e-01
1.576618323266548938e+00
1.900618894674804160e+00
1.604191700652992658e+00
1.648142341289431378e+00
3.161755580721659964e+00
1.343714128464763569e+00
3.963667069697784040e+00
1.744697999995535653e+00
4.117838781595065001e+00
3.112301159217037316e+00
2.373057755004341018e+00
2.559436530283796252e+00
3.908891527416860523e+00
3.063124737658067698e+00
3.174316481401570300e+00
2.899164629142805261e+00
2.650309094110638863e+00
3.385220330943497835e+00
1.309281560213906737e+00
3.970125816719332512e+00
2.752364439424437759e+00
4.244819547667310289e+00
5.619652032201772229e+00
4.937732841580189991e+00
4.213618592598767698e+00
3.595685113038684655e+00
2.253027021808709396e+00
3.006818763421437612e+00
1.084717299775376453e+00
1.868240099261180287e+00
4.123232236622428104e+00
7.956669993275018449e-01
3.038796672359735496e+00
1.509236257818957316e+00
4.292696963356141815e-01
1.576580308923223317e+00
1.640507258646251465e+00
2.184150490291896674e+00
3.663390515596154362e+00
1.839141252023925421e+00
2.997735413305670615e+00
4.991298634638281939e+00
1.530368662145411118e+00
1.780418685092155506e-01
1.458204024745501037e+00
1.224360381247673324e+00
3.281259329754525389e+00
1.757344260578058037e+00
3.197934342222652937e+00
2.092003299031471641e+00
1.759330528394779325e+00
2.045256663906015682e+00
2.063625722904500748e+00
2.333866870141950045e+00
1.956835870016052858e+00
2.679731213127257927e+00
2.175986005282498859e+00
2.232704708611867872e+00
3.568224256157646046e-01
6.521874255937429865e-01
2.969540812989730050e+00
2.369144198812100477e+00
1.628212636509836830e+00
9.576956388116166785e-01
2.391379997638968025e+00
3.518595958748448993e+00
8.718609670433554726e-01
1.595772087949626883e+00
3.081152133180179664e+00
2.226992809112247507e+00
3.488866623955368951e-01
1.514585893466147137e+00
7.550093037933258699e-02
1.614468410841789492e+00
3.243338124343511097e+00
1.604885180181497617e+00
2.872497778004204250e+00
6.352650576328002785e-01
6.587616684137636014e-01
6.647055486692883264e-01
7.138027423665507243e-01
3.842948928623606264e-01
-9.782475649795179251e-01
-1.065301590819742295e+00
9.985658353574269341e-01
-1.096560613491593728e+00
-4.664988552472317807e-01
4.473944262371825076e-01
5.960993978289810258e-01
3.947336160585388498e-01
-1.014293973741438926e+00
1.084499273359950777e+00
-2.104190738654430959e+00
7.480024241152154474e-01
-1.749580811474142905e-01
5.296180641757262109e-01
8.551905901139615906e-01
2.201614946879107748e+00
9.027758765087616766e-01
1.281539045883942407e+00
2.328305162338999423e-01
1.367198690336031142e+00
3.086725128917629846e+00
1.022600393502637761e+00
2.353025241399780310e+00
6.281075848439208187e-01
6.272460718395000967e-01
1.617549905232138929e+00
1.250009177341980582e+00
4.789621672559922771e-01
2.838164975787460076e+00
1.475464398451654002e+00
4.637446318786277999e-01
2.571389660920204712e+00
2.581625964190439770e+00
2.847364405691478417e+00
5.891710103465848114e-01
2.373916305052819808e+00
1.923447946779402784e+00
3.015411134630520795e+00
3.929262498439969775e+00
3.290055421782366540e+00
3.138253515683826489e+00
3.047577693357582440e+00
1.498563069385865365e+00
1.559673303067432126e+00
1.910134907259820380e+00
3.381386624569241217e+00
4.023465882274306793e+00
1.149616032112267927e+00
1.471301691279779167e+00
2.070480884891117590e+00
2.675247142360308139e+00
4.756659665681407745e+00
2.270425772262807840e+00
1.970292011402091870e+00
2.472329287744860604e+00
2.007839503380813184e+00
2.958548357080604152e+00
1.401262241820657728e+00
2.663324134787288244e+00
3.200139762373529706e+00
3.216989145474705936e+00
1.504746519588861187e+00
1.390587876982062543e+00
2.964493472120968143e+00
2.121777598540546261e+00
9.091140942961239979e-01
4.590154434600756339e+00
2.415364568818168411e+00
2.834916620672344401e+00
4.733163199154266643e+00
3.150034554107611573e+00
3.296393311598090126e+00
3.513779930762388481e+00
4.663842255807020720e+00
4.647672723949447082e+00
4.560833510117110912e+00
3.113987167406657264e+00
2.700504815226262956e+00
7.042509583852154531e-01
5.418011938769258684e+00
5.829785312162407251e+00
5.234768521669751706e+00
3.363523640885120347e+00
1.283335917746556198e+00
1.641064840079142773e+00
5.266864626760279222e+00
9.169859148196604082e-01
1.918323439688794707e+00
2.313267301284498423e+00
2.513495764616667572e+00
7.824518510852995767e-01
1.759172881723224613e+00
7.213495648604375532e-01
-3.471624788886966684e-01
1.941996764953588084e+00
2.580059195851784004e+00
2.931779792547142716e+00
2.443136584586978799e+00
2.353536160834688751e+00
1.626533879507209956e+00
2.316163251832446424e+00
4.452619801111667996e-02
1.068364439911179353e+00
2.563548782671086546e+00
1.969661480591498481e+00
3.529974930019353696e+00
2.144988984536123411e+00
4.400266560156014251e-01
1.578397954512267276e-01
7.657884894198723202e-01
-1.315108037441432565e-01
3.317790287279246630e+00
2.068184449927147117e+00
-3.739460074233322828e-01
2.320604465582126963e+00
2.800343729014223904e+00
-3.658768107621703791e-01
-2.789749939078296492e-01
8.537190874194768853e-01
1.046820810629884413e+00
-4.804439802716991004e-01
-4.062268656556362600e-01
