8.781456784398398996e-02
-1.194567208943814324e-01
-2.519076743529805040e-01
-4.664903209947215412e-01
-3.305227923532091383e-01
9.302817026093995745e-02
3.279037100504734736e-01
-3.579947445153113250e-01
-3.664256678349956386e-01
-3.527443183097304646e-01
-6.423506302547682401e-02
-3.505967162289377881e-01
-8.710551915917169596e-02
-2.558010244882684692e-01
7.889756317668861207e-04
2.454512356017234109e-01
3.246658535368687204e-01
3.299123774353599492e-01
-7.527935161485643789e-03
3.638525253391410308e-01
1.848630859566944562e-01
2.400618685162603794e-01
3.634654680746240984e-01
1.530581571357549908e-01
7.445998231642679543e-02
2.015416209989336904e-01
-9.656586674730854858e-02
1.796603075646412417e-01
2.144600559351790281e-01
6.651114744598801698e-02
4.287953540514550799e-01
6.132110903874916641e-01
8.926557688789982237e-02
9.484591443790527654e-01
9.624573025532680015e-01
8.632628508405465473e-01
7.719443348648051817e-01
7.435372166898498447e-01
8.470238410170694010e-02
1.874024995334275245e-03
1.282076034158758371e-01
-4.360506154793548084e-01
-5.095738077521773102e-01
-4.618959889395432561e-01
-2.030201771255778498e-01
-5.288757222519838708e-01
-5.601362247313703691e-01
-2.041571744690672263e-01
-2.250349812425116169e-01
-6.829001409110944110e-01
-6.447591890822290672e-01
-4.331673095597053935e-01
4.500829800466890074e-01
4.830060256662710994e-01
1.604420199148762216e-01
2.183101666413457542e-01
3.966444738060821984e-01
6.105340446237931262e-01
2.953698118973979159e-01
3.305960892650117722e-01
5.483942649486961418e-01
9.946619518925289283e-01
1.615128746267682214e+00
1.754081807773055113e+00
1.175541189447941726e+00
8.878186142045214613e-01
7.424393377526751214e-01
3.727589162991830629e-01
5.125561140152186113e-01
1.278932515338409681e+00
9.451107166351158106e-01
9.359324120666782099e-01
6.405648446047167432e-01
9.333068993005066982e-02
5.570086471359714242e-02
-7.971281408873268082e-02
-1.429701454548439055e-01
-3.156607539397561779e-01
3.319740336722598606e-02
-3.470843879736657533e-01
-6.178462875193171389e-01
-7.083343701804568626e-01
-7.618415077528422064e-01
-7.832985941573439304e-01
-5.150604978852191262e-01
-6.790661574719901727e-01
-5.354308654670052459e-01
-1.036737701748333240e+00
-1.152905074188896206e+00
-1.358211002974701209e+00
-1.658407719426359117e+00
-1.943281532957819913e+00
-1.692512140412469224e+00
-1.882131729928769426e+00
-1.804104949830536375e+00
-1.584661067017113290e+00
-1.754565095311519274e+00
-1.676463468560367653e+00
-1.552417700420755997e+00
-1.708372947532545538e+00
-1.186250219128411221e+00
-1.265317052076265325e+00
-9.605695145891877118e-01
-1.431214812649582058e+00
-9.659123045976489852e-01
-1.314919802701346008e+00
-1.243316311916063066e+00
-1.495311926994611351e+00
-1.884865997439684193e+00
-2.400109332071271417e+00
-2.369283472812929947e+00
-2.326423051810627030e+00
-2.247666866167351785e+00
-2.145907129953728010e+00
-1.712456947890618641e+00
-1.387789639896997329e+00
-1.371641054632809720e+00
-1.504196750203266486e+00
-1.367200280114518218e+00
-7.704833739813506943e-01
-6.267424423829870417e-01
-1.073004785277377193e+00
-4.474098777130340876e-01
-1.099016443385907094e+00
-1.594882327985097659e+00
-1.270527889004515965e+00
-1.678376600410925068e+00
-1.519457572310606075e+00
-1.340226888930031279e+00
-1.200746964813030448e+00
-7.269694593841211638e-01
-5.237066804374109763e-01
-7.664818503972197217e-01
-7.219415627422508530e-01
-5.998401072097926390e-01
-3.879939547338673300e-01
-2.344540237288500473e-02
-8.839698241180626859e-02
-1.883864060581684208e-01
9.779130940381602910e-02
-1.325778579010220004e-02
-1.585141891705391382e-01
-1.016964275148075636e-01
1.760983811287798739e-02
6.031775775535368478e-01
8.012383721300075923e-01
7.630893162818249698e-01
3.262202690479661937e-01
7.013151710790079818e-01
7.743397578170592155e-01
1.241744680876980755e+00
1.058233855813746516e+00
9.233240575207303236e-01
1.278541243722346676e+00
9.895242335930216626e-01
1.172720115844747113e+00
9.728467474207316279e-01
7.897992859893561146e-01
4.021453838630812405e-01
-5.952441733610042141e-02
-4.646085401754125321e-01
-7.311571638660425698e-01
-2.723813945370161527e-01
-7.348887722210211138e-01
-9.155736703944629129e-01
-1.023599454942946796e+00
-1.060232334918652652e+00
-8.729638324668059779e-01
-9.612451264509340731e-01
-6.303062631939360116e-01
-6.706821671109978178e-01
-1.312451788111576256e+00
-1.162603641644459618e+00
-1.519248286144979421e+00
-1.705185631982282901e+00
-1.949834795138693178e+00
-1.885310732901121611e+00
-1.882259269137452451e+00
-2.173432121363326974e+00
-2.063120813796570197e+00
-1.841024768990625393e+00
-2.073726070251013187e+00
-2.376724803639922445e+00
-2.063229048481739714e+00
-1.968073898787374043e+00
-2.064714145866597406e+00
-2.429058093008328978e+00
-2.406989574541949395e+00
-2.039072427190623316e+00
-2.102403219854985572e+00
-1.908994358608133712e+00
-1.868975570003409414e+00
-2.192914710131615763e+00
-1.533564954402267144e+00
-1.665110148678735413e+00
-2.118174525389056484e+00
-1.881449574853483853e+00
-1.912699439102896415e+00
-2.434049216627763634e+00
-2.514829743900413472e+00
-2.210573371209335392e+00
-2.670273369748264347e+00
-3.029226040592134517e+00
-3.415910502493630929e+00
-3.350750763871908067e+00
-3.147095774820957814e+00
-3.070156583292284136e+00
-3.502245474697778249e+00
-3.539174783377781797e+00
-3.771638340510255372e+00
-3.892737682173089908e+00
-4.466875115252091355e+00
-4.183654802374503490e+00
-4.652819510113182844e+00
-4.855709506344924264e+00
-5.081245650648030576e+00
-4.924714492332540772e+00
-4.568455430322932997e+00
-4.924010152775354143e+00
-4.492771972158354110e+00
-4.137449063136559246e+00
-3.934084106557569349e+00
-4.317544603884745591e+00
-4.634979861045430916e+00
-4.800378038826974780e+00
-4.976965269389454605e+00
-5.017045224548236426e+00
-4.707071305746103995e+00
-4.313070945505924847e+00
-4.168667444875564954e+00
-3.886609088782473798e+00
-4.017794121873034641e+00
-4.195495321185942927e+00
-3.396911279907282477e+00
-3.384714432152428287e+00
-3.699375482062949416e+00
-3.564649664563434239e+00
-3.454609227226608681e+00
-4.324479333168564033e+00
-4.217174625444930491e+00
-4.229805827980322341e+00
-3.834715229814356530e+00
-4.119137458859505330e+00
-4.323277871870648603e+00
-4.575583462264453338e+00
-4.236580083071612712e+00
-4.517207839840971850e+00
-4.293791565126731768e+00
-4.339519360921634039e+00
-4.136427887467757358e+00
-4.188993827739779796e+00
-4.044027873151613939e+00
-4.061867385164349642e+00
-3.743795620616198860e+00
-3.089337681095638555e+00
-2.992528713218869818e+00
-3.052317423238288363e+00
-3.459043291384031438e+00
-3.738352780152466082e+00
-3.983628063472073766e+00
-3.779520125950075027e+00
-3.956593850581529459e+00
-4.008057557517731517e+00
-4.067204554785025294e+00
-3.453906508526351171e+00
-3.209057738431947637e+00
-3.362188499599688463e+00
-2.733952118645504470e+00
-2.633252706588632641e+00
-2.979185756720378553e+00
-3.284263135273218115e+00
-3.560951303043422111e+00
-3.323059678208808432e+00
-3.073205458679800106e+00
-2.844103009276003569e+00
-2.929461528109562174e+00
-2.710782797075555806e+00
-2.509557282946153656e+00
-1.665248924128119867e+00
-1.504763561910602343e+00
-2.059172070483317185e+00
-1.939893478266733418e+00
-2.043367140295523132e+00
-1.941489515719220016e+00
-1.582748017500705151e+00
-1.223033737496534989e+00
-1.243037959385350444e+00
-1.501713433077283888e+00
-1.863543315446757775e+00
-2.091365121997214693e+00
-1.924455952043824913e+00
-1.997835290819078624e+00
-2.050525260396190319e+00
-1.994030504256420366e+00
-2.668280356829493272e+00
-2.647496970549271023e+00
-2.846632351169953612e+00
-3.242685244268811662e+00
-3.837510802715440761e+00
-3.442681031704085015e+00
-3.243885316735630298e+00
-3.034231433849278847e+00
-2.534151682962684227e+00
-2.269461306326637118e+00
-2.140522615382137950e+00
-1.890213086974098955e+00
-1.933702741446190920e+00
-1.829693451178446395e+00
-1.435721480602362377e+00
-1.560185274248107934e+00
-2.171709011455783322e+00
-2.356006149949470441e+00
-2.401063782501485555e+00
-2.359024264274948823e+00
-2.717185566969964938e+00
-2.265606907345212306e+00
-2.015762551047876272e+00
-1.483592565567252830e+00
-1.759024589142557549e+00
-1.257137243731138110e+00
-1.012807076346391666e+00
-1.098009968396573610e+00
-1.212684338078850788e+00
-2.092435425859608511e+00
-2.351303510256851137e+00
-2.628196521686847476e+00
-2.640477444317056221e+00
-2.993830353943077061e+00
-3.061502263390112333e+00
-2.936917012291062612e+00
-2.755642000384799228e+00
-2.965120075870467442e+00
-2.855144393904149869e+00
-2.910910274210805504e+00
-2.954160909341881691e+00
-2.762594755960669612e+00
-2.714486678621916393e+00
-2.112539865669415651e+00
-2.101766353018848843e+00
-2.400728179875894597e+00
-2.844304592608237314e+00
-3.240822316687873794e+00
-3.556842740467483388e+00
-2.941247144845672956e+00
-2.785389591744114046e+00
-2.620350051588429707e+00
-3.565473398102751545e+00
-3.223498536999261699e+00
-2.737450855962656249e+00
-2.605734705074080004e+00
-2.400989204564602630e+00
-1.965711703036269853e+00
-2.259454717843671911e+00
-2.695582904407683777e+00
-2.662127550201109472e+00
-2.718566057558616578e+00
-2.463346996325946670e+00
-2.541513581642349529e+00
-3.086034982397119819e+00
-2.304062443853525544e+00
-2.720815293617378838e+00
-2.795014353054928069e+00
-3.183829982159267047e+00
-3.390769831807036283e+00
-3.765617756417781958e+00
-3.137555980081761842e+00
-3.611276503394168280e+00
-3.353843920910432708e+00
-3.375460926932183359e+00
-3.531254712713709054e+00
-3.851988870001679999e+00
-3.288980304002489419e+00
-3.577530503063858447e+00
-3.643070747906477003e+00
-3.975522516016303243e+00
-4.238564713258261563e+00
-4.290681808186416646e+00
-4.661811286752874040e+00
-4.902081011509427100e+00
-5.136491714413010001e+00
-5.448884927849508841e+00
-5.440520263348708419e+00
-5.199803253069145370e+00
-5.070834991432813688e+00
-4.824951877010824397e+00
-5.120820640416776648e+00
-5.198283588395421262e+00
-4.683409878813046490e+00
-4.764523563696322128e+00
-4.590201574157779518e+00
-5.267887401291947214e+00
-5.515772925697538298e+00
-5.039344613196913514e+00
-4.742777624387006341e+00
-4.596039689502933179e+00
-4.459817158407425985e+00
-4.794920249923046107e+00
-4.283108151598425728e+00
-3.699734077016234579e+00
-3.597644223251775131e+00
-3.341897273090519871e+00
-3.168048465084635001e+00
-3.715146089345770619e+00
-3.567922741339946135e+00
-3.716652039134911600e+00
-3.885196745918606531e+00
-4.105588143739576701e+00
-3.650418225490468682e+00
-2.655281302633412555e+00
-2.590792400970075349e+00
-2.722764646360101182e+00
-2.099459269760241664e+00
-2.162023203181138165e+00
-2.196933086876080132e+00
-2.165639634391677504e+00
-2.123670584822103358e+00
-2.513607665512696432e+00
-2.501679380337654024e+00
-2.581052121438096147e+00
-2.805701013203858896e+00
-2.439326863853622740e+00
-2.584395542195673467e+00
-3.267648712700129909e+00
-2.353149669182032611e+00
-2.345901808379674325e+00
-2.319581305222285561e+00
-2.487386716683832599e+00
-2.612925384751817237e+00
-2.118572287242434626e+00
-2.189334805444521415e+00
-2.459473135827840995e+00
-2.664692392629855355e+00
-2.722841346864706136e+00
-2.750919356858128939e+00
-2.924245675836282921e+00
-3.105988468758849042e+00
-2.794712324464195596e+00
-2.590954889757773216e+00
-2.196650938019446997e+00
-2.999343104102176305e+00
-2.792407859599585596e+00
-2.768475343107318576e+00
-2.609194490721756132e+00
-2.963549442128615485e+00
-2.649242701784317866e+00
-2.325512114632464211e+00
-2.094387049739708129e+00
-1.749793930111069429e+00
-1.423070380797956114e+00
-1.756539666368743813e+00
-1.531420726014669942e+00
-9.700965215453473123e-01
-7.276122072472201996e-01
-4.324178720662779085e-01
-5.534786472159798354e-01
-8.924345536170498194e-01
-1.126444104157785064e+00
-1.197552074723419624e+00
-1.372410552963495567e+00
-1.615242188067663509e+00
-1.634130277582993562e+00
-2.314876093648523980e+00
-2.417416709514237816e+00
-2.094492379564683038e+00
-1.498747485201226137e+00
-2.528002930428644657e+00
-2.999741567360853622e+00
-3.091139093489017498e+00
-3.337268380285111746e+00
-3.495712170571839916e+00
-3.271516241422740556e+00
-3.538156510253529063e+00
-3.503995652693666418e+00
-2.801833056234467989e+00
-2.483628990861514119e+00
-2.644362902105442448e+00
-2.354009236472806244e+00
-2.352968930054424312e+00
-2.901099810638445131e+00
-2.826779731280713026e+00
-3.064194677962528868e+00
-3.000008802849628786e+00
-3.225464355933338911e+00
-3.527274337403365934e+00
-3.889318156921909075e+00
-4.166607135751683622e+00
-4.381591599338420906e+00
-4.243174984502481983e+00
-4.249173039121700413e+00
-3.593588487830944533e+00
-3.789129282048400160e+00
-3.874689042673268080e+00
-4.363692183879073205e+00
-4.470385098861069828e+00
-3.989504072541669721e+00
-3.884799045962009423e+00
-4.157163248241340092e+00
-4.159510173990050852e+00
-4.161593053796957875e+00
-3.932125260701654579e+00
-4.458558543550265263e+00
