6.006347962630528059e+00
4.568870678020269693e+00
6.244115082932303551e+00
5.972169733620590115e+00
5.177824060291810859e+00
6.344887571702804152e+00
5.995177615938993121e+00
5.549451527032536191e+00
4.962272372898985040e+00
4.895989686418346309e+00
5.053338534044616637e+00
5.911649816045624561e+00
6.577050481641820490e+00
5.315868644755513017e+00
4.303255329757668335e+00
6.837257751655874571e+00
5.379217150080467746e+00
4.732602588700917323e+00
4.903363212502855895e+00
5.364356516944420505e+00
3.846007222200274800e+00
5.665487376393546270e+00
5.401668194458789429e+00
4.316515679389411275e+00
4.089414991525861076e+00
3.605326307229230309e+00
4.597123342695203618e+00
4.142072177749046347e+00
3.211598542270211798e+00
3.684935388877678797e+00
4.293264815289306924e+00
4.281765183423100751e+00
4.276794918002789103e+00
3.521230921310633200e+00
3.762524884749998577e+00
4.351133260054474761e+00
3.080541846281056984e+00
4.335873696070212446e+00
3.653704334108661911e+00
4.635120888565842812e+00
4.092308503002309195e+00
5.578150727814124465e+00
4.179561437178421102e+00
4.705546969822544057e+00
2.746279622425529254e+00
3.917500443861331227e+00
3.626916232356644620e+00
3.330743824977265621e+00
2.781508056086477776e+00
3.193302533477821115e+00
3.814258269133194101e+00
5.096482854973165999e+00
1.683541271273569784e+00
3.096090330060992990e+00
2.704051066719912022e+00
2.024590186727136309e+00
3.408392887953731520e+00
1.308096783201168289e+00
3.339876160742600852e+00
2.206657964080430023e+00
1.774414250500377932e+00
1.842934187444001282e+00
2.650034766055585855e+00
1.361670514588757541e+00
6.264162578149532479e-01
1.188836340867577945e+00
3.743416065931066683e-01
-6.216961505282725398e-02
8.791491905113169025e-01
1.644347556690498813e+00
1.278151806469875140e+00
1.797284483102075114e-01
1.029594737325417508e+00
1.427612954222068797e+00
2.462282504058161070e+00
1.725743456728093594e+00
1.823232484305742584e+00
1.602288098359422097e+00
2.018063008504487943e+00
1.873457850058237728e+00
1.399007964171959273e+00
-4.563458043743668924e-01
-9.666241441877612139e-01
5.405691741872349354e-01
1.618608846103082755e+00
-7.279022112066080297e-02
-4.471306130550685154e-01
-8.907910794902500484e-01
4.128299875101832939e-01
-1.498392003267957850e+00
1.471556882814813783e+00
9.004689699240397971e-02
7.804760010438638318e-01
-1.305636900530391387e-01
2.049538342198035323e+00
2.907428269423794287e+00
7.344764299404014096e-01
3.168127208450686183e+00
5.900316285874125377e-01
3.580311588607505868e+00
3.006796034314680899e+00
2.026956339479027758e+00
1.105720517672330594e+00
-1.261758168852469275e-01
1.840155853784839035e+00
1.513321591270186506e+00
1.448839948612355766e+00
2.922338865531699970e+00
2.159375457268873255e+00
1.588877416927934494e+00
2.382433345557826598e+00
1.762373720589629933e+00
1.095966845011691504e+00
2.566519428492717747e+00
2.478601528206474836e+00
1.538982439766319210e+00
3.222803788126590963e+00
2.310033798239585323e+00
3.907963981642450513e+00
2.735405141213531177e+00
3.551898177531125356e+00
3.230684487398765459e+00
2.276004972149927585e+00
2.839460471177116752e+00
1.686244793162964051e+00
2.990867038034014325e+00
4.011171777941188843e+00
1.480185447972953927e+00
2.577857890298175469e+00
2.997967959776706159e+00
2.862727559445068515e+00
1.708305227053341202e+00
1.901180477616466469e+00
2.642880376052109792e+00
1.180909150613027592e+00
2.212780799379851171e+00
5.904852852247857165e-01
7.906446183798032656e-01
2.024320966494701501e+00
6.936196394377529550e-01
-5.274234418553840342e-01
-6.590574120962608973e-01
7.653502925269419777e-01
1.953696356084410279e+00
1.534646998614692670e+00
1.189040277400469137e+00
6.433054496459966742e-02
-4.588763209130286569e-01
-6.084535162906714589e-01
-1.479733489611686714e+00
-1.410295227014353614e+00
-4.422006166803686966e-01
-1.082746421532240433e+00
1.534915135299659283e-01
-1.494861286120984012e+00
-1.912853761726135637e+00
-1.875345028120670499e+00
-3.357047306035941592e+00
6.128788943540239842e-01
-1.431468112093044809e+00
1.937957562815080692e+00
-2.139030390227413925e+00
-1.303320522954153127e+00
4.282391121247677290e-01
-1.869466725335182211e+00
-1.492882424094552185e+00
-1.415080213430303324e+00
-2.936705149058274067e+00
-2.834955850686160517e+00
-2.776908130742650194e+00
-1.995113518741015390e+00
-2.011735288373150077e+00
-2.973400270060976958e+00
-2.327295509428500608e+00
-2.518779493658716895e+00
-2.142086230015205928e+00
-1.757424050758289447e+00
-3.062071032548494998e+00
-2.843389111026811911e+00
-2.826238846868986521e+00
-2.132292556577207066e+00
-2.634366330000396772e+00
-1.861572374382006068e+00
-2.444938537407283619e+00
-2.165280989263435707e+00
-1.797068952175670198e+00
-1.147781490794325343e+00
-3.164897848793684076e+00
-3.038360082092350645e+00
-2.508599792720537458e+00
-2.382024085209577535e+00
-1.357777743053405040e+00
-2.061953062751179289e+00
-1.683527126512233352e+00
-1.071316249749241223e-01
-1.596058339398447323e+00
-1.373000049841975212e+00
-1.341341388471867901e+00
-8.963188809559454739e-01
-2.729167277186276053e+00
-7.675399859051239559e-01
-2.025640739752553543e+00
-2.123090127792553794e+00
-1.644876846454042862e+00
-2.818431914435805652e+00
-8.467105896375608509e-01
-3.093408941215249452e+00
-2.551715006949907938e+00
2.129114605183337616e-01
-2.218853775727155586e+00
-1.822342687008766227e+00
-1.564864047676516101e+00
-1.147792071416589010e+00
-1.806188256309301465e+00
-2.217344497935451741e+00
-2.585256884038106051e+00
-2.948770121608240924e+00
-1.232868964109509413e+00
-6.364659684212590207e-01
-1.925742202927797742e+00
-2.435846724429293619e+00
-2.299663396291306228e+00
-3.236798580302298500e+00
-2.431410409805350170e+00
-1.216182544259578613e+00
-4.369819161712102940e-01
-1.015618523041635690e+00
-1.210903722488962941e+00
-1.444540193437910069e+00
-2.370890035547629004e+00
-2.312965653956498002e+00
-1.228822522731372047e+00
-5.271059934044712847e-01
-4.039540993357810805e-01
-9.511144452469189048e-01
7.563928781306143989e-01
-9.268178612056603427e-01
3.487277584455519275e-01
-9.196367276790891054e-01
-1.687437131286787739e+00
-1.233890217178354121e+00
-9.209369359451375914e-01
-9.786198896069464581e-01
-1.685165335030825773e+00
-1.947809666281768770e+00
-6.121371662649988110e-01
-1.794939104857767198e+00
-2.538328540668637778e+00
-1.614136141779520806e+00
-1.028398998631554484e+00
-1.840827060316913233e+00
-1.489895479643825738e+00
-1.320628875806397318e+01
-1.180253854585347639e+01
-1.265728782018737775e+01
-1.256387866668415754e+01
-1.129425051004751523e+01
-1.269445007653991198e+01
-1.258896948487056555e+01
-1.358330180757770478e+01
-1.406985907725386120e+01
-1.257039359508936194e+01
-1.553768519762020262e+01
-1.350340940308405102e+01
-1.328396122182164873e+01
-1.310269778344533087e+01
-1.256073093037277921e+01
-1.292693694511077496e+01
-1.266534243005495242e+01
-1.315355280472534005e+01
-1.382052966523034598e+01
-1.440372828914301806e+01
-1.468144432565852497e+01
-1.449710407958627378e+01
-1.490135009491836016e+01
-1.429768269961350668e+01
-1.467086667299822977e+01
-1.452663276655846403e+01
-1.303618376720629968e+01
-1.538688467017028927e+01
-1.387055548459315801e+01
-1.343145112298559596e+01
-1.377834124093766377e+01
-1.393475061395623449e+01
-1.346475876675726369e+01
-1.256818767107504442e+01
-1.335396579370803849e+01
-1.451358003393535867e+01
-1.507634546276750953e+01
-1.593355394159602767e+01
-1.464610543930470321e+01
-1.527556727640203249e+01
-1.562596297352775920e+01
-1.517787273920330549e+01
-1.405487889554485292e+01
-1.555351338490648772e+01
-1.424281625465955514e+01
-1.496621389144376835e+01
-1.399783623652411002e+01
-1.561329903804574926e+01
-1.460406146755240187e+01
-1.405598896383269292e+01
-1.391178705622402312e+01
-1.364795972100320398e+01
-1.549587720770737143e+01
-1.327891700021864452e+01
-1.399762709417566597e+01
-1.315701784413029429e+01
-1.501051618702003054e+01
-1.457460440125229084e+01
-1.293389296495156771e+01
-1.349692865158807820e+01
-1.368833894494237136e+01
-1.390936597364549066e+01
-1.309137123138513559e+01
-1.327649295178273015e+01
-1.200211214172899155e+01
-1.112362824389179394e+01
-1.105182743439747384e+01
-1.186089758419772267e+01
-1.414205546692776849e+01
-1.259740999355793889e+01
-1.346816019409905962e+01
-1.319318656666275835e+01
-1.181853756669924138e+01
-1.208786176032199577e+01
-1.299799896874942817e+01
-1.191107357518531629e+01
-1.243901987220540306e+01
-1.203582421643901945e+01
-1.235019660493867555e+01
-1.255168861284408699e+01
-1.194328922888982802e+01
-1.081297475850010237e+01
-1.145128363970770380e+01
-1.126548979904069370e+01
-1.074150060852697308e+01
-1.126299442282196139e+01
-1.174190396706940476e+01
-1.137059721283885594e+01
-1.218170435174752697e+01
-1.322884315262228228e+01
-1.039608704902707714e+01
-1.198133599985610154e+01
-1.000033386304006733e+01
-1.079739417723508765e+01
-1.166017584884338909e+01
-1.267383965895100673e+01
-1.198914596814902822e+01
-1.262173756032300886e+01
-1.159215820683882470e+01
-1.168523803873701894e+01
-1.206808814088036996e+01
-1.176708875526243148e+01
-9.625846922362512714e+00
-1.129182466633457693e+01
-1.114099181120576709e+01
-9.562245425361400208e+00
-9.494882145091178671e+00
-1.230557410023213194e+01
-1.163590403520955441e+01
-1.073175470947154153e+01
-9.857958226879819819e+00
-1.072686522996707481e+01
-1.138104978233852194e+01
-1.009515778698634847e+01
-9.689902768327559812e+00
-1.088456222981942290e+01
-1.122236274553401536e+01
-9.464976454045453735e+00
-1.151283874564237308e+01
-1.176801209213087240e+01
-1.099721990404579230e+01
-1.188047134913800917e+01
-1.254241018684935938e+01
-1.048198546056606340e+01
-9.883565368634810611e+00
-1.054412118605330662e+01
-1.047305472479564870e+01
-1.143430464868036367e+01
-1.124117112148411124e+01
-1.121423366541973365e+01
-9.853167905111108738e+00
-1.056748533403898449e+01
-1.043817478061492210e+01
-9.673119133992305052e+00
-1.129474125236436421e+01
-9.117483888206470155e+00
-1.031994112532162688e+01
-9.040512753242275323e+00
-1.038514018854940524e+01
-9.348831495852735429e+00
-9.714709300736533493e+00
-9.927988794739494693e+00
-1.084131117394389676e+01
-9.765505320238647258e+00
-9.563753420687602258e+00
-9.130802559766877380e+00
-1.077096978877214895e+01
-9.102424291549198188e+00
-1.079727881163507064e+01
-1.036954303085934370e+01
-1.057977657145889516e+01
-1.033143895921568500e+01
-1.101013015115576721e+01
-1.166246120710955836e+01
-9.907992948168701020e+00
-1.063959210506761011e+01
-8.525539363896021072e+00
-1.100892068366767873e+01
-9.116958116162606984e+00
-1.055211479251216566e+01
-9.495575017904254622e+00
-8.893408642654357266e+00
-8.735817796945291036e+00
-9.232906586926757697e+00
-1.022589262130328613e+01
-9.758804398860986495e+00
-8.553517754301273257e+00
-7.629858055553729201e+00
-9.313579854256438750e+00
-8.902698502480404841e+00
-1.006535066814924129e+01
-9.625657790595241181e+00
-9.153250585002773221e+00
-7.538655775078011878e+00
-7.962479402659523586e+00
-8.828445463117716940e+00
-1.041035263954263357e+01
-7.258283257950293610e+00
-8.524847527363208499e+00
-7.659308738283924001e+00
-7.350661865519002802e+00
-7.638926300789389501e+00
-8.653901883527884920e+00
-9.004477753398308693e+00
-6.858971773225322366e+00
-7.719180560899236099e+00
-8.294208063009508081e+00
-8.587201678941852379e+00
-8.893834952987980103e+00
-9.955368233948684420e+00
-1.000476021458037934e+01
-9.941672171987399054e+00
-9.435116790865112790e+00
-9.921774797368499321e+00
-8.974164368925546142e+00
-1.041231351814291095e+01
-9.832161404425024287e+00
-9.444583934649074308e+00
-9.571949040444980739e+00
-1.054290108221014322e+01
-8.230129156950194869e+00
-8.047667635811301068e+00
-8.510833453781586400e+00
-9.171636007421845704e+00
-8.703522304849613533e+00
-1.000059860368577347e+01
-9.772343050196292680e+00
-1.032013240202379833e+01
-8.956262364954506339e+00
-1.168417704375067778e+01
-1.072049251751933951e+01
-1.041333784716925770e+01
-1.080778890561444783e+01
-9.768166929895633288e+00
-1.016892373757260515e+01
-9.355107461220988796e+00
-9.763382502338746605e+00
-1.166253615026858448e+01
-1.133263906125259446e+01
-1.200795884791680734e+01
-1.149442467509291177e+01
-1.213428277676620937e+01
-1.162065993100549832e+01
-1.182037035937938541e+01
-1.233481963548158689e+01
-1.105263708352793373e+01
-1.079664142626038270e+01
-1.145147946740774536e+01
-1.021691551827934141e+01
-1.267288804005042380e+01
-1.126549238104085937e+01
-1.233685063236407231e+01
-1.249735677451632299e+01
-1.299954516165411356e+01
-1.305234535852671840e+01
-1.262481904656215903e+01
-1.246593230107644956e+01
-1.191985116172188341e+01
-1.362380411700696214e+01
-1.134699228316218367e+01
-1.177794363591172910e+01
-1.332352870557981461e+01
-1.081693688190008018e+01
-1.148904707664502212e+01
-1.146589167657847597e+01
-1.145280277350141240e+01
-1.063123606030716672e+01
-9.690394693118284053e+00
-1.173227536554429307e+01
