4.451729938704429013e-01
4.233242953593920888e-01
1.017906181395285881e+00
9.925727353607702863e-01
7.396053461466847168e-01
3.350751632835322069e-01
4.016352982025722662e-01
3.085007501822185638e-01
7.944894454100313030e-01
6.052176360729363269e-01
8.895294976985328450e-01
1.154181232513913358e+00
1.419594992711591397e+00
1.459438074972419397e+00
9.432965200630503144e-01
1.078127808013249700e+00
5.874076032741890607e-01
1.148024923694174748e-01
-2.099922088746086213e-01
2.610937751520576722e-01
3.403622148878826525e-02
-2.267353769903744654e-03
-3.242976656602070684e-01
-8.279354121246060849e-01
-6.694617324888560983e-01
-9.823878365531617529e-01
-8.001447489156687798e-01
-1.134323999927223436e+00
-1.447660966949345873e+00
-9.743575906663826114e-01
-8.222331320074866001e-01
-8.618532918545409593e-01
-1.159962165221555930e+00
-1.379849099185679551e+00
-1.453209055116980286e+00
-1.453295583425347370e+00
-1.223608810565576688e+00
-9.939893084263125012e-01
-8.327103362716830048e-01
-7.652585888955844018e-01
-1.177901631983403696e+00
-9.558981133995927415e-01
-1.155452071827682392e+00
-1.463931616694121640e+00
-1.913262758270551922e+00
-1.824238489980462674e+00
-1.296370888488025175e+00
-1.298047222912612764e+00
-1.668062992923120991e+00
-1.781253575035416370e+00
-1.257919430430255670e+00
-1.675072365121550000e+00
-2.222119579191717875e+00
-2.136257602887893903e+00
-2.638020250073234152e+00
-2.272870018136310843e+00
-2.301599915829628085e+00
-2.034705575073170625e+00
-1.847142373199576859e+00
-2.216278832727921699e+00
-2.114273122522608794e+00
-2.560025917106387716e+00
-3.372756472082678592e+00
-3.492476221121624924e+00
-3.962421268144717068e+00
-4.246183009156734300e+00
-4.453865762134325834e+00
-4.400610849834420968e+00
-4.578410724341598126e+00
-4.029788319287653131e+00
-3.820655827118467407e+00
-3.919340483359180283e+00
-3.612900087943569094e+00
-3.328497770451131377e+00
-3.120211103632366534e+00
-3.750612314757200583e+00
-3.764148765815267250e+00
-3.463012184631162338e+00
-3.070835007999446642e+00
-3.790004760805706585e+00
-4.065192111344044790e+00
-4.453358931437536583e+00
-4.854204105267325708e+00
-4.791920386599327841e+00
-5.087848288369015037e+00
-4.847288996492227220e+00
-5.020515553719597790e+00
-5.217325031774137756e+00
-5.096711940636848404e+00
-5.290862399418891471e+00
-4.258658104114124932e+00
-4.249733029622099423e+00
-3.829379105388997395e+00
-4.365637916711103905e+00
-4.093460651751552604e+00
-3.947356659334131823e+00
-3.829848909229572662e+00
-3.618306795523790420e+00
-3.055024432408879331e+00
-2.877734647796484246e+00
-2.968500837107134860e+00
-3.361943804448778383e+00
-3.820101958293429689e+00
-3.815985123249551858e+00
-3.424174244442766746e+00
-3.409713948755385804e+00
-3.537806622405093915e+00
-3.831007953660490184e+00
-3.519440981078473030e+00
-3.195478213210747764e+00
-2.992538669556102704e+00
-3.514148985386580826e+00
-2.900357599680727816e+00
-2.452308615387650992e+00
-2.364010593698050666e+00
-2.048139809170108627e+00
-1.746345872755774575e+00
-1.377245703786267761e+00
-1.623399966523278559e+00
-1.316457596173182143e+00
-1.842368630689106723e+00
-1.725320995593109696e+00
-1.916332389441611550e+00
-2.569465150681108589e+00
-2.421578974621224845e+00
-2.587688140179225105e+00
-2.196172559602136864e+00
-1.976085988793823578e+00
-2.319850783393284210e+00
-2.262578179057139316e+00
-2.748196170777625902e+00
-2.756856253364270426e+00
-2.809933017845167136e+00
-2.863775573908268424e+00
-3.510361683898781671e+00
-3.903390220542228395e+00
-3.614742428200539148e+00
-3.840863507593331061e+00
-3.361912284217763336e+00
-3.702953148144290996e+00
-4.158532405688372791e+00
-4.585308735140681158e+00
-4.208782102324381214e+00
-3.942992913746358408e+00
-4.025751923883878369e+00
-4.310243755978238056e+00
-4.773544879029848254e+00
-5.322526277695648567e+00
-5.648220197919712859e+00
-5.731419807438938641e+00
-5.475331422020762062e+00
-5.365118028256453897e+00
-5.651101356763554406e+00
-5.677727311006472988e+00
-5.737946235178477572e+00
-5.903880908426241803e+00
-6.416250491304565706e+00
-5.993662093194778606e+00
-5.898761826758681437e+00
-5.603851385847392841e+00
-5.449016072732188576e+00
-5.708095673020275207e+00
-5.715334167133281795e+00
-5.888109648236159899e+00
-6.487300991937726025e+00
-6.743758931622322983e+00
-6.959790769315726600e+00
-6.985196247887432541e+00
-7.423149329956411968e+00
-6.815573174535132672e+00
-7.282910695619472463e+00
-7.227371490140322763e+00
-7.021718848773263133e+00
-6.996357848018049275e+00
-7.004160806122664340e+00
-7.443091713507274498e+00
-7.516253651775869571e+00
-7.548201807787000561e+00
-7.757615863045885796e+00
-7.346266160815588364e+00
-7.451082840391913820e+00
-7.149337407675598222e+00
-7.183664941999757581e+00
-7.475248978537837097e+00
-7.250027937190250071e+00
-6.696163772053442820e+00
-6.705249240942568356e+00
-6.924918480689109757e+00
-6.970421418653164558e+00
-7.203733675314653695e+00
-7.110592596643897423e+00
-6.976295180780074823e+00
-6.234479002451084106e+00
-6.435775008100765859e+00
-6.191164793628116669e+00
-6.079081068746447158e+00
-6.146722940933056378e+00
-6.106530203445482918e+00
-6.208857035874825847e+00
-6.553030795663540076e+00
-6.402179024261594797e+00
-6.640237930730759075e+00
-6.731219334121928632e+00
-6.566128443773768808e+00
-6.659895761235926415e+00
-6.224835409780817841e+00
-6.271365548482954466e+00
-6.243371962090404459e+00
-5.848664084115235084e+00
-6.219563446669614137e+00
-6.239348673762351360e+00
-6.170981288338906801e+00
-6.205224921355275924e+00
-7.109281939325391875e+00
-7.053837068113408826e+00
-7.221241261976524939e+00
-6.766876332391571047e+00
-6.590543064403260765e+00
-6.468420070116993159e+00
-6.434328611305891066e+00
-6.423231647798259836e+00
-6.704571231824859368e+00
-6.980967175878773467e+00
-6.950524657577312304e+00
-6.207669353696672943e+00
-6.220669299302734601e+00
-5.924531375992366122e+00
-6.457422374825799949e+00
-6.774280636978092573e+00
-6.792743596490681490e+00
-6.812803727850260671e+00
-6.430508623083802888e+00
-6.220255363625488698e+00
-6.405212000136248918e+00
-5.927592475598675748e+00
-5.661587752266387774e+00
-5.587832147827943352e+00
-5.697065579466451091e+00
-5.753306442372162266e+00
-6.350959677324100383e+00
-6.267338327515375340e+00
-6.665427680218392936e+00
-6.745093688810952059e+00
-6.741344742785328137e+00
-6.610060682902781259e+00
-6.295054079576735795e+00
-7.028060695555124582e+00
-6.746140515815210570e+00
-6.501428656939874706e+00
-6.605034074011974177e+00
-6.614246532815492685e+00
-7.011544451015006452e+00
-6.958263763780584199e+00
-7.328730964262462066e+00
-7.069381159792609282e+00
-6.719376278038350137e+00
-6.816939041176716785e+00
-7.115611707962982813e+00
-7.744422893934723717e+00
-8.131406751353235762e+00
-8.375979813721066591e+00
-8.053737319855798660e+00
-8.442151026785207790e+00
-8.455208827456814902e+00
-8.124255509467122494e+00
-8.023919958865802116e+00
-8.123632001453724882e+00
-8.032352634283606463e+00
-8.577174929854241014e+00
-8.839025817322449186e+00
-8.811985469471654397e+00
-9.471994728976969924e+00
-9.349131332976936548e+00
-9.550243576113324195e+00
-9.470495168497471639e+00
-9.485836280418515898e+00
-9.373975802305480443e+00
-9.141142784292012990e+00
-9.303367874401407889e+00
-9.361026536431964473e+00
-8.961764739284488357e+00
-8.965981586987636476e+00
-8.683204787257588819e+00
-8.447815650029612655e+00
-7.978556187258218912e+00
-8.092769871888153332e+00
-8.119852419507338936e+00
-8.978731256618351253e+00
-9.954001400127358679e+00
-9.940181479251346985e+00
-1.036844101911862381e+01
-1.002233625805662243e+01
-1.014512247638264597e+01
-9.798726465415164455e+00
-9.143411713305546584e+00
-9.039346980394411091e+00
-9.225601166523045293e+00
-9.436974604632956343e+00
-9.647606455688416460e+00
-9.815496639347600194e+00
-9.525623506407271179e+00
-9.598244039259805405e+00
-9.041164721777562363e+00
-9.080147636547710732e+00
-8.989424886774669332e+00
-8.649378095591032434e+00
-9.164345426220332769e+00
-8.890346448388974920e+00
-8.786601989150833347e+00
-8.689641515958072659e+00
-8.805331102331532378e+00
-8.652100008176640600e+00
-8.372219741411726091e+00
-8.363775014569059252e+00
-8.126053946652682214e+00
-7.580162831376713761e+00
-7.399081959850480672e+00
-7.029071163367440533e+00
-6.800672108970436724e+00
-7.069968826497085246e+00
-7.361783505303368891e+00
-7.513946095935497560e+00
-7.232391711942969259e+00
-7.237253152186984728e+00
-6.861913550789841665e+00
-7.488750732777338825e+00
-7.295505140949907208e+00
-6.921922164907062580e+00
-6.873793572301623023e+00
-6.906729655788057975e+00
-6.985103137128513495e+00
-7.167792643327127955e+00
-6.821099804729719551e+00
-6.649486290908930286e+00
-6.668384499503695828e+00
-6.523672737117920839e+00
-6.338994920042618553e+00
-6.617451858695800659e+00
-6.388942764190667312e+00
-6.507359180882846594e+00
-6.951322455044017801e+00
-6.897683106532863206e+00
-6.396282192378201614e+00
-6.240926566088257132e+00
-6.110467390523049325e+00
-6.078476927321055712e+00
-6.217280648620852723e+00
-6.424059131209096662e+00
-6.720884424283782188e+00
-6.987487209498921992e+00
-6.853922018997033128e+00
-7.337865456512529860e+00
-7.092153858469419703e+00
-6.710338716566896622e+00
-6.440049210800795620e+00
-6.130403606719281306e+00
-5.708466919244243876e+00
-5.664594312392382314e+00
-5.905235036124606651e+00
-6.017718098960705753e+00
-6.273310043858352003e+00
-6.062164851780551977e+00
-5.819983155170073807e+00
-5.846358870153783194e+00
-5.895683915825912891e+00
-5.641066180859888313e+00
-5.625768246403906936e+00
-5.621651219600217075e+00
-5.747874612628216973e+00
-5.567822438232749249e+00
-6.388280194323057160e+00
-6.502339949204264613e+00
-6.565006601540796183e+00
-6.489411583528051253e+00
-6.349292369402101954e+00
-5.576627346088024240e+00
-5.887038284049840087e+00
-5.811376938469077658e+00
-5.492936875667572494e+00
-5.958993493947472686e+00
-5.963322404975292201e+00
-6.242382279565040548e+00
-6.137225187223761758e+00
-5.944819027628762242e+00
-6.030416600252320514e+00
-5.496832854131883828e+00
-5.465557605366796246e+00
-5.408965340770747865e+00
-5.238237588350806995e+00
-5.048662148807242289e+00
-4.670695232073160064e+00
-4.474654452920547421e+00
-5.063766537180274696e+00
-5.216909148436728927e+00
-5.189476703886678699e+00
-4.795139995195413007e+00
-4.713661848113961383e+00
-4.955900185788557621e+00
-5.214287081220172482e+00
-4.793802379445947892e+00
-5.103551796597830759e+00
-5.103921610485725679e+00
-5.494545122883278232e+00
-5.429297518164665881e+00
-5.946498025050704683e+00
-5.626104533490224213e+00
-5.432535721913552607e+00
-5.667111050101868663e+00
-5.277902799865092476e+00
-5.000998694416755264e+00
-5.213521609210481245e+00
-4.823766025089149423e+00
-3.994056632802520657e+00
-3.953889850452386057e+00
-4.647809396353837386e+00
-4.622293756490011063e+00
-4.409112991047566155e+00
-4.404337219133605430e+00
-4.492829381917775144e+00
-4.048692905803615183e+00
-3.967697012186074179e+00
-4.134214160184557230e+00
-4.054372934965018160e+00
-3.796626278513871355e+00
-4.031209831040270863e+00
-4.084341654561341350e+00
-3.999954250993363214e+00
-4.031094099925738306e+00
-4.570136490684862274e+00
-3.584435539665217441e+00
-3.137401158794949740e+00
-3.496799100321243081e+00
-3.041119393195640175e+00
-3.079304575793965437e+00
-3.333331265443670421e+00
-3.298870780959013871e+00
-3.039461190425525317e+00
-3.390829422500813539e+00
-3.541794394627496345e+00
-4.308713591751272887e+00
-4.699800998402349883e+00
-4.849739026106537843e+00
-5.018597586476132300e+00
-5.618219388107331902e+00
-5.461423648050319102e+00
-5.203350778598048620e+00
-4.647411665803714342e+00
-5.130627226022074439e+00
-5.182482619562908788e+00
-4.873575614631695530e+00
-4.533587422639622666e+00
-4.011643377222934959e+00
-4.501120565585630118e+00
-4.386456660076521352e+00
-4.606408425703659049e+00
-4.324737175879797668e+00
-4.186296753317141572e+00
-4.142957857783201803e+00
-4.455129771700081953e+00
-4.503627049973059293e+00
-4.962688059669699392e+00
-5.543454897722126518e+00
-5.090322690164413189e+00
-5.165224703564413211e+00
-5.472965198246945384e+00
-5.190517439096201890e+00
-5.143753585675080231e+00
-5.506317126749714852e+00
-5.420659589569341463e+00
-5.796518644031785072e+00
-6.214029713582101877e+00
-6.344230270560933249e+00
-6.373290832460382305e+00
-6.715803429465245777e+00
-7.073052496875815720e+00
-6.704152493810318525e+00
-6.761747807411905065e+00
-6.703403757016490161e+00
-6.475410663422648483e+00
-6.492269287032931047e+00
-6.422917582465357711e+00
-7.240892400075552793e+00
-7.393432692215276880e+00
-7.727781200574127318e+00
-7.776855681347395688e+00
-7.789739691926730991e+00
-7.610976102954253086e+00
-7.233762019357478756e+00
-6.844888893122130114e+00
-6.936511514714331916e+00
-7.326911301139581667e+00
-7.247832074150769799e+00
-7.265464194309810608e+00
-7.387099672364737302e+00
-6.714409218139240743e+00
-6.857300319610905248e+00
-6.671562221688005501e+00
-6.542778592254513192e+00
-6.705458196595681208e+00
-6.433780106111897545e+00
-7.236590949361953129e+00
