5.097450599536869298e+00
4.604293859659565058e+00
6.279297695535813517e+00
6.488790728369048466e+00
5.277350531147479984e+00
6.386798521930558081e+00
4.984248327461452632e+00
6.110452027181976220e+00
6.164403220383855242e+00
7.363486460143022327e+00
4.941183125174410051e+00
5.452334463904687567e+00
6.181450327008002787e+00
6.842104814655614931e+00
7.783977482584123919e+00
6.712666680047247425e+00
7.137177283019233265e+00
6.831046686377725941e+00
6.556933215098032619e+00
7.209536025920451507e+00
6.902543555714994561e+00
7.564340276772211880e+00
6.600502078353745361e+00
8.622757175403940266e+00
7.723952752315209835e+00
6.787882156108554277e+00
6.765325154555256404e+00
7.709255271358950168e+00
8.053218540412229842e+00
5.829023943087408455e+00
7.816402736638041304e+00
8.483768196578548526e+00
7.962863834549718689e+00
7.300260391738445875e+00
7.865810533552858530e+00
7.109668875977475544e+00
8.115021092724262530e+00
8.200208544291239576e+00
8.979231768014770410e+00
7.676772958742843045e+00
8.371006188484539479e+00
8.622487238160292833e+00
7.061830921848590847e+00
7.989188611585772648e+00
9.303845663648306896e+00
8.476458460711638665e+00
7.581452904323395359e+00
6.469120851732512278e+00
8.298869589697577709e+00
7.148018110351777921e+00
6.772959826566963493e+00
6.677547656145674360e+00
7.025858674650798719e+00
8.313322955691162974e+00
7.263991302199700684e+00
6.398611816634250715e+00
6.415518994500317262e+00
5.763695186218390276e+00
5.820505022127248296e+00
6.021755873689481398e+00
4.181700338800535377e+00
5.902593270038424045e+00
5.395538051001005364e+00
6.460579536059667838e+00
5.342109573809339373e+00
5.276563062865935017e+00
5.932484724580040947e+00
5.318872255009925887e+00
4.519128822573005522e+00
5.082780518245862744e+00
5.685482814324561041e+00
5.772474560584367254e+00
5.838081435207329584e+00
5.681923751978537496e+00
5.936888178318236342e+00
5.804124293696056647e+00
5.582394983464213034e+00
5.920502592862646907e+00
4.342586328181615052e+00
5.527237441136792384e+00
4.848069132182443397e+00
3.953186472726841760e+00
4.007618013293447135e+00
3.496982931855090015e+00
4.230779366956719301e+00
2.747902662726045442e+00
3.693443376415970647e+00
4.697766402482232984e+00
3.942046436395234110e+00
3.642980488705499287e+00
3.803569515137333656e+00
3.087784997632292860e+00
4.185919388553378973e+00
3.839098714616262509e+00
4.194125385654674076e+00
6.124401268629108941e+00
3.572004075971340065e+00
5.544913406608376505e+00
4.451872946237680040e+00
5.514419310658928097e+00
4.129738738298175171e+00
4.663776270808107860e+00
3.768658353925326665e+00
5.626122062510031441e+00
4.543017943742111875e+00
5.030580078758045026e+00
4.426660071313474276e+00
5.804022719225871541e+00
6.594962481681291067e+00
5.764383476752742652e+00
6.663808517793474273e+00
5.738370729944609394e+00
5.004794948508387797e+00
5.688819213558974575e+00
6.117062667432156431e+00
6.619436375488248814e+00
5.546754946686276000e+00
5.361256241352984730e+00
5.176731839842881655e+00
5.621848714997111252e+00
5.142988487222316607e+00
6.133805903257002257e+00
6.186836866292148684e+00
8.276479564036181458e+00
8.048456904884421448e+00
8.316533569111705049e+00
6.542609507216814890e+00
8.541662741997416930e+00
6.019334604553991497e+00
7.672086759810071044e+00
6.882288277947899324e+00
6.502812500349776315e+00
5.475520056157204607e+00
7.659107527298155915e+00
7.304544798835275188e+00
7.316077477045554112e+00
9.233097583864040558e+00
7.111355568479286404e+00
7.842303779140944897e+00
7.831783650250738305e+00
6.922210523888479017e+00
9.328554019096145566e+00
8.606891352026794451e+00
8.637723522353960348e+00
8.226538191369987985e+00
7.745874358524396541e+00
7.630828250819282843e+00
8.232484545165194234e+00
8.474943760318767616e+00
8.268869715276000676e+00
8.334002312261848289e+00
5.357019770356775012e+00
6.560596845756650808e+00
6.530234042051088927e+00
7.203313958542839401e+00
6.997594855904454292e+00
6.761288924147502044e+00
7.003063672705325260e+00
6.346975422071443163e+00
6.666898411970008986e+00
7.273962072623968211e+00
7.142595215361545513e+00
8.813326756148953223e+00
8.950522084187831240e+00
7.792889928153942769e+00
9.818166082266541750e+00
9.112349708626847899e+00
8.010223316667667959e+00
9.404715739374450933e+00
1.253031459865487740e+01
1.065114153712030465e+01
9.739491366835824948e+00
1.085808133819628019e+01
1.130800088576650175e+01
9.509144496085609077e+00
1.104128100321438488e+01
1.173677770238225371e+01
1.105441987605423648e+01
1.072928420302474350e+01
1.078582412875203111e+01
1.043877976179911649e+01
1.022650334994240851e+01
1.122698656822250740e+01
9.772874404434446660e+00
1.112203558360942068e+01
1.061360242775896801e+01
8.785402069591720320e+00
1.008723699544540509e+01
1.164409954543203085e+01
9.679525483301233635e+00
9.973510888862620050e+00
9.954719820236972438e+00
8.828287970930603024e+00
1.012147192341352309e+01
1.048234889042743667e+01
1.045725924638057336e+01
8.510868380673187517e+00
9.593840800738632879e+00
1.074260106713681751e+01
9.657075339854163332e+00
1.013201503967853689e+01
1.003019609599395068e+01
9.616001194399217411e+00
9.831363918492446174e+00
9.188796728065355524e+00
1.027307262808659871e+01
1.099591677712606952e+01
9.846387139200096783e+00
1.028186066375905128e+01
1.204148104782098017e+01
1.061122793976562306e+01
9.115795173863654455e+00
1.018469105149478082e+01
8.563091403197287121e+00
8.622542405741887350e+00
1.123595747689561364e+01
1.114386540422243144e+01
1.037985614805374546e+01
1.081488943388517754e+01
1.105516986397915247e+01
1.037245605566216611e+01
1.060622626791281320e+01
1.047271302103268198e+01
1.040725519017469836e+01
9.788149792782592229e+00
9.947932558651839230e+00
1.086386454407675473e+01
1.196826543319373748e+01
1.246039257759404961e+01
1.146313433469128285e+01
1.214085665306905426e+01
1.303935938165247421e+01
1.192962590909201737e+01
1.214658915608391965e+01
1.281968456681163460e+01
1.212984461751588405e+01
1.273363120519083225e+01
1.282383350723766213e+01
1.325946268220137725e+01
1.437746384538173672e+01
1.311860922875999336e+01
1.266148813159568576e+01
1.447550808185373938e+01
1.237173373494527162e+01
1.374040628622448423e+01
1.253390956026817982e+01
1.239404617470477987e+01
1.247297547065836554e+01
1.294598213167057210e+01
1.229308149293087382e+01
1.211731308143294328e+01
1.280878176668126045e+01
2.641058992468791722e+00
2.485710443817844784e+00
2.681133948573186210e+00
3.683019811651860209e+00
2.798428424812897219e+00
2.358700508505338966e+00
3.437910851910181087e+00
3.615571450316297231e+00
1.829658120072096494e+00
2.798348159113797529e+00
1.634736558611315616e+00
2.423188893671945898e+00
1.723210828876241330e+00
9.887216918488581641e-01
7.824085471730048980e-01
1.049018916991530048e+00
1.372568834305452512e+00
1.132139829478049364e+00
1.873699290671592799e+00
3.040561167474720605e+00
1.560548124532298964e+00
1.715599820862024671e+00
2.180778592752842471e+00
1.523959513154133916e+00
9.589483252103931932e-01
4.291761004040486327e-01
-4.006075781808782210e-03
7.726869543611076807e-01
1.390144316683837644e+00
6.500357633093889476e-01
2.318654250007396556e+00
1.587787556028709801e+00
1.278591850445956801e+00
1.019460865775383418e+00
4.552668066115712620e-01
1.963045963261455640e+00
8.407686842335673205e-01
6.763993407352675291e-02
6.914288893608926401e-01
1.609219975789006440e+00
2.884513372208934445e+00
1.301196020268386988e+00
1.570442053326607912e+00
3.053537333021685285e-01
9.658434138262643742e-01
2.284190700850778022e+00
2.023148940855342914e+00
2.699906009758182179e+00
1.974921173428625387e+00
2.536759912721330501e+00
-5.815324391724541186e-02
5.949226410516068597e-01
1.797533994077843644e+00
2.262826544359629821e+00
2.531332396198664014e+00
2.041699429044459002e+00
1.535972880822905395e+00
1.719193497834980988e+00
1.411351324686290987e+00
8.928635084021738777e-01
7.387300329876200777e-02
1.736859132552745599e+00
1.822477798078673494e+00
4.972805868427085940e-01
1.699106969123985067e+00
2.353704229717303420e+00
3.185810964647735943e+00
1.553234987751857865e+00
2.020394299332689769e+00
1.156453440879768202e+00
2.275256336691665382e+00
2.874044707476933080e+00
1.767320830230223905e+00
1.689951795263618273e+00
1.627576168898254849e-01
1.689092682276409185e+00
1.885237532122990167e+00
1.427001674863559444e+00
1.552929166405136563e+00
1.479917406042563499e+00
2.292763765962534173e+00
3.313290803235810600e+00
4.089088565347889670e+00
2.287018278471110833e+00
3.122566483251464575e+00
3.322628937188937037e+00
3.424419600339793313e+00
2.167548715471888876e+00
2.620618363344947355e+00
2.104427377754913842e+00
3.947520202711695347e+00
2.560878249377660509e+00
1.914271678568996826e+00
3.073795514385485816e+00
2.915309932846868790e+00
3.210914921875823502e+00
3.517350514991913535e+00
3.833452655736546255e+00
3.694645289680672740e+00
3.910330601092042002e+00
3.540645957596360027e+00
5.138702474924807362e+00
5.098121772267544038e+00
5.311774163024014506e+00
4.401375971342442739e+00
4.414707474252073993e+00
4.424752548094955884e+00
5.739638620992203677e+00
4.716367218856296617e+00
4.322566466699852228e+00
5.097189430324171155e+00
5.129593167353421634e+00
3.636276739814358727e+00
4.351675156979964321e+00
5.110334893049147453e+00
4.313414241503565449e+00
5.124169494482176290e+00
6.449350424624433309e+00
5.353383648863755617e+00
4.265250715791547798e+00
3.879902652035419841e+00
3.961687227599492545e+00
4.254628221609358718e+00
7.309243987153036137e+00
5.668243363231319165e+00
6.893855664577205999e+00
5.811024786119593166e+00
6.306900724574419748e+00
5.841537419335945280e+00
5.502307540740477343e+00
6.171036124693620728e+00
7.390861578136700416e+00
6.773634590380646081e+00
8.065098800624827646e+00
7.172256147144635108e+00
6.640666949958885290e+00
7.474494573163448230e+00
6.873244700749081559e+00
7.954369069076228982e+00
7.398369058492846762e+00
7.460650698283578741e+00
7.750513317671283708e+00
7.792710584205206459e+00
9.191052880136647119e+00
7.540572906376058704e+00
9.120042867149493304e+00
1.016800793689355764e+01
9.061131969818685405e+00
9.858691338545799709e+00
8.467618112188894486e+00
8.961386786597831389e+00
9.170695836912530652e+00
7.890406714110206110e+00
8.281379867306352338e+00
7.258526422362137964e+00
7.608546953892852294e+00
7.756948265622758854e+00
7.248195594318991297e+00
7.520331156253335259e+00
1.002459385442699080e+01
9.751399515730868828e+00
8.546080275428236561e+00
8.968056975740349657e+00
9.048365417163488189e+00
9.049036842009170911e+00
8.527202874121837084e+00
8.928875889493911089e+00
9.489750635839605764e+00
8.807539868591632626e+00
9.120675741563818661e+00
8.122385810118487370e+00
8.283626486854689830e+00
9.021277061248724749e+00
7.414362306891426613e+00
9.148655413834283934e+00
9.368745283674801527e+00
1.025301284059684548e+01
9.359819418061059437e+00
7.832861235891707352e+00
8.158984911554101771e+00
7.338841991917551155e+00
8.937732081311517973e+00
8.249837023586131579e+00
8.426811753750634182e+00
8.109252576988989603e+00
8.510563557090581099e+00
6.237097615735490486e+00
7.007628738335029084e+00
7.375770131320019019e+00
7.193534215530590359e+00
7.006228186333474994e+00
7.924105643891278916e+00
5.914227149356891644e+00
7.724290482497776722e+00
6.584866280059696209e+00
7.435847592344480006e+00
6.386842966159559154e+00
7.836603375332502175e+00
6.653030143821800024e+00
7.629110160264865215e+00
6.863574087287044101e+00
6.095496079065699568e+00
7.348847794717311643e+00
7.272120357681400193e+00
6.320124574026248609e+00
6.486599730708083378e+00
6.457567996322782555e+00
7.333307694099599594e+00
4.301108825075595554e+00
6.408373653952013527e+00
7.027160851491781379e+00
6.486195403715649732e+00
6.088217498746355538e+00
6.705012789212083213e+00
7.182854636747002530e+00
5.598976798610339145e+00
5.524968935553264515e+00
6.408585368350531830e+00
6.083135074778692974e+00
5.416363609891505781e+00
5.645032652866584399e+00
6.438194539620733181e+00
3.853274673830012986e+00
4.675712718055778261e+00
4.866710950897246590e+00
4.922343897224338960e+00
5.013555614842768016e+00
5.422269667081720534e+00
5.288280582993800216e+00
4.793217155942818941e+00
5.617346311949118487e+00
5.440120692540126868e+00
5.103481403640441449e+00
6.785498545473071630e+00
5.295926025095713641e+00
4.146148822201139339e+00
5.542792312209238403e+00
5.162462702150296678e+00
6.684194092448063174e+00
5.186074872049927009e+00
5.740486198485543312e+00
5.501282129840459945e+00
5.376862002631906279e+00
6.824171170510931361e+00
5.984905222136145397e+00
5.158394170417897939e+00
5.398540256125077264e+00
6.034184427323655342e+00
6.568684865497589342e+00
