6.413481697420728267e+00
3.403409299478343364e+00
6.568934940959812785e+00
4.889399061664611246e+00
5.200136048331048144e+00
6.185499211771278816e+00
6.019292178307643404e+00
7.996638063954716102e+00
7.168787993623115362e+00
5.446322312340065253e+00
4.931560331737157910e+00
6.992447816281727846e+00
6.346488398605361070e+00
6.350844524419461123e+00
5.299394513813022733e+00
4.697216936146908495e+00
6.665364279150868043e+00
5.290344349209696873e+00
4.924126774031559961e+00
3.653378989246139241e+00
4.462494404623663868e+00
3.973496712390306662e+00
5.748387047075000034e+00
4.641576081466553205e+00
2.959757044186096309e+00
4.841425097227438634e+00
3.709341873745576557e+00
6.034404800852481543e+00
2.188490307817791969e+00
3.047648110684390232e+00
2.569069002877272467e+00
2.512575976384129994e+00
2.143387459417742669e+00
2.932235573983799970e+00
1.201812881359813456e+00
4.321785362200085245e+00
2.263512048855185199e+00
2.850910511544824555e+00
2.802737782143765344e+00
1.960228921223648779e+00
3.151504061116581212e+00
1.730140319579225761e+00
1.719004875198599791e+00
2.541329816155135646e+00
4.441110295314602219e+00
2.088684560152302971e+00
2.894651043001713386e+00
2.296683721001740341e+00
3.371982419016867460e+00
3.328076334335007935e+00
1.131036317562232885e+00
1.816785442231739989e+00
3.800302862409599580e+00
4.060964880416657152e+00
2.939947802191097637e+00
2.533103113946255647e+00
3.968959983049912488e+00
3.909966756102587482e+00
3.338984666283157487e+00
3.727859005254734015e+00
3.856490888692482244e+00
4.806611277205163013e+00
2.468869508475138197e+00
4.058999983172089543e+00
3.753591425974301288e+00
3.975441564758271706e+00
6.581740304180731194e+00
3.719426626627945431e+00
5.241989583991731649e+00
3.586145981859536924e+00
6.058656473345513049e+00
6.164674221664943055e+00
4.955716745379499244e+00
4.196101080967322261e+00
4.810802846148165557e+00
4.973193420597399772e+00
5.640846857581625962e+00
7.190026921056848153e+00
4.645849809312680989e+00
5.542339447994772961e+00
5.417045385196194829e+00
5.733482701357821121e+00
7.283643563653900088e+00
5.649533943096018973e+00
4.609654962366826148e+00
7.087126468667708679e+00
5.010808710174458724e+00
5.169968389916238749e+00
5.620444312726901259e+00
4.585222320429741316e+00
5.088217323152942839e+00
4.656693205048941131e+00
3.901478894136328535e+00
3.910772872172342929e+00
4.193513658846608649e+00
4.123848375753980555e+00
2.804669674503295518e+00
4.339046114795445774e+00
4.131663117036371347e+00
3.696267648335792355e+00
4.367497427228336448e+00
4.247925609560250670e+00
4.474823552542679828e+00
3.740530426171715384e+00
5.114894463597202900e+00
1.642066455385883916e+00
5.795803617030959032e+00
3.476705493763266652e+00
5.250464587844577480e+00
5.357082501360530991e+00
4.677134410742804782e+00
4.425817706871720603e+00
4.716185812580610204e+00
3.960603987441396523e+00
2.712766801960517782e+00
2.090545488042550026e+00
1.737607041164859645e+00
1.077769918268967508e+00
2.210825348092714471e+00
2.505092372029642966e+00
3.107843803280467831e+00
3.040306576526947691e+00
1.887652544809672817e+00
4.391935413112622477e+00
5.409814304668618234e+00
3.799889413199383448e+00
4.866397722298010819e+00
2.813634477881781670e+00
2.453675126565232567e+00
3.781002519171772214e+00
5.946421973782932469e+00
5.004807723553858168e+00
4.642604390849216500e+00
4.354227763106422344e+00
5.558078327609431213e+00
3.035689851036466269e+00
4.593215175930218663e+00
4.869392818118198463e+00
2.980339078052451907e+00
5.573989860131689511e+00
4.253719069733309155e+00
2.847030653133163280e+00
2.789499005427567901e+00
3.200495638754635941e+00
3.297662429626677660e+00
5.161962494786263456e+00
1.503145605423463760e+00
1.180066089241419647e+00
3.254255055203364666e+00
1.268122682298652659e+00
1.688400683718301210e+00
3.585094568496211664e+00
-4.653340968367221109e-01
2.045593409384350636e+00
1.582854396766359528e+00
2.719314955073642626e+00
1.467585237479295923e+00
1.384940136667630384e+00
2.582830553668685525e+00
1.854712555702383803e+00
1.744474894017882249e+00
2.550616416786102292e+00
3.465278259333106625e+00
2.427201911823440028e+00
1.218288355911544496e+00
1.843867478175236219e+00
1.094917928002207219e+00
2.294228724039101941e+00
3.027260932429097551e+00
2.503923585465303692e+00
4.956861989485550346e-01
1.921193458154675238e+00
1.951499727341787782e+00
2.167343326246701896e+00
3.480220337301620503e-01
3.417190146724900845e+00
-2.397991394538223631e-02
1.932720986901012239e+00
2.722782624784121808e+00
5.670438248274800586e-01
-6.440366063556517418e-01
5.612437705233475072e-01
1.608667820485069733e+00
9.524455134317104665e-01
2.094338833929754173e-02
7.644299703393357959e-01
1.284890368192229460e+00
-2.887275642494024908e-02
8.707182008792280214e-03
1.831241427806446609e+00
2.654038157306608525e-01
9.081522652652305183e-01
1.285135751873941246e+00
-1.662596431892149340e-01
7.549303454752882558e-01
-3.745730421447142078e-01
6.481433183796569963e-01
2.489683669475919459e-01
-1.544559286305615675e+00
8.061766401995091869e-01
-1.107594338801439982e+00
-6.131727037691518944e-01
-3.720548508262071508e-01
-1.301696468310658439e+00
-1.058814983939411647e+00
-2.111828438022928189e+00
-3.021752525264825628e+00
-2.653246143456553519e+00
-2.242623556700363174e+00
-4.039894652213130044e+00
-3.962712070578696455e+00
-3.638445356939170594e+00
-1.087858477930892853e+00
-2.055660319952306025e+00
-3.501960203201441857e-01
-1.921840884593388310e+00
6.297844208632676910e-01
-2.082506218170202317e+00
-2.028423889803248947e+00
-9.721545977425689600e-01
-1.823012729592484504e+00
-7.677844790599976932e-01
-2.352921887045757998e-01
-2.174449369337528637e+00
-1.337959994131646013e+00
-3.035903274064314594e+00
-1.425444378054820938e+00
-1.999726117950660687e+00
-2.420693737187040284e+00
-3.458966995595693206e+00
-2.827388151689724793e-02
-3.542417633695014167e+00
-2.484497515950060631e+00
-1.834899424431677417e+00
-2.177793110433021262e+00
-3.347896703369850790e+00
-4.795019692775872144e+00
-3.024088090770055359e+00
-3.068793051342196598e+00
-3.874597347809625170e+00
-3.261386128299035292e+00
-2.138470663252671322e+00
-2.052056696483425924e+00
-3.133181387190687062e+00
-2.786205039098986980e+00
-2.576292007137146456e-01
-4.441319542248298724e+00
-1.986304430777189545e+00
-2.094381322994824046e+00
-1.178272084840252809e+00
-2.163735805751596963e+00
-1.151992581668199733e-01
-1.249550979423425190e+00
4.830069097057521077e-02
-3.626574459413220097e+00
-1.794799032427915719e+00
-1.992196530992564441e+00
-3.585348201707700966e+00
-2.590382373533480553e+00
-5.011747290434220403e+00
-4.751704941153207962e+00
-4.083699745170965123e+00
-3.091886154277728060e+00
-3.555847495027704142e+00
-4.242453723782658059e+00
-1.966385983468351029e+00
-4.682508984823083864e+00
-2.512567370641071385e+00
-3.642096557645835730e+00
-8.478188017552099609e-01
-2.567980589256046997e+00
-1.727642656432245793e+00
-1.875686001340424625e+00
-2.316151188299682140e+00
-1.335778704366174630e+00
6.263250314565596000e-01
-9.908041272060037485e-01
-1.154085677891019124e+00
-1.229478741322607149e+00
2.338743303492734071e-01
-2.709677879560724811e+00
-7.541684431201884919e-01
-5.608760471026554839e-01
-8.403468264174840385e-01
-3.401797673364992391e-02
-1.435844782890311144e+00
3.961448605435489156e-01
-8.931892796629954390e-01
-1.038741788814786737e+00
3.119574811636720568e-01
1.545921351136016142e+00
2.743968581197755441e-01
-8.121315042558361341e-01
-1.042097137916089267e+00
-3.300503389578528513e-01
-2.934228103916058927e+00
-1.826353928932636705e+00
-2.857120573600487212e+00
8.559333419251125008e-02
-1.703442493290934223e+00
-1.071647545745102015e+00
-1.619634408257493163e-01
-3.758313826838426408e-01
-2.353842798444534257e+00
7.347455020409627835e-01
-1.937807111133567073e+00
-1.135042012363309816e+00
-2.212092449549480033e+00
-1.788665156138424805e-01
-2.310047825596760251e+00
-2.157318866416399139e+00
-2.223854878047120120e+00
-9.792356421396126720e-01
-2.835892475530084056e-01
-1.383708030059830563e+00
3.972904418751745936e-01
-7.917902908509741877e-01
-5.780653301041311920e-01
-1.376500190493752385e+00
8.236675032968516774e-01
-3.359383199868775094e-01
-2.352360156729620400e-01
-3.387047070120201564e+00
-1.357575179948112165e+00
-1.968007875759334446e+00
-2.773462402124766690e+00
-2.846312197894895313e+00
-1.925275130801588297e+00
-2.131736633543575010e+00
-3.097364901610285770e+00
-1.037931476901962746e+00
-1.266027102522537362e+00
-1.302174676054374203e+00
-2.857199407474777075e+00
-2.367204646420319136e+00
-2.335077901445576920e+00
-1.735474842198331480e+00
-3.518664731934308065e+00
-3.369232101603953922e+00
-2.229481249710705271e+00
-4.410032433944351737e+00
-2.826716159735345180e+00
-4.163884863978955408e+00
-3.691334561819378912e+00
-5.350221386381096345e+00
-2.699220177833343115e+00
-5.700980459766148201e+00
-2.846219490539683150e+00
-4.176445259801619514e+00
-4.613394513926913021e+00
-5.399912335575761446e+00
-4.593825814879096470e+00
-4.980563090069156651e+00
-3.239945688531873813e+00
-3.646980981839536895e+00
-4.065781011184018467e+00
-4.554744515885631451e+00
-3.809096770509730945e+00
-2.507798591914888853e+00
-2.295361227688904826e+00
-2.156183351688276240e+00
-3.144054724126844391e+00
-4.529137375443563762e+00
-4.523853126549498782e+00
-3.805770154679472661e+00
-2.674620821949081240e+00
-4.139615624425675655e+00
-4.647511827337622137e+00
-4.594716440620634224e+00
-4.988610836709394647e+00
-3.878673954740223806e+00
-4.957636432674810578e+00
-4.156602888356735193e+00
-4.474482294351093792e+00
-1.719851962649917354e+00
-4.810829089138139558e+00
-3.201414145014423340e+00
-3.975360521896553756e+00
-3.664628798435505708e+00
-3.977905081082347749e+00
-3.323994030503546249e+00
-5.266190430655802501e+00
-5.763354676615795036e+00
-2.874175107414020935e+00
-3.462445073536595253e+00
-3.331159611990652358e+00
-4.050019629811700383e+00
-1.464857601934055786e+00
-9.129656002319714858e-01
-2.193125798818023497e+00
-2.195188050570193283e+00
-2.358249995131124876e+00
-4.862767799910292510e+00
-2.393825118748535985e+00
-4.080678684055381922e+00
-1.720165550300979618e+00
-2.100933919229966307e+00
-4.152680389946773687e+00
-4.389750694004893816e+00
-3.859253850135908159e+00
-3.933577807499286649e+00
-3.221297078826896865e+00
-4.418277633499716472e-01
-5.022553678707754266e+00
-6.285808964447561209e+00
-5.036786518181856742e+00
-3.165354396628050182e+00
-5.188181525099384572e+00
-4.527345342855481292e+00
-3.711487014558437991e+00
-4.448726376557068818e+00
-3.648342487927385136e+00
-1.085938149007557918e+00
-4.166034165140896306e+00
-4.904927458841413568e+00
-2.731942362494231169e+00
-5.090011736103516427e+00
-4.684467578654476050e+00
-4.756055215770581768e+00
-4.951604836003354215e+00
-5.531903521068275431e+00
-2.803417562451722134e+00
-6.326471536939575202e+00
-3.738877915791324114e+00
-4.817771486135782766e+00
-5.222355580250280127e+00
-6.782869927400337673e+00
-4.598447314540794473e+00
-4.405158761783992460e+00
-6.103143905216285248e+00
-5.449738269814530689e+00
-6.206800225401292614e+00
-4.693372226727915653e+00
-3.845362904968338214e+00
-5.517180376049203971e+00
-4.041132583963337410e+00
-5.287777120297839417e+00
-4.632577248206616538e+00
-7.288548796820759179e+00
-3.382572786373794216e+00
-5.096426096440826115e+00
-3.761976844390560792e+00
-3.209585480208430042e+00
-7.027658990999404054e+00
-4.966561686177563217e+00
-6.822355159102274413e+00
-5.589357064593803770e+00
-5.373891924765125339e+00
-4.557964394915183348e+00
-4.820465636465208092e+00
-6.426977884635253879e+00
-4.500172989239449528e+00
-6.190727450045322655e+00
-6.906747761306736066e+00
-4.438055035868877951e+00
-6.231959515843020547e+00
-4.821018737336391524e+00
-7.504392539920044847e+00
-6.429470585854547338e+00
-6.068079314191929363e+00
-6.237494836623602268e+00
-6.533050395387635767e+00
-6.217120282059661385e+00
-6.710585600867291944e+00
-5.253072337438177364e+00
-5.397319320001043863e+00
-5.233229987000214578e+00
-6.002943863836639693e+00
-5.837624970763880761e+00
-7.121104596369079331e+00
-6.228754280940022703e+00
-7.738989825090311747e+00
-7.420279489539550966e+00
-9.171455757044727264e+00
-8.908187041548810470e+00
-7.034879477852995500e+00
-9.269493732841514344e+00
-7.558832111631092587e+00
-9.346450920916481664e+00
-1.062482412053934588e+01
-9.193128852923893035e+00
-9.233495745658984788e+00
-7.377930582104538004e+00
-8.705509974013093455e+00
-7.755330972397026734e+00
-6.575516459014516535e+00
-8.771605936064467812e+00
-6.519570920915696455e+00
-8.436938407883548763e+00
-7.543623510216018069e+00
-7.831002976308892194e+00
-8.783228200661127971e+00
-5.075869658562544018e+00
-7.021961294910678220e+00
-5.993450554376494210e+00
-7.585966019943894523e+00
-6.843287145041364816e+00
-5.916739629307600445e+00
-4.463700659775081903e+00
-6.927899418258170350e+00
-6.045246805816246294e+00
