3.543666988393392447e-01
5.060679933604816938e-01
8.154027489838365783e-01
7.331724548125917451e-01
6.680816584635760336e-01
4.923106533132057816e-01
1.121909598871557279e+00
1.334629529470996889e+00
1.093372245596148984e+00
1.251492502841308641e+00
1.314154391856345416e+00
1.293929185439855578e+00
9.712406978078973463e-01
6.813528165744899834e-01
2.976311281639837381e-01
-2.091785881458668728e-02
-1.852281343329546248e-01
-2.061580925415032461e-02
-3.106381253645008611e-01
-2.175617943550685607e-01
-1.272228328532536978e-01
-2.478107387994805677e-01
-2.888967040259096675e-01
-8.767659183725551308e-01
-1.077859846077148021e+00
-7.752299859383333658e-01
-1.036122919131103659e+00
-1.181648100112407951e+00
-1.331283847800167841e+00
-1.498125987812511939e+00
-1.976880707989531416e+00
-2.530934081345485254e+00
-2.795298834538934685e+00
-2.804144728181225954e+00
-2.500017081362785554e+00
-2.039103077176426471e+00
-1.977108330581662798e+00
-2.408569693388882715e+00
-2.395953021508503866e+00
-2.646223493627605894e+00
-2.329393129341036150e+00
-2.326777069321442681e+00
-2.735572655375813511e+00
-2.593340030105417249e+00
-2.298336812154142095e+00
-2.414308259014345204e+00
-2.189433970132733887e+00
-2.265704969847403216e+00
-2.123164991317435302e+00
-2.389512842982781216e+00
-2.210418291012484548e+00
-1.974887241042741604e+00
-2.130762722223881855e+00
-1.608148269796942920e+00
-2.027438706549364866e+00
-2.045251020894197858e+00
-1.609762173111106032e+00
-1.225626447256337848e+00
-8.234383220227438072e-01
-9.709569692153854348e-01
-2.325449551529129577e-01
-8.503907926029431463e-01
-9.273342229635954670e-01
-1.062861613485164725e+00
-1.168470556902003521e+00
-9.085523522975589295e-01
-1.065132086149909840e+00
-4.646195128224973603e-01
-4.903924955163035393e-01
-4.871515009975312394e-01
1.640872564919044763e-01
-2.680975108304687882e-01
-3.050876891792893009e-01
2.776574866387677698e-01
8.468294020538158495e-01
6.831301892450032387e-01
9.460104606877621780e-01
1.037408026717999476e+00
1.200954240950985463e+00
8.058255707088983755e-01
7.493246506493480563e-01
6.752240033320376922e-01
5.044439662208088926e-01
1.214568269647390286e-01
1.042111179562373730e-01
-1.203195842842517543e-01
-1.057124277981558169e-01
-1.144726768531422190e-01
-2.657565367997755668e-01
-2.249291239674792720e-01
1.976607406013089485e-02
-1.369087392104911816e-02
-7.450822990145276048e-01
-9.072180681703845284e-01
-1.368749832985305170e+00
-1.296085896833894635e+00
-5.147122521655900229e-01
-7.439643619981866074e-01
-7.533427144906951201e-01
-6.720194015492927386e-01
-7.615427006429302814e-01
-9.851791274589333236e-01
-1.237528560691964152e+00
-1.319690638473670852e+00
-1.560104118800156758e+00
-1.591997956307199757e+00
-1.657101326892120863e+00
-1.427409473412267538e+00
-8.199612400199287610e-01
-6.815054478606129562e-01
-3.370833758302142491e-01
-6.036687862064034071e-01
-7.633985396872595697e-01
-9.701028542671036314e-01
-1.385272885580332902e+00
-1.447093638711735020e+00
-2.058019313780590664e+00
-2.262798686355074640e+00
-2.303894488565693344e+00
-1.833569840578292753e+00
-2.143126551628345311e+00
-2.023836323631767353e+00
-1.702283050423959887e+00
-1.356884549609090440e+00
-8.930322268207016023e-01
-1.007621119462807080e+00
-1.254382104986962343e+00
-1.069971381686674716e+00
-7.916951414698623068e-01
-9.639273369214409470e-01
-4.854552661163398231e-01
-4.888169372720364003e-01
-5.476688300075350790e-01
-2.827557895888824224e-01
-5.108249862668731156e-01
-5.593421531951467962e-01
-2.905113885991593703e-01
-7.140524678548696436e-01
-1.153213999761977693e+00
-1.644334295838690618e+00
-2.014525918261495185e+00
-1.720345492361896600e+00
-1.891991474272792573e+00
-1.432945644184115741e+00
-1.000845985606857891e+00
-1.459660698456481498e+00
-1.962050949115889953e+00
-2.427703534889869452e+00
-2.612270013855079842e+00
-2.760681326985138018e+00
-2.544385910082993085e+00
-2.806911681950278847e+00
-2.897918460657266326e+00
-3.269510529044423741e+00
-3.731263065051602545e+00
-3.211301066618666322e+00
-3.272004557916386336e+00
-2.953952713539748309e+00
-2.873498546652440311e+00
-2.627189841750096733e+00
-2.628979430164520181e+00
-2.979290255158644207e+00
-2.970417858435231651e+00
-2.587524587366424988e+00
-2.645113291745492479e+00
-2.689794180581838834e+00
-3.366986446603508654e+00
-3.698648439753513095e+00
-3.538078792452926002e+00
-3.378310388136628095e+00
-3.438586398466235483e+00
-2.813557879211986634e+00
-3.015054135415327075e+00
-3.277177040252410745e+00
-3.655093646875798186e+00
-3.232388892142961989e+00
-3.599691099160446051e+00
-3.982072438014745863e+00
-4.139553903255485778e+00
-4.214150374139166821e+00
-4.303372165357248313e+00
-4.762930344198297306e+00
-4.629224652172227117e+00
-4.611719943178596459e+00
-4.836725183801768857e+00
-4.521107987582231758e+00
-4.245951006381982751e+00
-4.964564776513646471e+00
-4.810986364755019729e+00
-4.608702683688792767e+00
-4.477853894487810571e+00
-4.626848062397630912e+00
-4.487436448070766026e+00
-4.333110316180227350e+00
-4.671485366580971466e+00
-5.072068692920837840e+00
-5.471842593894053586e+00
-5.382898699664607989e+00
-5.459250777875560345e+00
-5.234693035019072127e+00
-5.250061904751325947e+00
-5.781693110673911562e+00
-5.991472365074069550e+00
-6.558907921280481723e+00
-6.708947773722770513e+00
-7.193448431660678821e+00
-7.653839497565265049e+00
-7.832907073661499631e+00
-8.034104078473257360e+00
-8.803772534088059487e+00
-8.981787701805323820e+00
-8.405428754611195430e+00
-8.461970885479697557e+00
-7.754500541825874116e+00
-7.028801669840777144e+00
-6.819899694825681813e+00
-6.375868476692011733e+00
-6.890353726861089712e+00
-6.784846549593296139e+00
-6.395405446894254275e+00
-6.470815664569916414e+00
-6.605345860172409544e+00
-6.504392586676730481e+00
-6.757144286068790251e+00
-7.595327068820152405e+00
-8.022703714305846390e+00
-8.174898738812659715e+00
-7.743115476880931602e+00
-7.621591175224979864e+00
-7.627805313615730221e+00
-6.954359916223151750e+00
-7.079885791520220906e+00
-7.085082128502437904e+00
-7.339458975925850837e+00
-7.464913588694329860e+00
-7.683267176412421406e+00
-7.807716966818244231e+00
-8.106042187963632628e+00
-8.016681809959827376e+00
-8.386560933030137832e+00
-8.571467056096018666e+00
-8.180495298982187080e+00
-8.200626293419670532e+00
-8.223752960961867586e+00
-7.649955736549437724e+00
-7.490605992961019588e+00
-7.516190038371471260e+00
-7.223142339185236516e+00
-6.750354359135759097e+00
-6.673069125214242447e+00
-7.012584592097580227e+00
-6.710437445861860084e+00
-6.785133021982214352e+00
-6.663610557993244754e+00
-7.119717290667040288e+00
-6.986660923384136801e+00
-7.987831135364171331e+00
-8.152292009885508506e+00
-8.518182721285832315e+00
-8.697715076836914250e+00
-8.618267694446412719e+00
-8.590703560944882966e+00
-8.204840072261525563e+00
-8.360479172231936928e+00
-8.484291041170726189e+00
-8.128954129892779434e+00
-7.801640149505556288e+00
-7.859068727788435460e+00
-7.946091368359502027e+00
-7.557618053168443595e+00
-7.805999861743171842e+00
-7.259029741236156852e+00
-7.379694436537341140e+00
-6.752417919613388442e+00
-6.772094181490524001e+00
-6.153535460989379757e+00
-6.502510156722598467e+00
-6.244879600316758150e+00
-6.480885480782793806e+00
-6.643433899668607090e+00
-6.502057061475848165e+00
-6.457542030666180821e+00
-5.999806931624462436e+00
-5.826370652414762041e+00
-6.172038810460009017e+00
-6.152901265622010563e+00
-5.522930323133662611e+00
-5.479903228374649160e+00
-5.113556783286285601e+00
-4.728367438926913024e+00
-4.904626057001306272e+00
-5.608174283615992017e+00
-5.900445993208723650e+00
-6.290502145223915598e+00
-6.580690709615432787e+00
-6.719592994268978714e+00
-6.924954088639569960e+00
-7.171355196178778257e+00
-6.656571904099662262e+00
-6.368814347979482093e+00
-6.426537353291042365e+00
-6.373006478822068388e+00
-5.972544553166978964e+00
-6.278425712580014917e+00
-5.557633523027940115e+00
-5.388117179911615651e+00
-5.810014224050926934e+00
-5.902350265195896561e+00
-6.242277712967885250e+00
-6.032774897027143091e+00
-6.183182192455076276e+00
-6.130200475004345506e+00
-6.628702735808661650e+00
-6.271610051068506664e+00
-6.190315686643200088e+00
-5.893188970151763684e+00
-5.786389202790952702e+00
-5.922187387535707614e+00
-5.881090524436856093e+00
-6.578161216678763523e+00
-6.595751239987731829e+00
-6.251278823325746359e+00
-6.508793109000824195e+00
-7.313105109588605046e+00
-6.997723962470945303e+00
-7.329864592241547960e+00
-7.224498471255889065e+00
-6.290463768126329569e+00
-6.566450895002912347e+00
-6.712828790958699443e+00
-6.386364517880627645e+00
-6.949516168964350982e+00
-7.156789866007260414e+00
-7.630617546561770048e+00
-7.648736170365808995e+00
-7.606778963420188333e+00
-7.435264925958734672e+00
-7.978612433993824915e+00
-8.318209734690849899e+00
-8.494715567742353812e+00
-8.333339711297753638e+00
-8.624751196424208288e+00
-8.912864004233380655e+00
-9.022261395016810681e+00
-9.043487776468889905e+00
-9.363181449411706936e+00
-9.471086256103946610e+00
-9.440834226623778136e+00
-9.759477113193515407e+00
-9.888523967577491192e+00
-9.768682487433723693e+00
-9.972255790614443782e+00
-9.621794320964168534e+00
-9.042193196214133977e+00
-9.140886628640885192e+00
-8.562500151403057203e+00
-8.875776798705276249e+00
-8.912490745849760643e+00
-8.699978240437026500e+00
-8.228646733112169542e+00
-8.321830165627568832e+00
-8.134685924971801541e+00
-8.641669769686748381e+00
-9.126308199609288963e+00
-8.747004926377933032e+00
-8.953791294734873674e+00
-8.959558486582603010e+00
-9.254726433210155534e+00
-8.602700624292145548e+00
-8.884249110760872981e+00
-9.255418916723407108e+00
-8.995825986425787235e+00
-8.520962041991246849e+00
-9.027329232295912220e+00
-8.567152602622183366e+00
-8.508046997997062988e+00
-8.512920108266301966e+00
-8.774926631644582642e+00
-8.599868888383108256e+00
-8.859517747665936582e+00
-9.095089414596399635e+00
-9.113525435459139956e+00
-8.948560245834414673e+00
-8.379888799655649478e+00
-8.283678831783134910e+00
-7.768661705035093235e+00
-7.783404792368306069e+00
-7.459244758405600528e+00
-7.877693358367398702e+00
-7.542753396360130758e+00
-7.420766084355681080e+00
-7.796904186773791601e+00
-8.442647983851855997e+00
-8.510122045510531308e+00
-8.664274964604764762e+00
-8.672084961808955939e+00
-9.216427644838494970e+00
-9.501217085178598865e+00
-9.364026140206139104e+00
-9.076057844902067018e+00
-8.915209366083937326e+00
-8.678165957093963101e+00
-8.898234591662436799e+00
-9.466517166800130667e+00
-9.531428173673999638e+00
-9.275825380620233318e+00
-8.851716274763573367e+00
-8.762221225819184056e+00
-8.521425241572275766e+00
-8.847057939526383308e+00
-8.504815555386668890e+00
-8.379466513465327893e+00
-7.842549254238921463e+00
-8.019719551787160228e+00
-8.348715509727147932e+00
-8.672592124826927318e+00
-8.737282121053480566e+00
-8.980104210757792416e+00
-8.927386532864451496e+00
-9.194466365044712930e+00
-9.951908318252517205e+00
-9.916235974051220481e+00
-1.010418340549677296e+01
-9.933981844608629430e+00
-9.575662110909336278e+00
-9.849637236884808189e+00
-9.727217524075006949e+00
-1.021881820780885697e+01
-9.949697881046397185e+00
-1.026225538835499762e+01
-9.991549584021617747e+00
-1.020712794195656770e+01
-1.037348475604353837e+01
-9.950422509272019767e+00
-9.115273550694981353e+00
-9.458426384198805437e+00
-8.942409759350596232e+00
-8.815558920344058080e+00
-9.754062991419017337e+00
-9.539966451510117906e+00
-1.004616571965079075e+01
-1.009438570950234393e+01
-9.707356330188284588e+00
-1.000401283021085774e+01
-1.012442867065501950e+01
-1.003379214570441214e+01
-1.000408721645027121e+01
-9.956243924571483106e+00
-1.031033598858501676e+01
-1.030832411550746208e+01
-1.047194604232814719e+01
-1.021568788471347666e+01
-1.061614785109284931e+01
-1.054671641651738057e+01
-1.038284274894592940e+01
-1.053919396674897513e+01
-1.056211992822605517e+01
-1.112985035487496077e+01
-1.125141887097158744e+01
-1.112720091360142760e+01
-1.137279662673966918e+01
-1.155972601231563779e+01
-1.115966903367789698e+01
-1.095846641566467206e+01
-1.086134858403054970e+01
-1.129412570519120962e+01
-1.110914723579451113e+01
-1.177310422014870639e+01
-1.145265396453805451e+01
-1.186736735714751489e+01
-1.220603880294321186e+01
-1.300975345291217167e+01
-1.343333886972467184e+01
-1.326150848262351012e+01
-1.354952324173527956e+01
-1.348744327574721957e+01
-1.380715633749069937e+01
-1.337938642416378876e+01
-1.276680826176185057e+01
-1.290054105115667760e+01
-1.343875178932465708e+01
-1.292352485680946117e+01
-1.250077959552491613e+01
-1.303423872791281113e+01
-1.274381588438640556e+01
-1.267021025199088946e+01
-1.228855953793523703e+01
-1.232605334217170778e+01
-1.249168221743097007e+01
-1.276732682491634030e+01
-1.295767149776179394e+01
-1.303615535619332988e+01
-1.250319966907460945e+01
-1.247814844910796239e+01
-1.243537580857899982e+01
-1.227899841199097786e+01
-1.230177414984088458e+01
-1.209975353789856989e+01
-1.185456599309451242e+01
-1.188967752008916534e+01
-1.203446672822943242e+01
