4.662292988669912042e+00
6.488984707231912452e+00
5.723264872849180840e+00
4.993555060021752645e+00
6.152711456659379685e+00
6.666345987883653734e+00
6.787309208848258280e+00
5.046564449639767247e+00
7.154801528139190125e+00
5.989566333070088788e+00
6.029605903997916627e+00
5.510201196935637924e+00
5.603518489171031014e+00
7.455572029498267916e+00
7.229526744090098767e+00
7.233306005343291822e+00
6.457758903366854319e+00
6.232964503967742154e+00
5.950122938284572172e+00
4.724971122992005945e+00
5.542514045051219362e+00
8.262688103938796047e+00
6.694385909438499205e+00
4.902214084331205868e+00
7.487697320175825233e+00
6.705420911728139366e+00
7.524736461732070225e+00
6.565780964996277724e+00
6.595482005157838223e+00
8.369374471666334969e+00
6.792301777540544094e+00
9.294375070804141714e+00
9.160115066695855290e+00
8.873265663406964876e+00
7.454789417421713082e+00
7.293586325808554705e+00
6.962458451023800343e+00
5.977991227025170495e+00
7.324578231569976339e+00
6.694361222888749907e+00
3.525979939205034608e+00
5.857010063032230818e+00
6.978399327061682200e+00
6.269639918658099553e+00
4.629699079303165377e+00
5.740569756991495076e+00
6.930118370414604101e+00
5.206915541496400124e+00
3.753124007830555442e+00
6.310784335320235527e+00
4.497276507619863750e+00
6.608547154579722971e+00
7.989586836706003226e+00
6.860316385998340039e+00
7.060392879876840944e+00
7.001227526228577247e+00
6.488939010414814135e+00
6.781521148950124811e+00
6.406465684726334153e+00
6.555902432713734740e+00
4.316302457969761974e+00
6.554946949903141196e+00
5.663129267233278696e+00
6.055385050136075975e+00
7.070901398790518932e+00
6.168999344139783680e+00
5.357154784309300588e+00
6.112509712356823499e+00
7.727838748755772258e+00
6.666313947287218156e+00
5.514086298603791292e+00
7.569294446023516088e+00
7.406361224941655053e+00
7.421490867118860635e+00
6.987757360519184502e+00
5.770306896575269739e+00
7.824978973514488345e+00
6.570354840649597961e+00
3.999232476922225388e+00
6.708304898878036937e+00
3.181160116366882562e+00
4.578290224663000174e+00
6.078370396317681390e+00
4.924981018625303797e+00
4.673733293105065023e+00
4.339421964096813689e+00
3.082678982452036642e+00
3.008023585687747747e+00
3.745328997002835614e+00
5.443019670671631616e+00
4.717981286932680263e+00
6.266223099482199466e+00
5.043654521444286054e+00
4.523363638932979214e+00
6.294730748390505504e+00
5.862409440340931255e+00
2.931850633570386222e+00
4.010600683398603650e+00
4.781285701616861950e+00
4.157617036553318712e+00
6.128141437814846881e+00
3.947014160174885600e+00
5.439742716565747926e+00
5.431861165802959412e+00
5.261263982436201303e+00
5.278239333215374529e+00
5.909133003189007027e+00
7.373723080794079010e+00
6.797387016410922911e+00
5.395074439084504903e+00
4.183202852978266328e+00
5.306396827870767829e+00
4.619924546717795621e+00
7.496943775145625821e+00
7.293220589442711344e+00
5.733488465771883646e+00
3.800153501029559955e+00
4.293049765125752870e+00
4.638119567408790722e+00
4.855624600422483006e+00
6.128012361886787218e+00
6.024094126870142674e+00
6.801893508802553612e+00
5.247859172239226488e+00
4.800451234885284357e+00
5.560178058734127404e+00
4.099762029961802057e+00
6.373927657602201258e+00
7.403406027308785831e+00
5.608493514168180205e+00
5.377014628925708806e+00
8.623532502615676165e+00
6.483846659419469916e+00
6.135288370235701727e+00
7.805950134451844491e+00
5.890932078333167787e+00
4.238360325418996766e+00
3.371582234798669475e+00
5.092580613404406265e+00
5.370580403375429412e+00
1.815379899742155301e+00
3.302924661292613084e+00
2.131986461923543352e+00
3.950999324295221715e+00
3.979747526998346885e+00
2.528895417163467663e+00
2.675282056814943576e+00
5.974769918032978744e+00
4.016717178149117551e+00
3.691139618558880731e+00
4.102347117957627631e+00
4.370395532487819423e+00
5.296229391387116792e+00
5.102830790994442367e+00
5.490397482256707207e+00
6.373277402480767684e+00
5.834957487660619613e+00
5.051056999712139728e+00
6.443758032922723089e+00
4.559867261729838361e+00
4.432330497704316308e+00
5.744947390206783133e+00
5.944665351945035425e+00
4.652251254098207056e+00
4.323617559122254761e+00
2.760174630742296298e+00
6.316000320075438879e+00
6.803379347786643550e+00
3.828159672152938064e+00
5.397210364514346992e+00
3.552113806696532539e+00
4.518952265350447917e+00
3.738849413355231910e+00
3.983872165733255866e+00
3.808952491804851181e+00
5.703304709993109789e+00
3.810219816162509154e+00
3.741313358342024387e+00
1.997965852155138000e+00
4.323505315997901555e+00
2.616918773062437253e+00
4.091028597853993531e+00
5.726878862127502856e+00
3.138678148798353718e+00
4.294484694910906342e+00
3.083981688454378034e+00
2.460765202331057111e+00
3.596020260859246420e+00
5.095691448498830489e+00
3.282615753646981993e+00
3.890951758598810262e+00
4.535841119082949291e+00
5.059097485941443040e+00
6.060241384774590401e+00
4.155898938064115811e+00
6.069029743289453549e+00
3.626899547416181591e+00
4.208515910463252574e+00
3.138164161927664342e+00
5.547082642731946400e+00
4.294583122811325815e+00
5.065369186873720508e+00
3.779673618916691957e+00
3.250747121430486608e+00
4.405178766742240626e+00
1.798964191038456839e+00
3.627981544777061362e+00
2.957604856350411815e+00
5.315236017904538812e+00
4.615139359771671224e+00
3.888119492670048416e+00
4.617288334989057219e+00
2.556713909318506950e+00
3.234179077483522402e+00
4.150724618855296200e+00
3.515217483980773494e+00
4.021706816732627310e+00
1.815188087323191812e+00
2.300991554145412010e+00
2.601249403114406888e+00
2.286680120193988586e+00
3.198589871864065959e+00
3.265958210615461876e+00
3.253697617051170887e+00
4.617609950663896790e+00
2.933596294027421614e+00
1.990635021934504589e+00
1.694631301611710050e+00
3.533360835144052636e+00
4.130024478995762749e+00
1.663356499510334707e+00
4.108858714222316522e+00
3.298223401153915546e+00
3.939386211097314128e+00
4.342413150279226031e+00
2.418773746045872031e+00
3.185824224778960989e+00
2.741434095049177788e+00
2.707544386933075309e+00
2.168792875972440193e+00
3.210427957387996578e+00
2.897192230581588479e+00
3.600644777017134146e+00
2.495010433994907295e+00
1.978441510728205177e+00
5.336031423461604639e-01
1.320160888439010805e+00
9.078093810490677207e-01
7.286718976598316466e-01
-1.750326406585500649e-01
2.933201236361959729e-02
3.828140194899747328e-01
1.319021427819286885e-01
-7.756007150154253793e-02
-1.461002832951141528e-02
-7.680860815641832318e-01
-2.340807262702337965e-01
-1.379786263403746993e+00
-1.268445370631707814e+00
-1.329037256138039247e+00
3.007121697788752712e-01
-5.752237715835324394e-01
-2.115120143294827226e+00
-8.450814360083800381e-01
-2.407438695571025633e+00
6.917393109929736994e-01
7.514744954798739940e-01
-5.070703095120592252e-01
9.262393022751416183e-01
-3.712168792321284272e-01
9.486733811352578982e-01
1.980350926917553878e+00
1.016250249360021840e+00
1.972557214707733042e+00
1.259715485455763506e-01
2.226768475144099924e+00
2.535202157776232035e+00
1.329698949197553492e+00
2.812554893909705811e+00
3.186809120793719696e+00
2.521062225024061743e+00
2.029600920983404944e+00
2.981977085275738126e+00
3.699058222914006322e+00
4.639098292558431424e+00
3.820721812393261807e+00
2.193752964179659593e+00
2.222753939865563133e+00
2.541951241613102486e+00
2.267440937092257247e+00
3.356714926410275801e+00
2.907476917880591927e+00
3.029829730161986756e+00
2.833127595400854126e+00
1.406568993830894065e+00
2.948962979840155096e+00
1.429749959089230860e+00
8.064180986422866404e-01
2.855250880189224016e+00
3.292925552087928143e+00
1.063917965914787267e+00
4.764343773866670517e+00
2.998482658217938912e+00
2.019368709037846266e+00
2.269783784991497022e+00
3.799848433757093247e+00
5.437541533342643341e+00
5.441225991232411019e+00
5.494750804847981840e+00
5.105910381217026561e+00
4.513244200073957657e+00
6.957415646582300051e-01
4.086603842274812770e+00
4.555049895441423580e+00
2.057946241610580707e+00
2.735532335937008952e+00
4.101197513589770693e+00
-4.748598206254195375e-02
-2.913017261515333800e-01
2.770068727724346758e+00
2.362531975880813651e+00
1.346953761950294037e+00
1.882436457716598177e+00
1.278173662189116655e+00
4.337482254620617539e+00
2.658222471623378436e+00
6.530813291853823088e-01
1.277428772284225467e+00
1.116931011902714488e+00
-1.684883825712066852e-01
-8.481168157570095900e-01
2.045115826113235613e+00
1.492010256294233006e+00
1.726873307269202407e+00
1.521026401545970685e+00
1.794832203150682925e+00
1.428342361410354755e+00
1.404518188336185247e+00
2.685810946173611491e+00
4.647687027712528618e+00
2.078431804083783696e+00
1.684148784644992070e+00
3.709036565050964462e+00
3.709705947860811204e+00
2.049765153268566564e+00
4.579258118958506429e+00
3.878739581980814144e+00
5.760272836025531085e+00
4.598487726699937994e+00
2.078933199539057863e+00
2.948006837152401971e+00
3.476149959418275870e+00
3.946853177233431431e+00
1.741771102350492484e+00
2.574938240614867979e+00
3.584830814015024014e+00
4.887402788672050136e+00
2.902903320397753006e+00
3.526000729949587686e+00
4.289783358042821959e+00
5.424699253105175423e+00
3.946666552986433096e+00
2.302825517156768420e+00
3.466378483105593489e+00
4.096075114844495602e+00
5.394633851601554397e+00
3.252160338584211274e+00
4.356971845641732344e+00
4.079402177361479254e+00
4.944831107511669543e+00
4.960355330859391287e+00
3.448422122424362080e+00
4.038663372193120438e+00
5.716574892462151780e+00
3.384947674686107355e+00
4.068609557138937127e+00
2.646792041418895014e+00
3.111407859378302998e+00
3.116488115781668178e+00
4.262623489880220440e+00
3.219822421252799494e+00
2.363854277519145342e+00
2.747967352462354462e+00
2.115012249458783078e+00
4.426813027955780910e+00
2.627577986695121659e+00
2.696951427762000364e+00
3.714159544447072747e+00
3.743592662608845600e+00
3.238039709779486852e+00
3.375448821646202191e+00
3.219840539487906828e+00
2.830089099814444786e+00
2.830155205203746416e+00
3.001184620343001264e+00
2.781642374379104332e+00
3.123500092266228378e+00
4.948748209523584407e+00
3.729744958962380785e+00
2.459201180846114276e+00
3.588571763369128309e+00
2.609669076046430281e+00
2.736490111259677782e+00
4.159502392378980673e+00
5.047844489171453120e+00
2.564883682116039676e+00
2.755012155682779351e+00
4.460726276898839160e+00
4.060744948158427015e+00
3.827572643759282300e+00
5.904624777892010457e+00
5.416868161902223200e+00
2.312556589039922006e+00
1.308743974189505277e+00
1.561779369674982654e-01
2.689461544556636774e+00
3.889740130527006734e+00
3.122347144814464848e+00
2.840632896154181353e+00
2.666332944894614698e+00
2.205325024642667220e+00
1.820895707549501807e+00
-2.405464236977117309e-01
1.621111433034451377e+00
1.812357408861902552e+00
3.944042844957911687e+00
2.717843487797003021e+00
1.450649514310473176e+00
1.087449806514106498e+00
1.635279602415956379e+00
3.881589453867546169e+00
3.295912449040983905e+00
2.197046204567235428e+00
2.549017653608424361e+00
3.225278947548053665e+00
-1.354671989858293735e-01
-2.482536122465037742e-01
1.570333119910137576e+00
-8.364429407059712496e-01
-1.333266511716287628e+00
-6.466251812333436710e-01
-7.033091805719315914e-02
1.696101244833239541e+00
1.186734639065877062e+00
1.295790081661426285e+00
6.509624626120320556e-01
2.136885951562568664e+00
2.200513343867354532e+00
1.290159214712312430e+00
2.063192271886737927e+00
2.737666287778647067e+00
3.627031337643890740e+00
2.029919311935831860e+00
1.951763313787711063e+00
7.538858490247521971e-01
4.018184035732828008e-01
1.517600903533426582e+00
1.196632056782509501e+00
1.581650461347416492e+00
2.657393595765547900e+00
2.901130599804179866e+00
1.149297729085474895e+00
3.204682640561519413e+00
2.926368955780306536e+00
1.513691976311415388e+00
1.540539247632191966e+00
4.653750956332390665e+00
5.106068497589490107e+00
4.795475828531859719e+00
3.516951670638450711e+00
3.652832811234033805e+00
3.096841537118079302e+00
2.797434265112214380e+00
4.656544175766706317e+00
3.391076089909846658e+00
4.816973270485135572e+00
3.638261184129015113e+00
4.535001205924933387e+00
2.229955306949876537e+00
1.764864708679263927e+00
2.728446347609617462e+00
2.875876904668381417e+00
1.218369814566527154e+00
1.394198012285596811e+00
-3.183870033563502844e-01
1.170244843196941886e+00
3.698314855681417157e-01
5.334093086296021191e-01
3.138494846837946994e+00
1.843396341285135520e+00
1.155522733326010076e+00
3.150255203660227821e+00
1.851992841941651591e+00
1.041859785843734620e+00
-1.419544928262093109e-01
-6.509725540937338906e-02
-4.572201003095828220e-01
1.434978390471298937e+00
4.072117149367615596e-01
-6.114383098062914357e-01
-4.678279167971179930e-01
