3.367573452734204054e+00
5.138181338781254048e+00
5.985401497933334980e+00
6.331840243498552567e+00
5.718458964174428338e+00
5.341772512979789944e+00
4.346285962106271938e+00
4.423404478726811639e+00
7.606363625874175582e+00
6.518415447356524339e+00
4.536593281004904554e+00
5.812482171220423766e+00
6.327218189767227940e+00
4.831993424435784945e+00
4.163893538173772058e+00
5.673817276028227496e+00
4.617850390778614589e+00
5.340374857542932396e+00
5.348472434300864720e+00
4.233128843367742533e+00
2.582051525921858381e+00
4.701933641330043656e+00
4.071263533059639173e+00
2.640668602248938512e+00
3.108029341781154642e+00
4.741673343459211765e+00
4.123905844492039563e+00
2.486733564230803939e+00
2.419342276277618886e+00
2.756082224641630329e+00
3.568896941546845447e+00
3.594533093450828609e+00
2.545505822434834808e+00
2.569113369720139595e+00
5.858049913188390079e+00
3.028182737298398042e+00
2.368952652507033463e+00
2.264865845779264752e+00
7.974309156155925393e-01
2.771482785474005617e+00
4.240832069384756764e+00
3.378277507341730601e+00
3.480005007201871337e+00
3.007496962548344754e+00
9.397932556286860972e-01
2.603834617360232251e+00
1.704282478456163652e+00
2.241191077537767917e+00
2.063662522298634006e+00
2.750323106275617491e+00
1.572204789685974990e+00
1.121241519084846594e+00
3.145704038891393939e+00
1.778704209148296744e+00
3.080630211152930453e+00
2.589452386295198139e+00
3.353435485510205982e+00
1.399384555696176591e+00
1.733358558910313985e+00
2.363741171351838144e+00
3.535452888027660556e+00
2.356378024247879566e+00
1.864780690465824620e+00
1.546234890021126684e+00
1.165913394188269336e+00
1.825337657113961232e+00
1.331885131840524927e+00
3.362918005821477596e+00
4.349242023367627219e+00
3.011230577242725026e+00
1.397172907450443535e+00
4.319742273150648515e+00
3.157053402900849459e+00
4.710694723114272620e+00
4.278975808439378525e+00
2.732521751199142201e+00
2.510051767734564621e+00
2.785508481685330384e+00
3.771109534489473170e+00
1.031449490551257453e+00
1.864540636824807862e+00
2.882458066859643786e+00
3.032984983275474278e+00
2.821391242550606915e+00
3.470438379000182039e+00
3.758210995073669736e+00
1.229935253199237355e+00
1.760843273009024657e+00
3.133153697901113421e+00
4.750330129853281846e-01
1.047710292346653027e-01
2.314009543502415056e+00
1.761215888653560935e+00
3.674499770858377090e-01
9.993327524907376080e-01
3.577620220060504508e-01
1.941516487733497609e+00
5.808223427657881466e-01
1.096529674973877544e+00
1.980295029083116276e+00
2.770729453740431669e+00
1.322413421002198497e+00
1.657691367044507924e+00
7.590113500424537918e-01
1.739319432256376530e+00
1.912356504541739000e+00
9.112152310847818626e-01
1.618984733190385050e+00
1.478679883094454084e+00
-8.351568948430729833e-01
1.951754462579980753e+00
-5.891079591448855624e-01
2.668373856711756531e+00
-7.472928674393308768e-03
8.842119271663499980e-01
-7.882793620920551803e-01
-2.166697167548825576e-02
1.271568046264690111e+00
1.139704228049076562e-02
1.150286974138131413e+00
1.354072018388897902e+00
3.289421812386388311e-01
1.597411563935066781e+00
1.468524591711676930e+00
2.147941074032931219e+00
1.818040244231818647e+00
2.006138483655393490e+00
4.275991575225392971e-01
1.093476628360938729e+00
3.420645260935479381e+00
1.284801725678286655e+00
2.089481737633318570e+00
2.849436691281068690e+00
3.451707177959510986e+00
3.261996290795266873e+00
4.740201547449550468e+00
2.685363267138768162e+00
3.297826030520731422e+00
3.489804706225153819e+00
3.713269324497875168e+00
4.067600224309920520e+00
4.038386784180834965e+00
2.886402893428922312e+00
2.971730155446662192e+00
4.020583616155350981e+00
2.745302020559094558e+00
4.773730695465201457e+00
3.820158759229588696e+00
2.793595817875203835e+00
3.405635514298948952e+00
2.728402681842736044e+00
3.700875093403887206e+00
3.734326865471256252e+00
4.103213699020816563e+00
2.900690119526298183e+00
2.727354339829804353e+00
4.660090628397258072e+00
3.506010373911433664e+00
5.298192030783170026e+00
5.280474371406642220e+00
3.346498753810896343e+00
5.663964772636813194e+00
2.368095157296683073e+00
5.497004738872349527e+00
3.802574589493727508e+00
2.625508533932734423e+00
4.078822868243106470e+00
4.629358094637101573e+00
4.386026032313388612e+00
5.100797895752297251e+00
4.020719386626626424e+00
5.083906039858674397e+00
4.298292097248070043e+00
4.219716757802821405e+00
2.775262758238981498e+00
4.751221772193374271e+00
4.114084161179023091e+00
5.660104430930727126e+00
4.732372234885850126e+00
5.140125397908790639e+00
4.501712690664099625e+00
3.683563716817236156e+00
3.599767839587993290e+00
4.715326467775480701e+00
4.379095812807103805e+00
4.940597306057807003e+00
4.717565835199684976e+00
2.824237016500133812e+00
4.051821175080860371e+00
5.298292274607863561e+00
3.099879072208158615e+00
5.357933133031496986e+00
5.800369472298241291e+00
3.699676349796788166e+00
5.927270331069274256e+00
5.733137475522610771e+00
3.895321215067987897e+00
4.817951507622119323e+00
4.934269695196280558e+00
6.469992481602862000e+00
6.383334265853466860e+00
7.457894917876058294e+00
6.756218205555089007e+00
4.479667801419590312e+00
6.949365265989147389e+00
6.146804763093939528e+00
6.054878705129577376e+00
5.975737013589337288e+00
5.865918935107021781e+00
8.329641880178314750e+00
6.270863177080917339e+00
6.398364353846199393e+00
5.122841408580426581e+00
5.618412232227409042e+00
7.806603080862836386e+00
6.505017557013693441e+00
4.251216378934307372e+00
5.782683127854853389e+00
5.375837717633197954e+00
7.101032541980933033e+00
8.192579079544108467e+00
7.482531828283104147e+00
6.694377892932383389e+00
7.553298918396105677e+00
7.643224965955737638e+00
5.216590219252383420e+00
7.167366203561896576e+00
9.014309476473421512e+00
7.446031221856632243e+00
6.499100422790909271e+00
7.209864461071544994e+00
8.111416794653379725e+00
7.360801388280657775e+00
5.694349657325746605e+00
7.514447631094770763e+00
6.664109501877856445e+00
7.656497773255068751e+00
6.871307110909084415e+00
5.995464838883504122e+00
6.574361619457856243e+00
7.400120187704160912e+00
8.022695357781902459e+00
7.106122471478266256e+00
7.273253120204627109e+00
5.997968366763359427e+00
5.930845881243641315e+00
7.440215807865332209e+00
6.712834234538306966e+00
7.674984959798827333e+00
7.287272578774128817e+00
9.897363759889461932e+00
8.148329253882215184e+00
6.906422491181483103e+00
7.868100557066150635e+00
8.296422500226189101e+00
8.703761392266976316e+00
7.864823711282280527e+00
5.582871305197942391e+00
7.888658810857187120e+00
8.202132826165769330e+00
5.717491635042793341e+00
9.751679932594036870e+00
8.096441215287971005e+00
7.088433041856003314e+00
5.488563533748864742e+00
6.680783374347207371e+00
7.106425897070659303e+00
8.352159689218467520e+00
8.425114090794362909e+00
6.635614451158726723e+00
5.362765622970497859e+00
6.858079575055267441e+00
6.366441563824178473e+00
8.499750741348947258e+00
5.436015773856708755e+00
4.457804456047560038e+00
4.145556985319671206e+00
4.630506395851765156e+00
7.148787655735296731e+00
6.562081422568700084e+00
5.848383535801254141e+00
6.164196950123914220e+00
8.597166513498976315e+00
8.758359667580958074e+00
7.790751746271268985e+00
8.254017697089945926e+00
8.850234479370994833e+00
9.190682548391553297e+00
7.313163243773208144e+00
8.354484996386855045e+00
8.875397710623815328e+00
7.314711577244922935e+00
5.611906864359604619e+00
7.620082345002875179e+00
1.046424153289071057e+01
7.626351206826349483e+00
8.635746207383970585e+00
9.294624885291923988e+00
6.939229222126120256e+00
7.799963784239169584e+00
7.628682105952056425e+00
6.068552219559627758e+00
7.606739642849700722e+00
8.533047037718523242e+00
7.891924160328004589e+00
8.573657683421579634e+00
6.993520499944605007e+00
8.888408018353221252e+00
8.403291940082182165e+00
7.403486336773874577e+00
8.573811954830460991e+00
7.907688412217545704e+00
9.898240874904818298e+00
8.022784959146433081e+00
9.206282650181179861e+00
7.745050368957418385e+00
7.764237593850534580e+00
1.031471680376653843e+01
1.053315442041566996e+01
1.032139170259937977e+01
8.074204399255151543e+00
8.511320036911122600e+00
7.271751703129933020e+00
7.536245458248624907e+00
7.615669992709742431e+00
1.088017971227154490e+01
6.072413082879014823e+00
7.349409321335635070e+00
7.322759157081654813e+00
7.715830453134293165e+00
7.854818295468760425e+00
8.335427114270862248e+00
7.666135453929103782e+00
8.449667949931184197e+00
7.734169424084806010e+00
6.183573631336160226e+00
7.436403826650440863e+00
8.093440014760561851e+00
7.891688648134836725e+00
7.397187844269599744e+00
9.445641746158623064e+00
8.726532026489280724e+00
1.028026978186269602e+01
9.279976542209201540e+00
8.616782750753312570e+00
8.812191482384513108e+00
7.882943568684616764e+00
7.467375304923145052e+00
8.512962547325304996e+00
8.728014294482639102e+00
9.843774254429593640e+00
7.240355296664966467e+00
9.336591050798224600e+00
9.507900593714449400e+00
7.950578623291370661e+00
6.738367219248351248e+00
7.950521598286838909e+00
7.022986871926481633e+00
4.559026900274237626e+00
8.203663500641843243e+00
5.468161703901694537e+00
7.581556046781009250e+00
4.909133842288289529e+00
5.563514408806883971e+00
5.117217583212419818e+00
6.466784519838422618e+00
5.938435655725447404e+00
6.248268271450936773e+00
5.698483191500786305e+00
5.284371488528115890e+00
5.961257527895582164e+00
5.993040704744760028e+00
4.897220891181621738e+00
5.968339666474042460e+00
5.476649167240545069e+00
7.496368497484265703e+00
4.783264768175932602e+00
5.181162517063494732e+00
4.600936604847851719e+00
4.589578799049024660e+00
5.088087378144602546e+00
4.191033064449364964e+00
3.560335359715072645e+00
3.669905990941711327e+00
6.553610756047584474e+00
4.898678614794985009e+00
7.013136889679698172e+00
5.226066811723960370e+00
6.882117383427338808e+00
7.988546123752786166e+00
7.291653946944814280e+00
6.237182771600764397e+00
7.979258095877426626e+00
6.110143122644700497e+00
7.552516094527846668e+00
5.249722976759075621e+00
5.593775296757594440e+00
5.865635780360348939e+00
5.173648358896475230e+00
5.704504157891014948e+00
6.345037863440294856e+00
4.455379516412503627e+00
5.779072623195587788e+00
6.305344309016071236e+00
5.666349391527976564e+00
4.294720743229386350e+00
5.194249575152240617e+00
8.391767032268433013e+00
6.295457014121849326e+00
5.384909185651391539e+00
5.359226861555104193e+00
5.017439539682200689e+00
4.304478389790292958e+00
7.320980823974118756e+00
7.450919450233116414e+00
4.031436617195204519e+00
5.218293254717958796e+00
5.964010846979794778e+00
4.087003415864487899e+00
5.794744008557229265e+00
5.378453857868971788e+00
3.822798738492100501e+00
3.245891388228149932e+00
4.789967768620536859e+00
5.266466700051116057e+00
6.276115596456904200e+00
5.079765669432833697e+00
6.221589690391870597e+00
4.249493931604073182e+00
6.427471739979808696e+00
6.281150650052061302e+00
5.166355432689366367e+00
3.883661721471302286e+00
3.592647421009415698e+00
5.268637899993654727e+00
6.193060492928423422e+00
4.966943882034109414e+00
5.974336074487188064e+00
5.493414294885525351e+00
5.160944485273025961e+00
7.371400752564199799e+00
6.019974847892369141e+00
5.024157696603148260e+00
5.467049532266260670e+00
6.819705432444569837e+00
4.989279736546993860e+00
4.863288753309949364e+00
3.979575509679779799e+00
6.146839100801048339e+00
4.694733053368064013e+00
5.083655280213927874e+00
4.023608681971357015e+00
2.296886129087550188e+00
5.852778085755296900e+00
3.527218782363129801e+00
3.961642388723330299e+00
5.026970441707426573e+00
4.851012971678795971e+00
4.651391464835555212e+00
4.048073323593442296e+00
6.930557277786375536e+00
6.273415048879576794e+00
5.641501696577278402e+00
7.874629314010018533e+00
3.731246584055776694e+00
5.971956056423901593e+00
5.491453559116330041e+00
4.198636889851552922e+00
5.197554116633003929e+00
3.447090279199636065e+00
5.972052452252131438e+00
5.420716442923301237e+00
5.821623011106010992e+00
5.803877300701620889e+00
3.742842799398701015e+00
5.784857400095239299e+00
4.774467052953231594e+00
6.978789638433636533e+00
5.085196658248193557e+00
6.970904194489548011e+00
6.051472056413861544e+00
7.087330189764900368e+00
7.879829032703264957e+00
5.925803671329777700e+00
5.688419472244871322e+00
6.374806381610426342e+00
6.137237301498495334e+00
6.452184081739013699e+00
5.878371700668719946e+00
7.268949104682904228e+00
6.285880464446625737e+00
6.666980619645254791e+00
6.558929682772030922e+00
6.200891239086088191e+00
6.823498768105618950e+00
8.010990214667577547e+00
6.289855465299928561e+00
7.831393187868034289e+00
7.259601232695072071e+00
6.054794242943847493e+00
5.445282070817093256e+00
