-2.137307436971840335e-01
-3.748684079715470796e-01
-2.090723969971525209e-02
2.206124792464569107e-01
4.872125831949930541e-01
5.289736806226379429e-01
3.493000268405909159e-01
6.593732314628651947e-01
6.066699696513464524e-01
4.986617615957451011e-01
8.734009524125396773e-02
-9.663631099412650638e-02
1.548190331615015847e-01
-3.515148374532750530e-01
-1.890207227072263629e-01
1.380030802187582339e-01
3.247677653047070789e-01
3.490304483788270740e-01
-3.376852793899544625e-01
-5.053103084466255002e-01
-1.190852470643575689e+00
-8.388664564051137029e-01
-1.111858514477503501e+00
-1.516902034718706105e+00
-1.768976119114485934e+00
-1.541533858241133093e+00
-1.674329339943725348e+00
-1.690909241794800177e+00
-1.752888684541409114e+00
-1.820567611117764439e+00
-1.767939660448172079e+00
-1.695949024274213457e+00
-1.420200564605925031e+00
-1.338033902306560385e+00
-1.511125429670006071e+00
-1.801331716863587840e+00
-2.115481363910920898e+00
-2.799266207855031219e+00
-2.937331057731650041e+00
-2.502479353003821849e+00
-2.654083384632890397e+00
-3.054819520863103488e+00
-2.803251554030302017e+00
-3.347128643873879206e+00
-3.280227229023974900e+00
-3.678201496901292167e+00
-3.644443121716720135e+00
-3.014972784515382642e+00
-2.854358033689151863e+00
-2.432404698824499611e+00
-2.639088465034029607e+00
-2.559907197531552381e+00
-2.464562685837023093e+00
-2.577260421072656182e+00
-2.241386768699519028e+00
-2.334693971615020125e+00
-2.721621636104965436e+00
-2.938213184359964814e+00
-2.932475290176215221e+00
-3.167812004709099849e+00
-3.555637502960139251e+00
-3.162549144546139779e+00
-3.269810631034215653e+00
-2.975233428623981435e+00
-3.176042062007589095e+00
-2.677197454639904439e+00
-2.288685568232150302e+00
-2.276381145371308978e+00
-1.782835717618070470e+00
-1.397420663028210219e+00
-1.772358410619069513e+00
-1.487067500096253436e+00
-1.496699795132606869e+00
-1.528246569375123709e+00
-1.702551205753455310e+00
-2.087023871083358628e+00
-1.873939429673384005e+00
-2.093293910478822628e+00
-1.658842645535671956e+00
-1.573921094142180399e+00
-1.809940522238955296e+00
-1.873444998420406904e+00
-1.918382152056553158e+00
-2.037095002697830726e+00
-1.669083403650196251e+00
-2.053304057242005598e+00
-2.170140188084358268e+00
-2.740662363875066454e+00
-2.880912517199587963e+00
-3.315897550899369328e+00
-3.139853151760894523e+00
-3.566921070313698650e+00
-3.420555888322282190e+00
-3.488809403127439701e+00
-3.808467958110073770e+00
-3.409644118402897384e+00
-3.826067406208480737e+00
-3.995739294788575702e+00
-3.985999836530156326e+00
-3.828738748052289864e+00
-3.824957253943081614e+00
-3.838352263628467931e+00
-3.228744613123968765e+00
-3.189846182918925521e+00
-3.541588822053777008e+00
-3.377678338423607762e+00
-3.757027406574941608e+00
-3.935744390902265799e+00
-4.215500371631359933e+00
-4.313329211525298135e+00
-3.963872301473210236e+00
-4.123947767711324097e+00
-4.075435202274395152e+00
-4.082977591112617155e+00
-3.826077078584475100e+00
-4.500634587314984891e+00
-4.745569394860945422e+00
-4.932600042338464164e+00
-4.674470045610716440e+00
-4.630125473370759082e+00
-4.029966614006503356e+00
-4.137749578066451051e+00
-3.928290256195583474e+00
-3.920571988197025792e+00
-3.755636000005273090e+00
-3.883436110309184564e+00
-3.792071259625670709e+00
-3.781367451700493820e+00
-3.937378701660989133e+00
-3.351106921798041594e+00
-3.334144068042043774e+00
-2.966238658058669042e+00
-2.764887050417955905e+00
-2.716917166171139542e+00
-2.084840279458758161e+00
-2.252373246209496749e+00
-2.030990648657175601e+00
-2.255622414731573322e+00
-1.826441650282526030e+00
-1.209510038562351175e+00
-1.354391660235739536e+00
-1.288490168368191746e+00
-1.467933331486995785e+00
-1.758385057794686457e+00
-2.163444399839525634e+00
-2.411272889178032841e+00
-1.833550610412326698e+00
-1.714837493052207007e+00
-1.102359249387392603e+00
-1.670496935628321911e+00
-1.496185306391575764e+00
-1.225996187930203485e+00
-1.067146318820061612e+00
-1.420396562499620208e+00
-8.382329665694079335e-01
-6.061801073811911023e-01
-6.949482752255632390e-01
-9.031413124897958999e-01
-9.880562128017883472e-01
-1.499236834951174657e+00
-1.401983788549250765e+00
-1.258974702810367940e+00
-1.444842524367129677e+00
-9.784732999263259234e-01
-8.100858121561407277e-01
-1.309650493773052204e+00
-1.729414152341236077e+00
-1.722665549596118506e+00
-1.182245141423192702e+00
-5.813596423746335562e-01
-6.983764931283731325e-01
-7.100296105574728234e-01
-9.207229166707762147e-01
-6.684440549819412603e-01
-5.630652778718328033e-01
-3.474057994008237227e-01
-3.519509176832640307e-01
-2.644999788948459996e-02
4.953408057098967476e-01
-7.938801442724979784e-02
-9.723441946742129860e-02
-3.497199563712928838e-01
-5.265566854593165536e-01
-7.792930032497242809e-01
-6.002775546854718369e-01
-8.253681923706464030e-01
-7.475853167130814825e-01
-8.935270762261791067e-01
-8.208832668955828860e-01
-3.578781681180935870e-01
-5.445076453768886715e-01
-2.023967725221323399e-01
-2.418036900230444153e-01
5.600515942865536001e-02
-9.421898584395224652e-02
3.134253505704527321e-01
4.228595583257929724e-01
-2.944622913942607223e-02
-9.840093692411307214e-02
6.723990914218420656e-01
6.582798371864191367e-01
3.445831503350207381e-01
8.196492297433506380e-01
2.334458776988741491e-01
8.496992827764348055e-01
1.084904259383465908e+00
1.070270915845154214e+00
1.483789182848217258e+00
1.455778126414368101e+00
1.108543128891747109e+00
7.725107432977671440e-01
5.875902267899066889e-01
7.840528949673659653e-01
7.420814895473158979e-01
8.838029063089030135e-01
8.998121535119950609e-01
1.011315099603114387e+00
1.427001846573039634e+00
1.617864061396985464e+00
1.788498181069564819e+00
1.666445234435499634e+00
1.567502710359909512e+00
1.483667266464923973e+00
2.154715196743922423e+00
2.127795948470239118e+00
2.199045995037359980e+00
2.455415329878161579e+00
2.455163143730271891e+00
2.615305509076761847e+00
2.293034782696980578e+00
2.087056406961275368e+00
2.033674064281391303e+00
1.302312131336327283e+00
1.364866706388035755e+00
1.484389945184441784e+00
1.753849881919094411e+00
1.807780833769836004e+00
1.794138359296359564e+00
1.751143803221358874e+00
1.413014505178969982e+00
1.293757993046543708e+00
1.842187145772847590e+00
1.700383980735428180e+00
1.972958159831202929e+00
2.232601326638909089e+00
2.455858537653055951e+00
2.365661088499481313e+00
2.189258962298823441e+00
2.716026249128221881e+00
3.092128297737505083e+00
3.108917420410217236e+00
3.243896929712759558e+00
3.009268144024509262e+00
2.548400260545958140e+00
2.611882040139283490e+00
2.576590404739950824e+00
2.424252092572162898e+00
2.470689864417761950e+00
2.543515135193438415e+00
2.517757877739640548e+00
2.419801502400714455e+00
2.613329667746285168e+00
2.217813903970765832e+00
2.261646204238813684e+00
2.691065993079824636e+00
2.478528832421135863e+00
2.801929387552682726e+00
2.509971375908448543e+00
2.306203326949746391e+00
2.323389852887121965e+00
1.912933232766272695e+00
1.773522672758484742e+00
1.610984230991768129e+00
1.685315803093102582e+00
1.277588426661609544e+00
1.480648729430287913e+00
1.422938637495019920e+00
1.188075310222566072e+00
1.495366165941534708e+00
1.365976192133209421e+00
1.458977616534622879e+00
2.127623017121648807e+00
2.457679631037606338e+00
2.249217642831898623e+00
2.202313875237229546e+00
2.842913707932918754e+00
2.055857122271256276e+00
2.544719760080102589e+00
2.416440763673540992e+00
2.413818408233217028e+00
2.653735731450853841e+00
2.604962236545699028e+00
2.672436651861200385e+00
2.944407520810223389e+00
3.475958228503483127e+00
2.824537385548285151e+00
3.047863889476295718e+00
3.236839386911279259e+00
3.663300859991829306e+00
3.686729269760840477e+00
2.952411668727655147e+00
2.770471372002637711e+00
3.213789140741774908e+00
3.405284097657442555e+00
3.259175974186409253e+00
3.292089730791175395e+00
3.412181113178117009e+00
3.540716028659401271e+00
3.344241950820195708e+00
3.113769662496290280e+00
3.437432132331287971e+00
3.809908049713112810e+00
3.860785416476324894e+00
4.078020453128834433e+00
3.830690717741856322e+00
3.799967809773131311e+00
3.918437360018828475e+00
4.190228769106028039e+00
3.998399324964573065e+00
4.545219460905896014e+00
4.683258131599302487e+00
4.811914763653762250e+00
3.876462371849461519e+00
4.010030263824492458e+00
3.881548248197569162e+00
3.907424048639886127e+00
3.517653864002416420e+00
3.528628713713854559e+00
3.253704229619243549e+00
3.074951000287361236e+00
3.095034764756284140e+00
2.825063416721361964e+00
2.760687135624487532e+00
2.990662345115174148e+00
2.366173872862689098e+00
2.284007396505003840e+00
2.373211538916263574e+00
2.546857727155396489e+00
2.796445196926969246e+00
3.030333203783022178e+00
2.828694502140279621e+00
3.127994398690377320e+00
3.178188741366273717e+00
3.494636042594973180e+00
3.935300512602424305e+00
3.913877429613284775e+00
3.871362077330980700e+00
3.564993282590861234e+00
3.479241873570237065e+00
3.565220055775752073e+00
3.305943862982379411e+00
3.350308698737502588e+00
3.605890703393273000e+00
3.064893923000250986e+00
2.908704825581277298e+00
2.730464606662233340e+00
2.299701327268933060e+00
2.165762872354488167e+00
2.070636146505954844e+00
2.048455594406633384e+00
1.683558912658156270e+00
1.651229007630832912e+00
1.714074540517141365e+00
1.348941857192809790e+00
1.338004889930418218e+00
1.063244979762403952e+00
6.309773739096680156e-01
5.723883210643422315e-01
5.563214600872059545e-01
8.024517884428679082e-01
5.180631108158332276e-01
6.422519022519574960e-01
-9.353497979642266813e-02
1.015460002561855701e-01
1.545555550420833202e-01
2.667450793984610380e-01
1.794013559619773712e-01
-1.302149414346371326e-01
-2.262320403121082513e-01
-2.358385716124476172e-01
-2.765546198457868865e-01
2.096832995499754992e-01
4.341968121040191697e-01
2.795372477000040989e-01
9.986062975953199916e-02
4.407463733492640312e-01
6.667091604582461306e-01
1.143444606207536074e+00
6.685842808461153197e-01
1.036180517995472172e+00
1.303380498020751066e+00
1.479242353178411573e+00
8.939862600313968066e-01
8.381079868731640126e-01
9.692097094976924732e-01
8.317056187718060434e-01
1.078737207143239063e+00
9.707054436885754756e-01
1.244465577595077921e+00
9.774882648923799433e-01
5.080641288090430585e-01
4.831566634622353473e-01
4.313919829189306610e-01
8.891585417072935815e-01
9.593557498441480647e-01
4.023541214633438168e-01
6.419138299609025156e-01
8.952316723175902657e-01
8.613328028915868684e-01
1.746569229962251502e-01
3.953723165632431202e-01
5.258795568885572536e-01
1.263934483018528954e-01
1.616408608831114146e-01
4.752690851881771761e-01
-3.253890325836729658e-01
-1.054501515634287956e-01
1.174673919528212429e-01
-3.326737412707150288e-01
3.073379880100290951e-02
-9.289143650490433446e-02
-3.185627834312928508e-01
-6.061719676546706292e-02
1.115374798479623342e-01
2.167008739101703163e-01
3.137635508890933567e-01
3.733797013426981004e-01
1.046420185189620433e+00
1.112120112886636258e+00
8.796934454946960802e-01
9.340387667491887314e-01
9.247598305414492792e-01
3.634833934766942276e-01
6.127148522244145745e-01
2.874374220964515114e-02
1.013245548044456462e-01
7.631875562080212005e-03
5.421703185186498297e-01
1.085692418426265737e+00
1.116135019230086067e+00
1.463985512132683242e+00
1.001951969330632464e+00
1.130023578850861687e+00
4.445731058066311192e-01
3.728853913912121287e-01
-1.394421125096476644e-01
-3.471657552259297952e-01
9.474759011145306165e-02
-6.788329730546144303e-02
-3.311581423973528615e-01
-6.983835961347975019e-01
-1.073910388593314336e+00
-3.301140058049117920e-01
-3.033146746953581108e-01
-2.522845477103169420e-01
-1.319212828150045091e-01
-2.530625218653406172e-01
2.518683287138178128e-01
3.835096754250078011e-01
1.608964802471208322e-01
8.132760218900494387e-01
7.780800478931649833e-01
7.733848544465026231e-01
6.003785374463690427e-01
3.821164596605572950e-01
4.127469988372473031e-01
7.047828368011999078e-02
-1.474635877947629015e-02
-3.317602663132925012e-02
-2.814870891024427446e-01
-4.925684036969635304e-01
-1.860947941801548433e-01
-1.559513346094910935e-01
-1.392229510780333135e-01
2.255230931007682627e-01
2.843255473290909885e-01
4.203037488731921623e-01
9.119990098126661282e-01
7.916701582000140736e-01
1.220277071183659245e+00
1.227090747490171330e+00
1.346656649414069040e+00
1.728003196134713093e+00
1.469595050648070389e+00
1.128385706234836583e+00
1.003962615081886112e+00
9.629281406630230133e-01
1.262425232899979655e+00
1.187266437539024722e+00
1.540512142185772149e+00
1.639726938796710831e+00
1.809212182812594216e+00
1.872564641540720443e+00
1.596744183227431613e+00
1.500084665677020812e+00
1.679058869288883926e+00
1.797222196596233168e+00
1.666487497717372035e+00
1.532897677421239502e+00
1.746617249536026151e+00
1.752001375567983299e+00
