3.156083434128332588e+00
3.305509848079585922e+00
4.265668530145480197e+00
5.009157430189548066e+00
2.381563875346140779e+00
4.591050194198281531e+00
4.521642220908114851e+00
5.622915074095304888e+00
3.922104416562231410e+00
6.071281730068226246e+00
6.784667805805023377e+00
4.703633856585253348e+00
2.739607847191213530e+00
5.805643659540726809e+00
4.360614667796068211e+00
4.425095260135110564e+00
3.480045220193873412e+00
4.186950273762880315e+00
3.929686365745289400e+00
4.431200428544761927e+00
5.453133197765110296e+00
3.965349331339805161e+00
4.020970355341571434e+00
3.968138897255238273e+00
3.078730629755766834e+00
3.663190272466728903e+00
4.820212037354908219e+00
3.572884332976852040e+00
3.001753359708787539e+00
4.285749817473260670e+00
4.107540887242450367e+00
4.994903783208055614e+00
1.833698200712633231e+00
4.166514358826144182e+00
2.925283128549331924e+00
2.137407976330955250e+00
4.335035866009648409e+00
2.411921646837073219e+00
3.386699438942821772e+00
2.352699185560719108e+00
2.623564467211132900e+00
2.781961232273147733e+00
3.288867034589312954e+00
3.704882404296333753e+00
3.396820153388310892e+00
2.074802524279171223e+00
2.242472364872720725e+00
1.982337621129197869e+00
3.518322063142898415e+00
3.254647955604820009e+00
4.885594817001478241e+00
3.052330913601249307e+00
1.304416189235514834e+00
4.740109498017496925e+00
4.617727190835399398e+00
5.408554697910473941e+00
4.961426910531545609e+00
5.677991147976793940e+00
5.475630885563844252e+00
4.110471494799508463e+00
4.162431439104211428e+00
6.263795902280564931e+00
4.754506512528690720e+00
4.368307165072707221e+00
3.992508864245631450e+00
4.443924462118627794e+00
6.095944497565405129e+00
4.539221046812320637e+00
4.214060457183023800e+00
6.768844721845149515e+00
4.890609509905313956e+00
4.418482763760235521e+00
4.526701407158705059e+00
2.547606129600485936e+00
2.696893946127843389e+00
4.053917334602906486e+00
3.882738709878185368e+00
4.936972336950955054e+00
4.703374364729678625e+00
6.637377906067966293e+00
4.897738864423898164e+00
5.616131583756781787e+00
5.357020919122168046e+00
6.029548997335352212e+00
4.764962525722679310e+00
3.060737261794447495e+00
5.327102362877151442e+00
5.459068843776324620e+00
5.603095538831246003e+00
4.096650256767544462e+00
3.993830630559725758e+00
5.865636703625506598e+00
4.402396805782319511e+00
5.763818992189404078e+00
3.491422907873492409e+00
7.340023015909684645e+00
4.699011537646262227e+00
4.456276519891291699e+00
3.630959698109747169e+00
3.888921088319981401e+00
3.501896691061233469e+00
4.553036927876619622e+00
4.672940316955805251e+00
4.642106363426268700e+00
7.782945428378750918e+00
5.823181770902863263e+00
6.166666310502314730e+00
6.266224074059959293e+00
6.237233315973203851e+00
4.468535061132339337e+00
5.280150357472151335e+00
4.069674637021202912e+00
6.048589434306490098e+00
4.249836816161467468e+00
5.679225060059718722e+00
5.043080950804535334e+00
5.568649554119341261e+00
4.822448580112151717e+00
5.055018201637913045e+00
4.709467737331214821e+00
5.174777436038180412e+00
5.641554424787036837e+00
5.130845973322365694e+00
5.806052344899574003e+00
3.702592031483820101e+00
6.396206411904231004e+00
4.392124871851196488e+00
5.668387249926698956e+00
8.211745142766536887e+00
5.506702918481805042e+00
6.464251379457929048e+00
5.616623165812493212e+00
5.969950913447828356e+00
4.672830935265626096e+00
4.394916634218845708e+00
5.186885635429852037e+00
4.699845242058594330e+00
4.403354830684649279e+00
4.681114412742675590e+00
3.862852149876555785e+00
5.566468262504965736e+00
4.188398344790430272e+00
3.653597976105225520e+00
2.345189953960951090e+00
5.211425428514361080e+00
5.362705408811805796e+00
5.336746286374034476e+00
5.735355762420215164e+00
5.442676524009339545e+00
2.956844843082824248e+00
3.893249027622276870e+00
4.407208501662892353e+00
3.168580613196914086e+00
2.766600491304489928e+00
4.301971306585908650e+00
2.615138783054698379e+00
4.683150028217424321e+00
1.937878018467415808e+00
2.603335522992236140e+00
3.753097564033918587e+00
2.601928392848122051e+00
3.161093055309337707e+00
1.918841571668233215e+00
2.093266373314228268e+00
3.300541812362177918e+00
1.383883078348125295e+00
2.683427630354450422e+00
1.830187771429646837e+00
7.306045759759167701e-01
3.009237939837704712e+00
2.540249730977587106e+00
1.842737550669260926e+00
-2.737389591326455651e-01
1.444857246004315421e+00
1.339551079727794303e+00
7.841038417793355642e-01
1.119902800664105413e-01
7.273108254308002785e-02
8.025692743708887633e-01
-1.385806417865103057e-01
6.754140734806739488e-01
3.542015491144256956e-01
-6.188162796212433037e-01
7.892561399581232706e-02
2.372042565409572923e+00
1.697900715851340614e+00
-2.643920696451669272e-01
9.040266014581828102e-01
9.106458516226538791e-01
8.070104451434532145e-01
2.549490374481586219e+00
1.654935980958421204e+00
4.128634881405272239e+00
4.444340969130951002e+00
4.477131197812610708e+00
4.418642144610387845e+00
2.748896780156029340e+00
3.237341907328036505e+00
3.690795448584426541e+00
3.630752885708401934e+00
1.304153106282722074e+00
4.218675201725313961e+00
4.392319435512534120e+00
4.854394353606545032e+00
5.334615951494565245e+00
4.890737801230168991e+00
4.273443048246903686e+00
4.416996427752217791e+00
3.727000064147672820e+00
3.727748566751823311e+00
3.574357109884710226e+00
3.249224027986407748e+00
5.494669125885751626e+00
4.216410117789687106e+00
3.183045284288086751e+00
6.055957281090734945e+00
4.291923301363811838e+00
5.342147693356752214e+00
4.750893072677877527e+00
3.672358822280230584e+00
4.814661556271015996e+00
5.009446102095227893e+00
4.459781211768287790e+00
3.053593473512306034e+00
4.732393457017900928e+00
4.825237682870527678e+00
4.217846315724790074e+00
4.469027463977469417e+00
5.900269855653175632e+00
4.347939384139292152e+00
3.687630451575406365e+00
4.321326510988489744e+00
2.511967736116611061e+00
3.175434927969305932e+00
3.286631391225128151e+00
5.702429163888906416e+00
4.217459176748667993e+00
4.013560262956202607e+00
4.346928884054348075e+00
4.872874100026909794e+00
3.128341409419374664e+00
2.405296443304360210e+00
3.670479922197777967e+00
2.399281656206027513e+00
2.071482932226894391e+00
3.575540481289804173e+00
2.439206626125153043e+00
1.266240108315348945e+00
5.605626393436752508e+00
2.839555811421184295e+00
2.976983054485530023e+00
3.786353485147389897e+00
5.452744209861497993e+00
2.829661536996613158e+00
1.855494641951619617e+00
1.816930411596471284e+00
2.861744047513434364e+00
3.168051176060948659e+00
8.389030194591691192e-01
4.528547375899281136e-01
2.417912709351821565e+00
2.633786949268528854e+00
2.726143577518596928e+00
3.076025293406522643e+00
2.218429485797274392e+00
2.185028669339790230e+00
2.463189786450858954e-01
1.019385701972932878e+00
2.421712662359534196e+00
8.659116974052594173e-02
5.092416550624490057e-01
-5.944288449276466935e-01
1.641026253290378101e+00
1.775048198811922440e+00
1.714936594247912893e+00
1.726432237746442944e+00
2.113861436203758437e+00
2.695757310360629599e+00
1.088122185945228360e+00
4.053626472670845970e-01
4.617410898718715018e+00
8.201780416897408443e-01
1.451006316429288567e-01
1.195159791016231932e+00
1.699975237151998719e+00
7.257375087896709154e-01
2.387705863386587524e+00
1.821270976810467346e+00
3.670411769113195000e+00
1.667611777304240039e+00
1.644693523448703232e+00
2.706318546373749800e+00
2.210608251505184807e+00
2.326684348044916195e+00
2.685626099336158035e+00
2.706276252754508782e+00
2.761706481403837898e+00
5.104620630739225007e+00
5.190197204659789065e+00
2.919857410408017273e+00
3.597014874121954975e+00
2.296986989468322804e+00
3.306203177509180691e+00
3.013669686525067171e+00
3.529034499501463085e+00
2.954494648967079584e+00
4.480947800917078894e+00
4.844886374309094634e+00
3.375994675178556115e+00
3.636180545574173362e+00
4.217725775168687186e+00
2.870033674950541958e+00
1.563191505069095211e+00
2.627681434830586582e+00
2.675438990579622534e+00
4.698793317124787094e+00
4.008535827523152406e+00
5.148623980844935666e+00
4.008513909249026952e+00
2.712658535712441310e+00
4.691517705140733518e+00
4.485466370838171457e+00
2.948666489262365964e+00
3.735819398336690078e+00
3.925035514060859931e+00
4.907570120081576448e+00
3.867379691986194246e+00
2.640663668942739406e+00
3.998983891336007623e+00
4.132270840215646501e+00
4.645808118127815689e+00
3.218084243510111353e+00
3.845562853022133076e+00
2.778593792470085422e+00
5.335473270726430073e+00
3.999882432082943584e+00
4.240523141272961816e+00
2.801410202274158490e+00
4.034448968135154523e+00
5.151347781362968448e+00
3.157984528199166974e+00
5.935097677067776800e+00
2.125333778693953679e+00
4.874391119746597667e+00
4.963671664153660679e+00
4.957102362210810576e+00
5.526751320132520462e+00
4.264797543867165253e+00
4.763507032975914157e+00
6.820732989052380901e+00
5.887224540272260498e+00
3.298469906281152220e+00
4.343805802981326458e+00
4.946255379771819172e+00
6.918625972032362625e+00
5.917836266902078535e+00
6.674282813593166885e+00
7.530595872729447748e+00
4.524275916618913485e+00
4.260930692338414261e+00
5.539968720885975806e+00
3.732750016889732514e+00
4.148492369311899353e+00
5.508656053468239833e+00
3.836093557320471525e+00
4.168507659049033087e+00
2.989185810138423882e+00
5.952553625019564976e+00
4.300516448895028709e+00
3.950524321991446541e+00
5.607594985705664392e+00
7.951666533747085097e+00
6.831552828074767270e+00
5.104831052440601091e+00
7.255467504495403119e+00
6.014278147503614669e+00
2.655078078739621539e+00
6.959115675450574301e+00
4.061451310935804138e+00
4.780478576835940352e+00
4.659613182792158526e+00
3.546927515571301370e+00
4.544933820965846749e+00
6.028148704791600920e+00
4.013716541376452618e+00
5.401857025688717506e+00
2.946745728602547132e+00
5.817887834937395475e+00
7.205478221537918060e+00
5.892213816635991641e+00
6.510682141050375904e+00
4.295103457925589119e+00
5.356403942606364765e+00
7.557750067748712830e+00
6.644256647171450147e+00
6.736983568693725388e+00
8.047467495267476068e+00
7.281756111610144799e+00
5.975399777719639260e+00
6.121835950670762472e+00
5.516244122156541252e+00
6.478505709177464489e+00
7.123039037647656002e+00
4.699340044665007987e+00
8.695665111219547327e+00
9.414439903097964191e+00
7.243503798150204176e+00
7.322423865478482341e+00
5.315529122056850575e+00
8.112419686996373613e+00
6.839623939556521037e+00
6.763472076139670719e+00
7.934705386045593833e+00
7.529306063330544418e+00
6.895676514605730389e+00
6.763926125223250096e+00
8.280613074481635749e+00
7.306240989811409570e+00
9.347182948082531695e+00
9.306866987548225723e+00
8.528338771429712750e+00
9.827708180385821279e+00
6.343302317195684381e+00
7.521183614599953771e+00
6.918160922424013037e+00
7.948444779935037730e+00
7.883318274589924179e+00
8.821730148880003952e+00
9.790377042828593446e+00
8.772934351403890219e+00
9.990877084918949436e+00
9.191766157542431870e+00
9.077452150332852909e+00
9.016814939822236141e+00
8.153776621205384600e+00
8.280078542275251863e+00
9.280986392861898082e+00
8.673426312218381895e+00
7.399744649752666881e+00
7.740677707720312384e+00
8.561190286979865505e+00
9.959279538065434423e+00
9.187791284014966919e+00
9.182084978967463229e+00
7.905272108671027809e+00
8.172161905166447582e+00
8.457288375886266252e+00
9.252657077729654844e+00
9.532315662678509938e+00
9.119021296430762646e+00
1.048146584727023445e+01
9.778166443210789538e+00
9.616743068730880140e+00
1.091527291805894251e+01
9.868778072963841907e+00
9.772190289304473865e+00
1.198047302959820115e+01
9.622902712390605018e+00
9.824073212299037294e+00
8.998786669358201706e+00
1.046555224713079468e+01
9.011802907424149467e+00
9.752029011161468475e+00
9.243373698425873641e+00
9.860126339483283431e+00
8.734916339887204728e+00
9.296705038907703056e+00
1.003289549278897752e+01
1.040940298371581463e+01
8.115916381325858353e+00
1.193553634369562033e+01
9.025160502420380482e+00
8.855137195535270678e+00
8.055479898208947276e+00
9.267258604973420688e+00
1.084898567304689365e+01
1.044053922043364047e+01
1.060890540108455049e+01
1.128050534469649691e+01
1.131655884933598344e+01
1.089501266199470919e+01
9.323281296104202198e+00
9.363163730846649102e+00
1.069480561840825672e+01
8.682706026425410784e+00
9.168553306054359808e+00
9.617891397649875884e+00
1.052937158952627605e+01
1.041766052527287911e+01
9.664362918962440929e+00
1.132128381740995060e+01
1.023514825900086578e+01
9.358958267698319844e+00
1.119108625715803385e+01
1.051345237506382801e+01
1.150113145290510275e+01
9.630486616416096268e+00
1.029582600057739583e+01
1.152365851985828016e+01
1.050750712767146844e+01
1.098774475984164667e+01
