-1.349330214837278150e-02
-6.401899950350836699e-02
-9.896697260640588412e-02
-3.708436760399992371e-01
-4.825773570858930550e-01
-1.761913643651785155e-01
-3.194191655754046733e-01
1.801237934019004339e-01
1.730987463594284015e-01
-3.141382550964103015e-02
6.009569607694070781e-02
-6.824006258667678626e-01
-1.158184752326293587e+00
-1.142210739802438368e+00
-5.611951808075581472e-01
-3.147226215435691699e-01
-1.015266428515411157e+00
-8.309858790291891895e-01
-9.463779135377611285e-01
-1.408612804184572020e+00
-1.746215566144678544e+00
-1.866243251395187874e+00
-1.834879928140147554e+00
-2.037404253329262449e+00
-1.961519305524420220e+00
-1.848212343988704820e+00
-2.227359352648441426e+00
-2.381344182197295378e+00
-2.443379890646024233e+00
-1.949467544956286602e+00
-1.601021612817895567e+00
-2.118886045073921309e+00
-1.959946699174867746e+00
-1.802333473823743537e+00
-1.881691772381732353e+00
-1.907056057872225097e+00
-1.395133632372019816e+00
-1.694819243796040098e+00
-1.593672842668303113e+00
-1.793498711764178521e+00
-1.564781570107052877e+00
-1.506509491571770720e+00
-1.762297919266930801e+00
-1.283609084880058981e+00
-1.908324361848213302e+00
-1.656211303275407110e+00
-1.888056765761616296e+00
-1.779747083003670349e+00
-1.687805671031147980e+00
-1.738748515024903352e+00
-1.604893934799140220e+00
-1.589947221495454421e+00
-1.397713077210384069e+00
-9.555278526539904282e-01
-3.898953632244306355e-01
-2.176639855915621369e-01
-1.529512649530118673e-01
-2.730461083776131170e-01
-4.146506676782128475e-01
-3.120745048933761812e-01
-1.925205715378002780e-01
-1.524439109911701618e-02
2.423557201629079616e-01
2.281696198098834560e-01
-2.912532746614274193e-02
2.709068092324438126e-01
2.275502005020603735e-01
-7.088316985742779686e-01
-6.200658192440151595e-01
-5.667304330539042478e-01
-2.731144877557806772e-01
-4.972836582688416884e-01
-1.012715008952037365e+00
-1.327779240896726609e+00
-1.185200309278543696e+00
-9.659399721251492599e-01
-1.381413988235293600e+00
-1.319479896117075501e+00
-2.497926608617557775e-01
4.887459050111245817e-01
-4.326781728978923436e-02
-2.678802369911302828e-01
-8.819243996171702293e-02
-3.565864514045280487e-01
-1.241121016654968545e-01
-4.506913345508168911e-01
-3.489193104894477981e-01
1.757332245004211702e-01
5.607424944662555699e-01
4.984233767680090743e-03
-9.341030708318454057e-02
7.412166253240504155e-02
-1.128369339932222271e-01
-2.644988273596758921e-01
-6.799946296450749550e-01
-4.833572927047736778e-01
-7.022825881792408298e-01
-6.122202162069220188e-01
-8.143622939065155997e-01
-5.573392399387409046e-01
-7.082294892194227476e-01
-5.087291511186551318e-01
-4.768121160711571438e-01
-3.924243579381859748e-01
-3.230709616544885643e-01
-5.523505804610224779e-01
-2.610992052315475598e-01
1.760811906582550601e-01
1.102535874896826140e-01
-2.682803780668900906e-01
-1.608882720390580889e-01
-8.057857007429825025e-01
-4.736738524696960106e-01
-3.957411510290099743e-01
-4.208058656751673676e-01
-1.760243372225090697e-01
-5.014385273327978121e-01
-3.660022592138942876e-01
-1.345590873415781208e-01
8.318582316774625340e-02
7.994989023678258921e-02
2.961005827197189522e-01
1.986102596291546285e-01
7.038217800598713936e-01
5.530246254350468238e-01
2.553466666165268850e-01
5.368724201446137267e-02
5.635673609455672528e-01
6.431445454241313531e-01
4.142774365024968763e-01
9.838797163780771404e-02
2.999176618083187473e-01
5.635996642005991486e-01
2.883345990840035511e-01
5.714173501202262084e-01
5.983881013426995965e-01
9.156271989454789484e-03
-1.652379329259060503e-01
-6.993393025341466951e-02
-7.099908391765269444e-01
-6.178073152500238585e-01
-1.590666840030481866e-01
1.728335829785254685e-02
-9.826950198408455905e-02
-2.485277519324147755e-01
-4.923569040739116387e-01
-6.684735267951310567e-01
-4.369338625076044647e-01
-7.848080058470745524e-01
-1.105541737144840830e+00
-1.301259215452861717e+00
-9.417306413089558959e-01
-1.072524928467408323e+00
-1.193262319917990144e+00
-1.071860606025349050e+00
-1.632553908409331456e+00
-1.576471190910141207e+00
-1.858433497111216637e+00
-2.596071630168665489e+00
-2.596332165451887164e+00
-2.206466717359979235e+00
-2.268607643413417918e+00
-2.864969503290399011e+00
-3.002427347751420506e+00
-2.693815398700766917e+00
-2.692626003256472167e+00
-2.480461632069654421e+00
-2.790607570585132535e+00
-3.251253432178389247e+00
-2.940847110820815846e+00
-3.311239865479965516e+00
-3.724294420118706483e+00
-4.062266271979104282e+00
-4.319987554314559830e+00
-3.743229503099814615e+00
-3.864506989842177109e+00
-4.293497065566176829e+00
-4.517866426978072170e+00
-4.507526781131769411e+00
-4.558715469191819913e+00
-4.042565064457910751e+00
-4.567352839398187037e+00
-4.984437853262522644e+00
-4.404288591668072961e+00
-4.041435831530261424e+00
-4.404006370160538530e+00
-4.282042082407674144e+00
-4.163017825065368882e+00
-3.609409248256216785e+00
-3.513665283043195142e+00
-3.194599934304244382e+00
-2.661285473848080230e+00
-2.418548722686177488e+00
-1.920018263726373853e+00
-1.551750581235671778e+00
-1.574961415945218990e+00
-1.442823837489183969e+00
-1.133249749334990675e+00
-1.062796403976028703e+00
-1.609132830298657169e+00
-1.882283054318076410e+00
-5.689045501335412425e-01
-3.489455110153866224e-01
-3.431771606731469082e-01
-2.489652158772538149e-01
-2.638453605431339000e-01
-2.416467588622674967e-01
-8.207801950449503670e-01
-8.201473937616577947e-01
-1.236965772724068602e+00
-1.084333126773628253e+00
-1.142471602525080066e+00
-9.845707018342421124e-01
-7.943904542645623401e-01
-1.207696841984469138e-01
7.417855020990574144e-02
-1.998783513271134848e-01
4.209696276992308528e-01
2.811663898411821405e-01
5.491815589913604523e-01
6.679896253412087592e-01
2.181725778605669297e-01
-1.101825345017605762e-01
-5.347470845358176517e-01
-4.984266425467066552e-01
-7.446297663030282399e-01
-6.931707600149914494e-01
-1.025673528718624494e+00
-1.423098286952731995e+00
-1.596258996578734823e+00
-1.565234639116695359e+00
-1.968868745602018855e+00
-1.711225197893710526e+00
-2.000162909377906750e+00
-1.679156093486810608e+00
-1.265330203515496743e+00
-9.817975458005536726e-01
-1.108983276420262953e+00
-1.301248515756312285e+00
-1.648728955092469084e+00
-1.240339775183247228e+00
-1.772214804836063307e+00
-1.463785082588255904e+00
-1.558382428336108072e+00
-1.682974077056717643e+00
-1.590388099838749181e+00
-1.620714026994731327e+00
-1.960287273820964682e+00
-1.474273461956693509e+00
-1.302201550616757908e+00
-1.498590161880599236e+00
-1.329629317195642146e+00
-1.938193390646171022e+00
-2.408413914255673305e+00
-2.587737722534581675e+00
-3.072700103088006340e+00
-2.731510026764729648e+00
-2.959187294454301398e+00
-2.891828698744735693e+00
-2.992508878703790565e+00
-2.949509242639837492e+00
-2.891106979419281853e+00
-3.039668128306563410e+00
-3.165996000735268545e+00
-2.986310796948932644e+00
-2.874399110291929293e+00
-2.840673478782588024e+00
-3.424770502189836030e+00
-3.511181762302387543e+00
-3.685054381827487013e+00
-4.075693184170135375e+00
-4.145641553671679524e+00
-4.109439439549842810e+00
-3.962202678968344216e+00
-4.190972195468733119e+00
-3.840027283082084963e+00
-3.456582768188922294e+00
-3.270195699935507516e+00
-3.129925190924015332e+00
-3.125700674604337426e+00
-2.871495141646965621e+00
-3.537195016335341613e+00
-3.467381633562487853e+00
-3.333867781684909826e+00
-3.486041066347556061e+00
-3.850558194584549287e+00
-3.768860582744431476e+00
-3.370152326584237912e+00
-3.447586090697176253e+00
-3.596839129501541610e+00
-3.083695346032149232e+00
-2.770739478917508603e+00
-2.471467956279199019e+00
-1.877903418871520014e+00
-1.911314496803082852e+00
-1.629350153205737728e+00
-9.173803289344203415e-01
-9.268091479496929352e-01
-1.047934072656033999e+00
-1.061836991348858117e+00
-1.395979562397739571e+00
-1.330979660613378357e+00
-1.179419768843272598e+00
-1.892805239465617184e+00
-1.662326396967563458e+00
-1.167653558732369312e+00
-1.246457343886497870e+00
-1.657470993943882087e+00
-1.724161585668288366e+00
-1.370963898655444435e+00
-1.105621892869216305e+00
-9.918327617770437143e-01
-1.560166969268871551e+00
-1.962570874208839689e+00
-2.133860587100322448e+00
-1.760701966450681777e+00
-2.139605909776885806e+00
-1.998620509410186763e+00
-1.333431823616574308e+00
-1.169205771023275720e+00
-9.178423161196220814e-01
-7.381999496629401136e-01
-6.681975385083670504e-01
-3.395361938496990195e-01
-4.383420299485168981e-01
-7.093632195791186312e-01
-1.062716550087284384e+00
-1.339366114719618750e+00
-1.006218349037182547e+00
-6.994662886547888814e-01
-9.123508221426462894e-01
-1.275818090975168406e+00
-1.387051922496222112e+00
-1.652881655513847914e+00
-1.346909287083501772e+00
-9.070764748348341122e-01
-8.966159811880926034e-01
-1.484378672995650295e+00
-1.377735570996357239e+00
-1.142964175291307338e+00
-1.173677970881080945e+00
-3.496111342587665538e-01
-7.431822014752023087e-01
-5.806431840755122975e-01
-9.019463793690080111e-01
-5.637365590374289193e-01
-6.337079587924860924e-01
-4.812173984391143744e-01
-3.471772411847227069e-01
-5.770464573475377890e-01
7.352053964789773133e-03
9.034286552254468597e-03
1.080617592966692520e-01
-3.081374841746672977e-02
6.163940769468163605e-01
6.983100996493140089e-01
5.834741848815714338e-01
5.194290774489620510e-01
6.501723768041250962e-02
-1.860622857554292131e-01
-5.345614902788214939e-01
-5.079158724243520995e-01
-6.093926112904837211e-01
-5.068754728491052797e-01
-6.626101995008860657e-01
-2.723457119311915031e-01
-4.927192600120775534e-01
6.389078095320299688e-02
-1.536492872435979984e-01
-4.176526699910657614e-01
-8.769437009087960311e-02
7.300730339048548956e-01
6.758188665455265864e-01
4.445331733176683953e-01
6.416469992212769924e-01
3.206280051690256760e-01
7.677467377843305574e-02
5.489839220855432522e-01
2.680038323306382364e-01
-2.420284379888491544e-01
-2.983748231111089666e-01
-2.808175778146744239e-01
-4.231573139290208951e-01
-4.355123314213647512e-01
-2.705063957441628530e-01
2.493815498492850113e-01
5.880087863230345491e-01
2.801768469463011280e-01
5.496625461656813316e-01
4.904391501994350699e-01
7.956221195437532812e-01
8.240749602173949029e-01
6.700645140751445572e-01
9.220720570816964834e-01
1.155219502207341264e+00
1.320666911033418156e+00
1.341635493135275192e+00
1.584139507848120187e+00
1.944634856277666302e+00
1.972389410745452931e+00
1.882109782334250969e+00
2.070321797750567683e+00
1.921930271789428435e+00
1.898773399289321651e+00
2.275722006020425070e+00
2.528885243081044454e+00
2.402851039473126615e+00
2.530569083159202481e+00
2.540098408826136023e+00
2.625774424863718703e+00
2.251051149257493389e+00
2.434533545451847303e+00
2.620285647131844087e+00
2.650399054296488366e+00
2.869868344914114022e+00
3.000472446370902713e+00
3.114820063021764174e+00
3.419701182276768670e+00
3.304920672004290072e+00
3.132717622337073404e+00
2.839982172456220422e+00
3.180428410277423623e+00
2.741425074063059686e+00
3.147234252948154509e+00
2.962047058243801434e+00
3.166115047375315239e+00
4.024311213097965023e+00
4.013715368926136229e+00
4.045323346565125711e+00
4.103618929065064869e+00
4.233393591029985359e+00
4.107214283202067051e+00
3.969430965737252848e+00
3.831798112301553427e+00
3.841552557641223942e+00
3.546424443089990941e+00
3.568181676277107695e+00
3.491749116046765522e+00
2.810732555308216973e+00
3.143888721662621233e+00
3.676217568529306590e+00
3.484266155274504229e+00
3.748337290136008804e+00
4.086241206935982362e+00
4.237084619740002722e+00
3.780047102613620869e+00
3.840275014814975130e+00
4.106626624176902496e+00
4.011361000280628808e+00
4.058966630199184245e+00
3.944531338033490986e+00
4.164043059485508458e+00
4.573808452371681099e+00
4.378855235155356240e+00
4.768246847509361785e+00
5.373746375127971042e+00
5.402629296556565208e+00
5.300384636440282016e+00
5.371348501361730143e+00
5.591976752637917158e+00
5.630126111909258491e+00
5.246495883228641688e+00
5.416989387290442437e+00
5.094167528049903915e+00
5.139475037170004867e+00
4.838786795744569602e+00
4.538059114328303778e+00
4.341701874540556894e+00
4.184600156426099282e+00
4.068721666622741928e+00
3.706671847627188932e+00
3.948836647221424911e+00
4.413515736717391391e+00
4.576186527936666693e+00
5.046111281756235023e+00
5.231479366823960753e+00
5.413201616751366352e+00
5.110165637564688446e+00
4.954484666223837763e+00
5.050010119978225909e+00
4.972868734713667749e+00
5.561939364244506301e+00
5.344702447580779392e+00
5.151881840976413329e+00
4.901429967929998632e+00
5.032927728755187680e+00
4.863362721275455769e+00
5.368184650909107347e+00
4.892731554363946245e+00
4.861480023287096053e+00
5.258253913789165068e+00
5.651545150675585383e+00
5.566852690643658619e+00
5.915764204303624929e+00
5.750022264890994883e+00
5.850679178080183895e+00
5.995748963181219082e+00
5.856628682164910948e+00
5.616015400277762915e+00
5.160477673349098460e+00
5.348422767346389328e+00
