-3.614981181872883309e-01
-1.797265612509894306e-01
-2.159704416726828113e-01
-6.533200269305289298e-02
7.550395769443514205e-01
-2.401058001108849205e-01
6.359402018540303292e-01
4.366781145065959935e-01
1.250035675615420949e+00
8.832860643795648059e-02
1.665020119837603785e+00
7.125967589032791150e-01
-3.213890583556731073e-01
1.165629656345706255e+00
3.911238301448189958e-01
8.116112106383799318e-01
-7.118541916556386795e-02
5.219310719969996182e-01
2.162939757863284462e-01
4.018727160044840430e-01
1.719509137246516550e-02
2.114802914481867524e-01
5.075680659810608564e-01
1.350683136197967094e-01
-4.660667361877957049e-01
8.281881438667304529e-01
-9.042987934661357308e-01
1.244289125193966727e+00
1.102743105782913569e+00
6.400157491593108094e-01
4.925046139200561779e-01
1.379662961109583419e+00
2.482657200993977575e+00
2.983927730775384202e+00
2.255730655782471672e+00
2.210456261015571133e+00
7.972489063478632731e-01
1.199154711162366160e+00
2.755670478351941899e+00
1.219198801982412261e+00
2.042727509773721639e+00
-2.675350147205480811e-01
9.268229105897467512e-01
1.114593818902086531e+00
3.951425903348684820e-01
6.910741755332812097e-01
1.810471440152590927e-01
-1.088544339521106519e+00
-3.266458417757072130e-01
1.563783096157839725e-01
-2.000920774441072303e-01
3.605201217103561895e-01
-3.006679385279766303e-01
-5.495636337720295472e-01
1.000372645253092774e+00
8.385698375167043306e-01
5.586770180559692545e-01
5.903142420593147088e-01
-1.365431537308445797e-01
4.758343437024086797e-01
-2.906717471812246822e-01
7.297112333213895408e-02
5.896644952321132838e-01
1.125321284580585113e+00
-2.244548167261479765e-01
-1.926492665829804274e-02
9.185699066493377973e-01
1.016149142371281400e+00
-7.661148366037492385e-01
-6.269438715531601147e-01
2.643682885746326816e-01
1.429984900159507522e+00
-4.770366833623604919e-01
8.182502016129130640e-01
8.201101959917639350e-01
1.799101993535470401e+00
1.444341834024918336e+00
1.307308192503893407e+00
1.592892163087423540e+00
2.251002402049958384e+00
1.549540710186021020e+00
1.165667884343698724e+00
1.188725803412447934e+00
2.863039883890458714e+00
3.218293472491991380e+00
2.383691879133564395e+00
1.685184604688320764e+00
2.322027638534248872e+00
1.241884676961612755e+00
1.537453374859017341e+00
6.939470210659373084e-01
7.449660859743284513e-01
1.941862251812766615e+00
1.717612006171496786e+00
1.412282224202212166e+00
1.181191108216918639e+00
8.204423778756947394e-01
3.631057598406199904e-01
1.329875058670192622e+00
8.649523478489347106e-01
4.547376661550944776e-02
