4.300656948527600137e-02
6.923587506243306100e-02
1.901038768630199105e-02
3.549593503591988441e-01
3.071627817312025943e-01
1.082477534059516355e-01
3.604274639855196138e-01
1.834925300812133564e-01
6.693695169073365925e-01
7.108041231444032215e-01
1.101792552794097935e+00
8.274126925415543621e-01
4.020958951072854948e-01
4.606715979296469587e-01
2.367736450199743881e-01
7.123010632356451266e-01
2.799634203034658264e-01
6.343040535000482594e-02
8.655543864127346332e-02
-9.001067874275262004e-02
5.035680542107405788e-01
1.721658302560339915e-01
1.455818211845723575e-01
-1.746100887881004149e-01
-2.833965951614432766e-01
3.498491949180373983e-01
4.239160610946732244e-01
1.322208132837918271e+00
1.408277843994836687e+00
1.360566049409372980e+00
1.198584579303119346e+00
1.684855952541979951e+00
1.809180243713458092e+00
2.247042398661559304e+00
2.020417036495407714e+00
2.083807391942430698e+00
1.620854032130326416e+00
1.968180614123532068e+00
1.762510555851489746e+00
1.365866924949530326e+00
1.284135429392220251e+00
6.787588671283739661e-01
9.050948127889245631e-01
9.732038031256371458e-01
3.683963784106119022e-01
1.472093723205089855e-01
1.625653455563743910e-01
-2.435771160244080413e-01
7.925201205648343961e-02
-1.893181107297287058e-02
-6.070543523277251857e-02
-2.131816217869902108e-01
-3.047245191305248402e-01
-3.521671511035934232e-02
6.348517060189973193e-01
4.538553845768472095e-01
4.628787332176629299e-01
3.227224854832183576e-01
2.935619535304527794e-01
4.717101241765181419e-01
4.393583391119387782e-01
6.148554319423008563e-01
9.221611434886393122e-01
6.710838201032865991e-01
5.508448753406333109e-01
1.124730078985524351e+00
7.657188942975514667e-01
9.732194050779291450e-01
3.355529932605300081e-01
1.673511192784600810e-01
6.198858291768333251e-01
6.130357527459411315e-01
3.603470222305118487e-01
3.601636417117162203e-01
1.033777271207640069e+00
1.252284398354133632e+00
1.649742018301344926e+00
1.634380026820306586e+00
2.016578437032894300e+00
2.300699829029806853e+00
1.966458201412475404e+00
1.408102051050277526e+00
1.955485002302025155e+00
2.439017246397279237e+00
2.352216505587488182e+00
1.802926013602536681e+00
2.250740277636608777e+00
2.496125077782848312e+00
2.039938851225695959e+00
1.305478791503850822e+00
1.055347983440331205e+00
8.599903057091315972e-01
1.420144788736494190e+00
1.604688557370339552e+00
1.415017773473212337e+00
1.120120619953284269e+00
8.605083963840107764e-01
1.025687458514286110e+00
6.433976065407958078e-01
7.061596211838236936e-01
2.299579175524285035e-01
