4.592549386031709702e+00
5.514448921510515689e+00
2.623742465672003199e+00
2.827454491370239076e+00
3.342545428295013998e+00
2.821739980189269303e+00
4.559539084419931498e+00
2.835084329340704201e+00
5.960015006630589696e+00
2.730505718367693735e+00
5.778033737100154887e+00
3.352815707058762751e+00
5.723011754388604544e+00
4.679778122120558770e+00
2.807925038069447599e+00
4.927428708135703772e+00
4.590561321458354271e+00
5.368978679529424980e+00
4.329421660548090856e+00
2.293509946296468982e+00
5.565983191631799443e+00
6.078414327342354539e+00
5.277346954741443774e+00
4.857914327507018903e+00
4.216644852574321867e+00
4.775385639376505509e+00
5.898225939713728216e+00
4.061151253500740133e+00
3.571778984222989006e+00
2.106466886875046018e+00
3.620197883439015385e+00
4.528336970801405847e+00
4.957839750114971800e+00
4.010954135373173912e+00
4.581709521128821017e+00
4.204650892128851680e+00
5.803125219857861339e+00
5.078499292076609883e+00
4.469345407606692078e+00
4.672910540248401468e+00
4.274917627338252757e+00
4.299531032182782653e+00
4.308535486629808453e+00
4.401633007295314925e+00
4.530616968357973562e+00
4.597523468898142340e+00
4.840901101289498243e+00
6.900322035416095900e+00
3.500308893571113078e+00
2.717868407803592845e+00
5.937723829998608593e+00
6.605770992846236034e+00
5.915620666422292118e+00
5.811669250189838820e+00
5.166174402547137667e+00
5.823439433325328096e+00
6.284122998895096401e+00
6.041830188770768828e+00
5.527916370037440075e+00
4.891292639931860364e+00
4.992725428073890193e+00
5.218054687376127987e+00
4.614479700329255252e+00
6.587215193380584033e+00
5.375942538652556557e+00
7.174862495573281151e+00
8.427279818586400850e+00
6.269873082299972644e+00
5.781869183244326749e+00
6.342187206777832209e+00
6.786844441897338598e+00
7.209354267103572411e+00
8.869761910396634974e+00
7.972077462551834692e+00
7.745673919601703261e+00
7.458172387413103621e+00
8.953196166263024836e+00
7.806832248326137424e+00
1.005795822109597459e+01
9.135492458842069396e+00
6.403878296555801874e+00
8.120008497035435369e+00
7.698054855605571234e+00
7.714807001206773762e+00
8.075790060372288082e+00
7.957670735750904001e+00
6.270707048822668384e+00
6.495817900573504389e+00
7.016389511325447970e+00
6.722450168111393509e+00
6.161205044520885465e+00
6.135096235582466306e+00
6.838841519765231247e+00
5.680403959058635266e+00
7.493377812811329086e+00
8.000427665767903207e+00
7.574943137986005937e+00
7.100246898933131767e+00
7.244299682404431451e+00
7.457831866792473008e+00
6.406970268563245696e+00
7.999785270811303306e+00
6.747274186080460368e+00
7.456600383612251193e+00
7.510882219998062048e+00
5.052894905038690432e+00
7.041414279780733310e+00
7.129753225728787669e+00
6.556275944178489468e+00
6.800932951657587822e+00
9.416130803737306820e+00
7.720015799098721487e+00
8.721090915486707118e+00
8.042445430339274282e+00
8.507525143593422712e+00
7.834907184355008880e+00
7.387179966265077447e+00
6.627130779711023933e+00
5.443047951596376777e+00
7.481869010726262204e+00
6.508981292746371494e+00
6.397607005211272124e+00
5.420030393918927381e+00
7.730707586786461860e+00
5.979794331517315875e+00
5.761788702694820685e+00
7.556027321016614451e+00
6.267888235677850695e+00
8.425465783254267649e+00
7.745703412630687623e+00
7.203813686958341123e+00
7.748063060029540594e+00
7.010508100342636162e+00
8.380333780014940004e+00
7.340967033733424962e+00
6.011182742036139004e+00
6.488500836487797407e+00
5.112989054106524378e+00
5.386765609322011095e+00
5.650891051499677964e+00
4.915197667574179086e+00
5.605378873210243640e+00
4.816918672805817536e+00
6.333211306464786361e+00
4.159223868059577889e+00
6.147321501039785474e+00
6.465325075665354859e+00
7.064365728874875572e+00
5.424812406037659684e+00
7.441444754220062130e+00
7.743707004157194262e+00
6.676578775459610426e+00
7.598068234942019217e+00
6.409188232433868038e+00
7.580947006409600064e+00
5.384670709432292313e+00
8.691243373864201871e+00
8.493271659262177309e+00
7.974665070671651534e+00
6.865834841178716452e+00
5.865500885162579614e+00
5.783060394580767039e+00
8.103710391055308548e+00
5.139427475402024825e+00
5.413948123450548877e+00
4.696856719604790342e+00
6.305033676540817034e+00
7.525219411081058851e+00
6.756281381188333768e+00
4.843675017286695805e+00
6.149056181270355026e+00
6.823480940831746722e+00
6.776289400598707324e+00
7.961273340110849084e+00
7.608877615807394967e+00
7.400460808247878219e+00
6.081922363260034992e+00
5.882057222858271928e+00
5.296935290072115166e+00
5.857490945427039186e+00
5.347468024060113123e+00
6.127540921232290216e+00
5.773789054160069156e+00
5.741831002993992072e+00
5.507885843625970779e+00
4.231215784262205126e+00
6.079843872207665534e+00
4.414012890005833079e+00
3.690970262217279085e+00
6.470244629041282280e+00
5.873775927032450106e+00
5.133813691141034141e+00
5.606944509034668123e+00
3.333489485808788899e+00
5.306326541263564955e+00
4.625136991286058041e+00
5.943741260331436571e+00
3.068799794181236607e+00
2.738326557813821616e+00
5.719846817713094111e+00
3.348067972476534759e+00
5.266413265124569421e+00
4.815544690667284300e+00
4.586504872551961043e+00
4.802527057966097246e+00
3.294410573916302987e+00
3.201738582680371703e+00
6.293347658056821281e+00
4.676573712031202312e+00
2.977150328174535510e+00
3.469245141135004928e+00
4.054662004147012944e+00
3.012804021922802278e+00
4.118575865847557971e+00
3.895935731497794929e+00
5.486384421866190131e+00
5.700194722242025946e+00
4.795692884759962027e+00
3.716231694388450357e+00
3.696967862517248182e+00
4.338697198886597661e+00
4.278920670748303401e+00
3.330267971157598872e+00
1.104408602191685240e+00
3.506074999670339309e+00
3.718483153742579095e+00
4.346535718610724075e+00
2.395880527198298804e+00
3.036313549911273668e+00
2.892598026153725410e+00
2.670147145000518751e+00
8.974083419580169974e-01
2.730751334224930105e+00
7.503966048221406560e-01
4.385401107278044996e+00
2.503234979666105531e+00
3.214314504874129508e+00
5.510778470895552950e+00
2.059524988142515056e+00
2.692334150138149695e+00
1.654154580317928058e-01
3.494548970751189199e+00
4.090586979083977504e+00
2.071770115058563011e+00
4.640122990201624553e+00
3.027575569883467210e+00
5.008582073396398826e+00
2.324234786944143316e+00
3.229495598631364039e+00
1.441310264158583987e+00
2.412548788750097373e+00
3.327161030966011346e+00
1.971690012448174656e+00
4.675500819053546309e-04
2.834379649170838622e+00
2.959413165261253198e+00
2.562165514434279423e+00
1.302846946130280958e+00
3.310397450449221068e+00
4.209317530659395068e+00
3.577250787014997879e+00
7.013676767828149750e-01
2.484009312551305637e+00
1.843761068119597279e+00
3.120593980887623520e+00
2.106402408194236742e+00
2.890197049129837215e+00
1.131250824610093630e+00
6.580484591974977704e-01
2.990066990361262000e-01
7.467403525045757107e-02
8.808436353194659674e-01
2.401331295388006382e+00
-4.100325487164537819e-01
2.539778239689720607e-01
3.874014456741043944e-01
-1.071444233798326096e+00
6.347199523042323932e-02
9.621183022836099497e-02
1.796262695839789814e-01
1.694987635865024878e+00
1.470927756995589419e+00
2.343985639294694945e+00
2.907185960823168713e-01
1.622127441153714766e+00
2.320878270434589830e+00
5.257847578272542677e+00
2.301688528216136564e+00
3.808542671064727436e-01
2.419642929465279479e+00
2.240479994674747566e+00
2.803375688778598107e+00
1.915108879875794479e+00
3.974722257819938598e+00
2.640084983820722986e+00
3.441805579333929277e+00
2.900853712380520477e+00
2.307427673612457042e+00
3.498616048286574021e+00
1.897128407829034025e+00
2.574436705399471226e+00
2.639894209464074049e+00
4.350619523434264835e+00
2.553944268300166076e+00
2.562696229729585440e+00
2.000119538715756651e+00
2.328362944634656095e+00
2.274396307014377339e+00
2.770167057335846561e+00
1.913655638016343197e+00
9.465637679523069004e-01
3.540187674300337761e+00
2.328218110477910496e+00
1.006216934518819883e+00
2.251346454929047169e+00
3.285110802020440701e+00
5.549978289745851612e-01
3.343039285078628353e-01
2.388600825211320000e+00
2.783348832091440794e+00
3.181183013118164649e+00
2.722840531824549881e+00
1.040218636883632808e+00
2.999204309627260034e+00
3.087491062065303105e+00
9.918989927668526718e-01
2.471896902220061421e+00
1.250538377254442501e+00
2.716361123825060009e+00
8.053602846456038300e-01
2.214322145151352839e+00
2.014633571940460666e+00
2.366600320160663795e+00
1.665724375579491046e+00
1.043577423901546730e+00
2.095952518204323933e+00
3.462213584751441253e+00
1.575024394611485690e+00
1.040624974810691938e+00
1.561359192670491502e+00
2.436736174030157187e+00
-5.404051200535215926e-01
2.925159488334418967e-01
1.717968772596515592e+00
3.165561045846314148e+00
1.354697372019976420e+00
1.107371699808813670e+00
1.555023776545357173e+00
1.742719696922011341e+00
3.042315373482276541e+00
3.540809283992356615e+00
3.282452618977210523e+00
3.379047908004402689e+00
3.209745457927412282e+00
3.763128972666041960e+00
1.137255499962307681e+00
2.412435534627118905e+00
5.145928309298017922e+00
3.259227297553155989e+00
2.101420291913270066e+00
2.174298428967786023e+00
3.809936067528581383e+00
1.703241589808709655e+00
1.987553977251236503e+00
1.003513069272239377e+00
6.676934477575047211e-01
2.532762265417138003e+00
4.004573145225053921e+00
3.781907944364554464e+00
2.557557321925425953e+00
4.609222131661358191e+00
1.135215356725896463e+00
2.226990870350605167e+00
-4.475152907494868160e-01
-3.124491543654421832e-01
1.669494836410335026e+00
2.032956478320490312e+00
1.220076589153013646e+00
1.179851244332105864e+00
2.578957141364162986e+00
1.612455202395827847e+00
1.643567928978926673e+00
2.364661765545460259e+00
2.621408651400627399e+00
1.634569179049123466e+00
1.236844935699210613e+00
2.779850959410232303e+00
8.735415538489688103e-01
1.361336637494855673e+00
1.759806805931264151e+00
1.685979996368587308e-01
6.036062423070536198e-01
-1.081612796920747854e-01
8.203524270252460227e-01
-6.525155564737454839e-01
6.012920353078374802e-01
4.826390048931825660e-01
1.474329547526399331e+00
3.892069178146657649e-01
1.072756395850437805e+00
1.192729453707459975e+00
3.401809082798648021e-01
-7.995132337243422427e-01
-1.730920666205260083e+00
-1.517447576185242397e-01
-2.786011615152217402e-01
2.115481249251623730e+00
2.298699573219102454e+00
1.097245054696359912e+00
1.152972883369218771e+00
-1.911644420660771893e-01
1.345089009460405549e+00
1.724613121686203510e+00
1.977092390200254179e+00
1.409266414884641883e+00
1.451561554484519512e+00
2.134769515265651396e+00
1.534136809807737922e+00
3.758089225594343663e+00
1.680156520276761878e+00
1.870770568299056968e+00
1.732896212894140753e+00
1.755146481923124835e+00
2.343340507665579331e+00
1.276344165275606457e+00
1.656624984492025110e+00
1.191545777545623963e+00
1.167376539985190309e+00
2.792585473425460929e+00
3.632822341297136326e+00
4.188257329449698751e+00
3.757796213644146288e+00
3.611561391899245077e+00
3.573046505627968994e+00
4.022775230179293615e+00
5.621065555108703649e+00
4.362438533801489271e+00
5.438320490850905742e+00
2.653953502775987516e+00
3.904131951810458467e+00
2.316925645733024286e+00
1.994697016977362125e+00
3.311030413109087078e+00
3.048012429315857030e+00
1.945407150939621799e+00
3.040316110383830761e+00
1.775877450899676191e+00
3.806004209800511795e+00
3.135986775187254327e+00
3.001999058612147220e+00
2.285373945016714980e+00
6.918206001556725937e-01
1.363304097430575013e+00
4.409700469180898530e+00
2.897984547577611814e+00
1.004277027387574517e+00
2.747684864061753274e+00
2.400916459041240625e+00
2.234623692241088921e+00
3.367472711398517227e+00
2.239422699890297963e+00
1.901054179177980474e+00
1.758141140542743841e+00
2.915481730379963832e+00
2.327475223248213876e+00
3.203422542344778634e+00
2.428000906341934773e+00
2.745947325173071718e+00
3.821461731142828722e+00
2.820770183691556632e+00
3.690720243247604948e+00
5.487888787645116118e+00
3.207879048376987008e+00
4.407422039969709715e+00
5.146769206697374699e+00
4.141833373487699532e+00
4.221694425178837307e+00
5.595987467864411258e+00
5.403535999953386515e+00
4.498634827226406507e+00
4.409025290186632695e+00
6.746539546230573947e+00
4.129386554691631517e+00
5.095581302851514671e+00
6.036541095667263157e+00
4.714095381444382227e+00
3.367985631638437116e+00
4.694279972079723251e+00
3.842210078785613714e+00
3.888040445831284053e+00
4.889375789102382797e+00
3.063283413065088112e+00
4.294702019987909125e+00
4.718048062762242978e+00
3.801476733866969049e+00
3.609489778632107182e+00
2.951901071542502031e+00
3.310648815832711644e+00
2.495021209952822172e+00
3.868438070026937403e+00
2.819178817097596657e+00
