-2.773987901560001079e-01
-2.240133836703960546e-01
-6.497625049087770721e-01
-8.939945949326657537e-01
-1.332309603445054336e+00
-1.323630317328087669e+00
-1.186720402040790656e+00
-1.086247354435642576e+00
-6.586969083069549313e-01
-6.705234833064926958e-01
6.219483241558987352e-02
2.204373698442565754e-01
1.863856340165558068e-01
1.247762939547251149e-01
1.295499567845135869e-01
-8.690278691380642906e-02
8.548987053743711817e-02
5.908254247388933234e-01
-2.077317769482754928e-01
-4.930612707045694543e-01
-5.037677219114347071e-01
-4.086790390685695051e-01
-2.797605450295612139e-01
-2.962708397405476868e-01
-3.437283612274984468e-01
-5.718348583094310378e-01
-2.333606830734133997e-01
-5.117712744598283958e-01
-9.943039442685973617e-01
-9.143803760747988285e-01
-7.168854664309252112e-01
-1.059929882158231473e-01
-5.249564911758410890e-01
-3.182372523171486112e-01
-4.362287380936696879e-01
-6.408793281268565512e-01
-2.569047329086159848e-01
-5.498305161306643596e-01
-4.819437397529005018e-01
-6.342900924642647098e-01
-5.826767495803006902e-01
-6.594709033355800054e-01
-4.107445894617374194e-01
-4.140824217397552354e-01
-7.382713003909091576e-01
-2.800103070386461557e-01
-2.341994033365709105e-01
1.334106793600681740e-01
2.496087828232611550e-01
1.799989900812534183e-01
8.083697438535316637e-01
5.280450047074148889e-01
5.751030808487596069e-01
8.684768396370422527e-01
1.113278773989775594e+00
9.786702017448962732e-01
6.621950114395285247e-01
8.851271279014076843e-01
6.535396236378389068e-01
6.302713553964157667e-01
8.634394588675808890e-01
5.121805715354899036e-02
6.024451651867732682e-01
9.586444891905745447e-01
1.199507118674432382e+00
1.151108856062752261e+00
1.460642591292707904e+00
1.589377821379427624e+00
1.358306899836583481e+00
1.552888077118922405e+00
1.677597469153075282e+00
2.295087115487319807e+00
2.669495423469872453e+00
3.194574952785537825e+00
3.088984586695515677e+00
3.121403403477947425e+00
3.065509167006835511e+00
2.830757151288447737e+00
3.016646854420597545e+00
2.521379238497367226e+00
2.503074794621682031e+00
2.545254376962170273e+00
2.328750915853060821e+00
2.071514668772612477e+00
2.179792809261569264e+00
2.382626912243956063e+00
2.418733086725457060e+00
2.329310632089066413e+00
1.780758579685935317e+00
1.155721089833498638e+00
1.423190581666695653e+00
1.544763447505876242e+00
1.954429979377138915e+00
2.018886037645537979e+00
2.651799443173395332e+00
2.616538038586244674e+00
2.294475450096828961e+00
1.963611779358603870e+00
2.336152279312954327e+00
2.390552733710014977e+00
2.314722299614325074e+00
2.060234464675644084e+00
2.394423350106508419e+00
2.034042098954512934e+00
2.357402142952862434e+00
2.097860405675726625e+00
1.434447700523968638e+00
1.837687514000436284e+00
2.178069847123829561e+00
2.558420768222879005e+00
3.356917037145735971e+00
3.341302517507136915e+00
3.439180453845756436e+00
3.291969618792692565e+00
3.048432406027577812e+00
2.755782734581164739e+00
2.675407761737609746e+00
2.258197495968560897e+00
2.339378985366550978e+00
2.540910654058772256e+00
2.342936577483815341e+00
2.087051395813551924e+00
2.396039135410424237e+00
2.200580691390162880e+00
2.409989744265002898e+00
2.422096343887181646e+00
2.651462098075057394e+00
2.315921013208551038e+00
1.903138936902258660e+00
2.046119611474239708e+00
1.436511914683296087e+00
1.683863399672804295e+00
1.383336908353497874e+00
1.610663498014065276e+00
1.977501233617825038e+00
1.407397346370823588e+00
1.342329949428849867e+00
1.035436573680234229e+00
1.103229936429523050e+00
8.218791218057457382e-01
7.087365384865466078e-01
9.091129769791719273e-01
9.059724602285363915e-01
1.128532323590571540e+00
8.642512101222592502e-01
1.047002205397078445e+00
1.363997842424093054e+00
1.127148692974448085e+00
1.688457275825864468e+00
2.014655059304519824e+00
1.650543166522808747e+00
1.445247862373046921e+00
1.337233787806668461e+00
1.218547155570358198e+00
1.519261766971961247e+00
1.546907491488479058e+00
1.740092915833694631e+00
2.189883667631736142e+00
2.218738210303449865e+00
1.758804513033546568e+00
1.501968920561822962e+00
1.469857218712517399e+00
1.709109851209660969e+00
1.354018497954709854e+00
1.745799794381057257e+00
1.566401046753179038e+00
1.639991610674439215e+00
2.171368022846123846e+00
1.477810675073710334e+00
1.539912532887570684e+00
1.135291940956789869e+00
1.528913853950980783e+00
1.616067037446572874e+00
1.372710400491069294e+00
1.221720376519400686e+00
1.143072666248129199e+00
4.223003784336951671e-01
4.140837460581470175e-01
3.429152669033633249e-01
5.725288188839222636e-01
3.656756174933701864e-01
9.741576547868306957e-01
8.402994558004521775e-01
1.166634533621676573e+00
8.123539954901346505e-01
1.041288055669253865e-01
-2.785168321997434915e-01
-1.891397984252639886e-01
-2.347696804745467714e-01
-4.156100802524012039e-01
-5.497655009776222235e-01
-7.686442814196240425e-01
-6.103293011756469877e-01
-1.000569698627828075e+00
-8.790952879036930678e-01
-1.082177561952350153e+00
-1.166910245798195689e+00
-1.118407858531322185e+00
-1.083729349905663275e+00
-8.105905808966016313e-01
-6.121950175948479567e-01
-9.295946867653834822e-01
-7.818977826672515175e-01
-8.358960009920755052e-01
-1.063779256310948274e+00
-1.139524351239572519e+00
-8.952272495557472842e-01
-5.178884624948307813e-01
-6.494944514761344934e-01
-1.210921082697138607e+00
-1.250232830772022963e+00
-1.496410095342395330e+00
-1.188089241722611211e+00
-1.243219185282459449e+00
-7.884626783325257016e-01
-5.052073283274944870e-01
-6.107365429396371947e-01
-1.205126282392474435e+00
-9.835876527411614445e-01
-1.097298627054958065e+00
-9.810215860676926303e-01
-1.430508509734277345e+00
-1.466020442177597749e+00
-1.613603276926851571e+00
-1.749852720253188165e+00
-2.055256264821700096e+00
-2.409935517656634829e+00
-2.353771292831034589e+00
-2.364860088802859472e+00
-2.424777955255533524e+00
-2.125976476038351048e+00
-2.199821588544077056e+00
-1.750176811912134589e+00
-2.068784999243151734e+00
-1.764307832674647081e+00
-2.380451279572532997e+00
-2.251414535958539798e+00
-2.430008178652842687e+00
-2.500265875367237989e+00
-2.520951313800782856e+00
-2.219910557822482922e+00
-1.730024973131911725e+00
-2.000380369136559366e+00
-1.681452737679588250e+00
-1.541749626663502681e+00
-1.589947966087793985e+00
-1.402825546411751390e+00
-1.806104813493598860e+00
-1.717455550321132618e+00
-1.988501169939782987e+00
-2.112801595700630308e+00
-2.160935197556977272e+00
-2.462611174562848504e+00
-2.613657341710287962e+00
-2.199358621863980456e+00
-2.483725546304079046e+00
-2.323907948515323341e+00
-2.323959364277932149e+00
-2.204294296069890358e+00
-2.222463069835855620e+00
-2.530758805095456143e+00
-2.539315340317974456e+00
-2.771192158418660956e+00
-2.853627375567794555e+00
-2.981077141185532131e+00
-3.796574320562366545e+00
-3.618087035798293716e+00
-4.141759640369903295e+00
-4.357375955718259419e+00
-4.283135920237215899e+00
-4.426478281367013601e+00
-4.074544485278682515e+00
-3.858580902260301926e+00
-4.621439194676164597e+00
-4.954033832524038949e+00
-4.738525042350718586e+00
-4.497142037555278193e+00
-4.513241616158681246e+00
-4.149414392908245652e+00
-4.274555419695278857e+00
-4.574707787299957751e+00
-4.615012032983264234e+00
-3.984884183010482861e+00
-3.708366417527317438e+00
-3.623625156046939022e+00
-3.333479978997510251e+00
-2.921536980475309520e+00
-3.342336139188106348e+00
-2.912040607172373008e+00
-2.754916456111995871e+00
-3.055416938328105125e+00
-3.254023623770261775e+00
-2.758392525446633492e+00
-2.498620287643718463e+00
-2.568087464751534821e+00
-2.715317532914379495e+00
-2.288550719604930173e+00
-2.056448853328918247e+00
-1.888612664352196546e+00
-2.209147261982896460e+00
-2.335075845835020925e+00
-1.864270649746690989e+00
-1.877533601292837639e+00
-2.057265791899629992e+00
-2.610725062977913069e+00
-2.334638671321227488e+00
-2.867436133371511708e+00
-3.149726549304741052e+00
-3.276371876209901668e+00
-2.924669121652323511e+00
-2.469749752618374927e+00
-3.007228415321747228e+00
-3.042168087668151610e+00
-2.781427957216776381e+00
-2.895496570188289098e+00
-2.852853053920803461e+00
-2.884957217520056183e+00
-3.017037954918985854e+00
-2.832977504147237369e+00
-2.359808082429439846e+00
-2.556768793790622052e+00
-2.365417010386846375e+00
-2.921476255463538507e+00
-2.759813391402932137e+00
-2.257576352040431722e+00
-2.511746710516158387e+00
-2.815353245662849169e+00
-3.149790901676255750e+00
-3.062717334486903642e+00
-2.957646970230398242e+00
-2.792848874147392468e+00
-2.878069413658875586e+00
-2.960528457951021597e+00
-2.612207848008905486e+00
-2.630833807988192330e+00
-2.677414744493537224e+00
-2.829868427291502009e+00
-3.686304753430603931e+00
-3.520488239304401468e+00
-4.006685658839088227e+00
-4.263810696176788539e+00
-4.420512917282139576e+00
-4.496319484185486104e+00
-4.314659599876775609e+00
-3.664585683708254660e+00
-4.164313276769951777e+00
-3.918501433957556568e+00
-3.216190685788516745e+00
-2.552125874906419956e+00
-1.983605056034153158e+00
-2.118175104570720446e+00
-2.876426176582525418e+00
-2.359130673507583875e+00
-2.152288164324716035e+00
-2.680299415944291219e+00
-2.435255306931303210e+00
-2.541642307854839800e+00
-2.245426314106262478e+00
-2.166250050969442231e+00
-2.487438408433210402e+00
-2.809150950011853887e+00
-3.238222340467213023e+00
-3.413887271169643078e+00
-3.158060161056700288e+00
-2.993159953938002271e+00
-3.076548364101972410e+00
-2.129155429615900097e+00
-2.333756768303142604e+00
-2.638428120786678210e+00
-2.588474674063383496e+00
-2.902046059696151925e+00
-3.469932192836285623e+00
-3.533028836453065313e+00
-3.731921867054664332e+00
-3.836065445182070377e+00
-3.634861621626054529e+00
-4.090452590897241336e+00
-3.784313247739991670e+00
-3.486427145177581011e+00
-3.621007137094745865e+00
-3.407103559682150618e+00
-3.276780347127851378e+00
-2.347251939617969629e+00
-2.337550005676645171e+00
-3.453492998620707244e+00
-3.668856837445512387e+00
-3.525490251535071895e+00
-3.688847612215710114e+00
-3.970003434433737155e+00
-4.431409300824831199e+00
-4.525914065313876300e+00
-4.684596035975120643e+00
-4.846431536634731252e+00
-5.432355074504081394e+00
-5.632625312297645515e+00
-5.295986298914328039e+00
-5.029590967291492909e+00
-4.764031051949700668e+00
-4.904229782130565596e+00
-4.735436802297782855e+00
-4.822156361091771259e+00
-4.824107364246944307e+00
-5.488844342321016256e+00
-5.534382928354045106e+00
-4.853270320917014935e+00
-4.523254717356697263e+00
-3.749033851546599294e+00
-3.949073981772520447e+00
-3.755824278267540617e+00
-4.020762602361348748e+00
-3.951553551650235807e+00
-3.542295187273857060e+00
-3.504452608928187107e+00
-4.013003742373335569e+00
-3.718618828240913388e+00
-3.718718424807775591e+00
-3.215501128395775066e+00
-3.448014476121759930e+00
-3.263573264508515148e+00
-3.719834190257302442e+00
-3.841241751159883755e+00
-4.219136037419484175e+00
-3.900218944296270696e+00
-4.123358054349231416e+00
-4.491142285450738569e+00
-3.894748782388163466e+00
-3.803308703822342984e+00
-3.809491631901928965e+00
-3.086471317119672708e+00
-2.543707779691340320e+00
-1.759036691841747491e+00
-1.786335796284657551e+00
-1.283362448240796372e+00
-1.478028449116675080e+00
-1.379219671560725002e+00
-1.104627234728067009e+00
-1.294026066216979798e+00
-1.614539521081580276e+00
-1.820408811824443918e+00
-2.081792302847968124e+00
-2.306838908268605604e+00
-2.040840978613875478e+00
-1.646708099429593730e+00
-1.771264784288890670e+00
-1.745874743403309504e+00
-1.931530334428463114e+00
-2.029685434746157924e+00
-2.169539861410735959e+00
-1.845959146708845200e+00
-2.079567451856906057e+00
-2.214848723284870591e+00
-2.202206864568104105e+00
-2.228623768941113248e+00
-2.182966675693701397e+00
-2.166000254053892071e+00
-2.402675568038100007e+00
-2.255141242252894251e+00
-2.520980841856505617e+00
-2.016187257968428792e+00
-2.073887366997205106e+00
-1.979341338019925400e+00
-1.859999198717084523e+00
-2.059904742482309814e+00
-1.524253585692621815e+00
-1.986722378320413096e+00
-1.813262365644691121e+00
-2.010743730241133065e+00
-1.973487546802607184e+00
-1.502182127960212998e+00
-1.325734620451130219e+00
-1.118892964798553935e+00
-7.799473188009875546e-01
-1.415286786229323468e+00
-1.056059315982745606e+00
-8.908651472043108699e-01
-1.977540212084553328e+00
-1.134558175566036331e+00
-1.054688664603457227e+00
-2.015813611992133270e-01
-1.045560307220145951e-01
4.192997307364430826e-02
-3.700328338722440047e-01
-8.183349230081424786e-01
-9.525328243853167232e-01
-8.980391021386294748e-01
-8.171989836256130513e-01
-8.570624227927275962e-01
-9.614591140047109574e-01
-1.041357734457199147e+00
-1.101785763347242542e+00
-8.635437171310811344e-01
-9.002252445009991666e-01
-8.310712510245792384e-01
-9.883185208153364432e-01
-1.023801865853439130e+00
-1.311237125061285980e+00
-1.097944738256104280e+00
-1.489165076574899604e+00
-1.779042458203646593e+00
-1.931860795535586872e+00
-1.995749537960950226e+00
