5.649451234284802226e+00
3.963205972731283833e+00
5.072648908532429779e+00
3.998259390688720494e+00
4.695127085449132487e+00
4.815125888774062446e+00
5.031768333697634432e+00
3.886624010780091343e+00
3.559938936917134367e+00
3.435735643865424294e+00
4.130902419855922325e+00
3.891785900593764946e+00
4.018716763515564061e+00
4.570034298592930533e+00
4.354389922460306650e+00
4.346957556388447941e+00
5.440502194204361430e+00
5.835482181374716859e+00
6.004096287327762127e+00
8.002629785996868250e+00
5.826738491621124894e+00
6.941152472398338880e+00
7.336553724292739886e+00
6.481541568999780623e+00
7.986894032744602079e+00
7.377371318737452555e+00
7.297674536120654309e+00
6.506861276758533208e+00
7.556962131448072384e+00
6.793488360144410265e+00
6.614203091567430803e+00
7.559919262813261653e+00
6.687298989523242199e+00
7.560262457428814642e+00
6.712824827505149194e+00
5.305565304333482501e+00
4.850993934423128984e+00
6.997600707040966483e+00
6.324233023238114981e+00
6.455568763685857192e+00
6.946284301202151568e+00
6.314518140438422300e+00
6.151218660986360831e+00
6.393851098454632620e+00
4.203511668453395522e+00
4.940022914553314770e+00
4.298841094616078884e+00
4.351600808899397599e+00
3.672482108209353946e+00
5.112127986739868568e+00
5.370309572061570336e+00
6.409378471361414142e+00
5.358975745585179418e+00
3.129294451058560966e+00
5.009004607297437239e+00
4.136411373950359405e+00
4.775033329127018611e+00
2.934916163955869628e+00
3.084439037252321825e+00
5.485759818985113334e+00
2.640489249002039962e+00
2.504640886190945270e+00
3.302592646574004753e+00
3.434889477664599955e+00
5.030233497725946634e+00
4.249417055098218654e+00
5.926916672533282693e+00
4.175064489256360645e+00
4.809370764181626789e+00
6.615206418307664649e+00
5.424019787570022899e+00
4.365008111273848357e+00
5.413393375434572441e+00
5.306637737312124514e+00
4.410723335607421802e+00
4.730375743463112848e+00
3.940028396135462518e+00
4.483859608649936490e+00
5.023872832377960229e+00
4.853261179197353670e+00
4.197176598645273593e+00
4.456461448063506303e+00
5.932081276891789656e+00
4.903460795831207086e+00
6.030008548197494989e+00
6.748762547148405844e+00
7.111944648601228991e+00
6.285034466982130752e+00
8.213491668076825292e+00
6.792117669234546184e+00
6.467237529805727192e+00
8.171721358203683394e+00
8.131421462192363947e+00
7.486281726759715482e+00
7.727551487273732533e+00
6.324424879806780808e+00
7.709732870655003012e+00
6.375663021484780479e+00
7.178425416219070598e+00
7.159112166037706615e+00
5.978249924259174897e+00
5.618137149910614525e+00
7.416846217125101504e+00
6.606324469624592410e+00
6.530037214230000053e+00
7.098716110938378065e+00
6.229489271838914988e+00
6.027510250067901865e+00
6.116873564104823302e+00
5.553131141175011720e+00
4.887866578776831616e+00
4.461370331836161718e+00
5.591918177331252515e+00
4.644095326036138616e+00
5.666215049743713372e+00
6.877377900481905115e+00
6.330931509499446719e+00
7.243358644971670479e+00
5.859284738611600929e+00
6.846612444889647264e+00
6.707967000322101470e+00
6.271297581701043455e+00
7.847141605332542014e+00
7.800364383867735896e+00
7.246238748308417854e+00
6.369708579269552473e+00
6.485165938058313984e+00
5.780239610374638737e+00
6.843746945344744148e+00
6.715653929379497455e+00
8.158094046367292407e+00
7.814228563791363769e+00
7.935732850704876107e+00
7.032680147186720632e+00
7.474176152554090180e+00
6.829678581669821114e+00
6.530885283734253477e+00
7.215843755883151189e+00
8.342155373466090040e+00
7.540282140364682917e+00
6.980470305915559948e+00
8.577275653370712405e+00
8.276948101155774395e+00
8.653837812381340200e+00
8.629884944562403959e+00
8.632952095905004342e+00
7.747948709443279292e+00
9.384155559678154290e+00
9.431001193675662364e+00
9.804037511435316432e+00
9.096689730474505353e+00
9.855473980248635968e+00
8.452308474444174990e+00
9.080330272669238312e+00
8.727112966139824124e+00
8.146035691141753077e+00
9.809221598259952657e+00
8.889401411333119896e+00
9.437047326794584023e+00
8.323300199623769657e+00
8.416286022213977702e+00
7.850563251589508518e+00
8.470044286696506219e+00
6.408697948067974437e+00
7.829095339987500957e+00
8.761394059651184563e+00
7.877098612030217772e+00
9.465346375298944182e+00
8.680841586008282817e+00
9.298177597983730891e+00
7.494015002144610804e+00
8.498676442248520146e+00
8.273865248931214111e+00
8.598794243471424181e+00
8.051217293809818543e+00
8.337281141452601574e+00
8.960039761528483027e+00
7.868969989963375156e+00
7.541856749678347072e+00
6.552799816432327340e+00
8.005049252478311672e+00
8.113252228349299600e+00
7.936898176931975968e+00
6.562171029245075893e+00
6.721662973493797821e+00
7.813289234376420644e+00
7.398626955857163345e+00
5.013359377888745527e+00
6.147982944547662143e+00
6.879384981946587097e+00
6.205381380908766786e+00
5.475134753518302588e+00
5.398656999956342517e+00
5.854773045085915228e+00
4.288885826256844780e+00
4.917763362908231350e+00
5.050617591874384082e+00
5.873876094419365756e+00
6.071823373877975882e+00
5.912028397755708653e+00
6.621693307083301505e+00
5.138227988198327267e+00
5.420188509671330479e+00
4.954532021356500948e+00
4.986289994102777179e+00
5.397930849073972581e+00
3.362324044052638961e+00
5.379594791527969377e+00
5.359531848323521253e+00
5.222123436253386153e+00
5.229642048476547345e+00
5.387062404247874525e+00
5.140370471878910053e+00
6.076142241048726689e+00
6.093744002655514080e+00
6.121029723942185363e+00
5.266624620168155246e+00
6.682913459446495175e+00
5.823018329992571296e+00
5.086808844824297182e+00
3.723500274091827933e+00
4.452341065663906861e+00
5.089783876988982492e+00
5.370579745466139698e+00
4.633477235816951811e+00
3.792195106275877414e+00
4.819681950994429087e+00
4.565446103102708264e+00
4.624588826302515443e+00
5.768447312907078128e+00
5.953029774556105380e+00
5.725806074986330430e+00
5.780032602687286136e+00
6.423026034280618468e+00
4.088714018264975714e+00
4.588693438360696319e+00
3.719220301371710669e+00
4.672130310587455426e+00
4.815162172037903865e+00
4.704241272078686364e+00
4.489764737929576199e+00
4.245653263549080236e+00
4.872692651682804410e+00
4.075894975320836444e+00
4.231508734758179457e+00
3.812100711240666406e+00
4.937087246074190361e+00
6.088584589472974429e+00
5.628145820702904700e+00
6.277989296261258012e+00
5.913635777903205160e+00
6.166047107536186900e+00
5.937963001788516770e+00
5.865502714410055773e+00
4.066740080404163571e+00
5.668722299925834207e+00
6.109510670865003767e+00
7.071778891365291031e+00
5.457438869650599322e+00
3.522231064323914307e+00
3.082326626740002240e+00
5.409505496450828232e+00
4.039245402804782614e+00
6.490992944737172365e+00
5.155673240859863782e+00
6.026538413588807153e+00
5.744990670579367631e+00
4.536075492740416770e+00
4.452818346888895107e+00
5.541229182924255703e+00
4.450802648284976293e+00
5.511478276221822625e+00
5.684497309991861869e+00
4.227645327802507680e+00
5.987467405086009720e+00
5.317456244765550899e+00
6.091433167337401144e+00
6.061674809142083120e+00
3.750834081347989013e+00
6.116757300326017166e+00
3.760456311543954655e+00
4.447257819902856291e+00
3.522642525308608885e+00
3.859604519335544381e+00
4.615454704893537041e+00
4.439976732258333669e+00
4.690461968575395879e+00
3.498093684231085021e+00
4.460897720640837782e+00
5.247680590935734024e+00
4.939545093704031942e+00
4.957012756235162243e+00
6.144165331888807202e+00
5.207226144403039214e+00
7.158007115717379243e+00
4.189837235316453246e+00
5.761068635189906750e+00
4.962797510121547795e+00
4.156969658716080041e+00
4.400736226347291336e+00
3.918634996710060214e+00
5.429623004226627359e+00
5.605894665547396905e+00
5.382397099932139994e+00
6.818206152323750935e+00
3.351554761746180944e+00
6.101563361380262229e+00
5.482050401405737183e+00
5.366109997087651351e+00
4.939063600731808279e+00
4.396172774354188739e+00
4.600880334879862588e+00
4.167416661275102463e+00
3.912125532730187594e+00
4.274144285885117966e+00
3.387933329188235643e+00
2.357759557905134251e+00
3.637054139650968132e+00
2.473471844132942632e+00
3.482285177539739429e+00
3.497414648502704004e+00
1.821413707366562829e+00
2.437205503495675885e+00
2.309664319405045241e+00
2.945409623582931236e+00
2.194330658192743311e+00
4.055886373416384139e-01
2.401527460189314400e+00
3.066616974667830675e+00
1.604758826924645554e+00
2.595499766579457468e+00
1.203903082521649903e+00
1.272508393407460137e+00
-4.378386129779232583e-01
1.845496406444549375e+00
2.632991807650835625e+00
1.136357003683570177e+00
1.756621375770421878e-01
8.395075642692368945e-01
3.232266980060567896e+00
-9.046562749200814935e-02
2.549751897534147105e+00
2.032727364316919250e+00
1.833992280131869990e+00
1.623247086784577853e+00
1.452891420839142356e+00
1.470549855520077998e-01
3.272905171308320149e-01
1.267550898199480969e+00
1.878776772007630935e+00
1.661258048803041731e+00
-1.899937297379601375e-01
-1.597216915840862228e-01
-4.389766473118399404e-01
6.217223228467867457e-01
2.992263946199105185e-01
5.373251136394445737e-01
5.456182510179274914e-01
3.794094163487287119e-01
3.374102292043978935e-02
6.565740572179947776e-01
-3.810694162635241966e-01
-5.444785978347610467e-02
-7.439525024191073754e-02
5.022477478330591438e-01
3.067062538215559186e-02
-3.261808661204108617e-01
4.859290993468077247e-01
8.435935939156822272e-01
3.022274197217251768e-01
6.471944421313846618e-01
-1.303027727375860145e+00
8.254385389819578478e-01
-1.386387350178215350e+00
-1.325543227732031148e+00
-7.625878298134463051e-01
2.031106965661726882e+00
1.754317736359212176e-01
-2.810393510601629785e-01
-3.649989931754973327e-01
-3.328613419802541884e-01
5.880840919837506675e-01
-8.037081966885839535e-01
-2.129544110553708514e+00
-4.861637933248834642e-01
-8.068587090832712860e-01
3.456758596377973447e-02
-1.623900221168647739e+00
3.799041331341790340e-03
-4.186914054609891522e-01
1.498989554097536647e+00
1.540934086544289983e-01
-6.975360498827933853e-01
-1.004877220037715624e+00
-3.797736301426146710e-01
6.677550090223682844e-02
-1.444144348723397364e+00
-4.237027042915233466e-01
-2.905478915474226653e-01
-1.650035692549061572e+00
-1.318172748218445989e+00
5.740381338921292098e-01
-6.495076983895140543e-01
-3.568757786832437162e-01
-1.057029821579544837e+00
-1.506745153701128714e+00
-4.511693430379537517e-01
-1.675526793089260558e+00
-1.966569682275606468e+00
-1.086107048892241522e+00
-1.357593944238477235e+00
-1.174614359443809875e+00
-4.771321001121764382e-01
-1.165330079290574083e+00
-6.110560678142125113e-01
-1.360919967133201958e+00
-1.842117543446582850e+00
-1.267613289165234747e+00
-6.895586625775287359e-01
-7.667930822087356546e-01
-4.308767990287227789e-01
-5.616939786866712581e-01
-1.468855821976362108e+00
-1.227672767399421438e+00
2.011391341228012664e-01
-6.522112700341420322e-01
-2.002044368480484060e+00
-1.881546251627289834e+00
-3.044914470552252617e+00
-5.270109389107391351e-01
-1.703520123136511799e+00
-1.208828544138921046e+00
-2.328615001501971982e+00
-1.602381844309509695e+00
-1.458007520997036899e+00
-3.353107587608761264e-01
-8.238134448854932401e-01
-2.340157974162221599e+00
-8.521894288241060877e-01
-1.601348752264462050e-01
-6.994544164816929310e-01
-4.249351800792400269e-02
1.485593597720580306e-02
8.298927413936638686e-01
-1.720953667506218920e+00
-1.327899351058333899e+00
-2.085596698369174717e+00
6.518451174308195206e-01
-3.093767893454089091e-01
-1.977229575754459567e+00
-1.553748335595379615e+00
-4.542607635533810750e-01
-8.502689191073340425e-01
-2.896680738159770563e+00
-1.626544730904988079e+00
-3.169420832254691511e+00
-2.753517888839247085e+00
-4.309217846289032039e+00
-2.583868272864888738e+00
-4.103016032750248065e+00
-3.984381118317768422e+00
-1.658456410792033431e+00
-3.493765710250056777e+00
-2.660598344517182134e+00
-2.604831287705099641e+00
-2.091080841471066876e+00
-2.575161082403075063e+00
-2.691015345854219198e+00
-9.621685892948068641e-01
-1.212936190727741170e+00
-1.289822758972976047e-01
-1.556548610207035388e+00
4.555717602259079513e-01
-1.284138932050762349e+00
7.337069423779984945e-01
1.250400510992371039e-01
-5.128981556151188670e-01
-8.438910211278978224e-01
-4.778670613157247615e-01
-7.457467317374062432e-01
-5.480793337019762568e-01
1.113384394165435332e+00
1.239823713325827192e-01
9.339507582886428239e-01
9.106793624412290455e-01
2.093196156021178478e+00
2.414200691613556771e+00
1.192042169740994861e+00
3.648601727219835666e-01
3.020828759076286119e-01
2.781909348777631408e-01
1.048515435829007636e+00
-4.619859950074642896e-01
7.791966152044071947e-02
-1.248802918940891793e+00
-3.371312331136318008e-01
2.021838831623394839e-01
-1.823345405906033889e-01
6.665972226582086435e-01
6.918990476542985490e-01
-8.026452280730200783e-02
-7.969069779890540772e-01
-1.500983240876241354e-02
-3.300149815235151607e-01
-3.740737773681299672e-01
-1.783890401955590121e-01
-8.876075809255121740e-01
-9.632299065206346711e-01
6.221769201356508461e-02
2.993636459428401508e-01
-4.225999964573929901e-01
-1.220701478445959332e+00
-8.632496294633176248e-01
-1.106500532633148737e+00
-6.403284197851242254e-01
-9.936934972282056577e-01
9.156806064173572679e-01
-9.979865734911044228e-01
4.703270251927733625e-01
4.522408149755667850e-01
5.024792528742594300e-01
-7.218912130823857964e-01
-3.549425426897903080e-01
-2.356522512597347685e+00
-1.277809655531953581e+00
-1.831473356771483374e+00
-7.160179457300355210e-01
-2.900313682532394743e+00
-2.757599308593800647e+00
-8.971948951819124218e-01
-1.456654163824979697e+00
-1.547715632216940307e+00
-1.294448416844214300e+00
-4.960211260759610497e-01
-2.785377827590678201e+00
-8.355633543377205541e-02
-1.118931986383246979e+00
-1.728345281283241164e+00
-1.219564692514599535e+00
-1.632240165499870166e+00
-1.516739928812339322e+00
-1.537238596028028148e+00
-1.688143629344018848e+00
-1.597288178474184583e+00
-1.664634692216972134e+00
-1.939615688681894490e+00
-1.305728317924814696e+00
-2.412339055944496380e+00
-1.866746337430209124e+00
-2.261412987340115421e+00
-1.251194466333318545e-01
-2.485581188404006880e-01
-1.136535387833918165e+00
-2.970078806655030768e+00
-2.296060089335098198e+00
-1.783082802879749629e+00
-2.377365976002305814e+00
-1.927186029786032151e+00
-1.565351347991650321e+00
-1.759189657206079005e+00
-1.630890590998735235e+00
-5.054868048998546470e-01
-1.556866756833794163e+00
-1.360899995181745759e+00
-1.314404024926332681e+00
-2.693166507691410416e+00
-7.220168848932679850e-01
-8.490647917168283598e-01
-1.577614060266872897e+00
-4.336033424966814209e-01
-1.580754387894981683e+00
-2.316733570120541152e+00
-3.347043804564631131e+00
-3.585963423285507545e+00
-3.085957539214395418e+00
-3.533880339608859167e+00
-3.265084308024708726e+00
-4.657140159179932404e+00
-4.078123908110209861e+00
-4.164874669034589694e+00
-4.139759502008041103e+00
-4.069777896113212279e+00
-3.160638789720367825e+00
-4.220928156194410974e+00
-3.083070164301089378e+00
-3.121607085285790895e+00
-4.916762016806140778e+00
-2.824688613968921125e+00
-4.307821405146508020e+00
-3.796204953324700426e+00
-5.236285658556172784e+00
-4.417152728705125320e+00
-3.113417549384188909e+00
-4.917145674603806249e+00
-3.852771503176803947e+00
-5.040775036575889878e+00
-5.321656102221891338e+00
-5.790297220342181639e+00
-6.632548907527994864e+00
-4.816728415533447993e+00
-4.440313159952833821e+00
-4.704061871700465858e+00
-3.853530372770791246e+00
-3.898206809877513557e+00
-3.493444338996421372e+00
-4.124409446640884269e+00
-5.029604051241843621e+00
-5.336153557190028707e+00
-4.170185044213141623e+00
-3.140284499439077059e+00
-3.768703472302791013e+00
-4.261394116742865279e+00
-3.333884856090663540e+00
-3.884025990684761176e+00
-4.250386936587673858e+00
-4.092977144320178340e+00
-4.666924809587603917e+00
-4.534368691491016179e+00
-3.274457416928640896e+00
-4.236629391561428370e+00
-2.913916036444181401e+00
-3.807851334702312407e+00
-3.153711347668116893e+00
-2.472470381097955361e+00
-3.062474709600292222e+00
-1.302042885158109620e+00
-2.616785640432193638e+00
-3.270126992222208706e+00
-3.432356899567560404e+00
-2.429443206980825387e+00
-1.451400751594765559e+00
-3.478096961556722988e+00
-1.995039054544362145e+00
-2.604785877138944272e+00
-2.457315566971681520e+00
-3.213928696312621902e+00
-2.941839034912349327e+00
-1.817951337523104449e+00
-2.318895515205046998e+00
-2.029384165798527206e+00
-2.075254598467868306e+00
-2.960919823886199787e+00
-2.460195656585540291e+00
-3.322900215521350731e+00
-4.059512515237895691e+00
-4.198489260457008321e+00
-2.231454639099303527e+00
-2.707061013101913716e+00
-4.137370327964243977e+00
-3.150028345862096124e+00
-2.726601866222831738e+00
-3.019162510400176025e+00
-3.502782743894859330e+00
-4.248868242678227602e+00
-3.925448176333674155e+00
-4.277451717841816325e+00
-3.772031300151581945e+00
-1.978256459193155514e+00
-2.674832580895376566e+00
-2.458329269728074529e+00
-1.402734050212442796e+00
-3.165086212850767744e+00
-3.347636071962958759e+00
-2.928260750628968623e+00
-3.054036229262513835e+00
-2.713883964689157935e+00
-3.636822150545318877e+00
-2.664341277308319711e+00
-3.688153017809235656e+00
-2.121843758406293468e+00
-3.600883893549052139e+00
-1.967485442707820553e+00
-1.710744961831561994e+00
-3.592708615427476104e+00
-3.702691307335936877e+00
-3.841888099863656869e+00
-3.598957410635012621e+00
-3.185458206141121629e+00
-3.798235306116492183e+00
-4.159263248446397832e+00
-3.628815923634024720e+00
-2.874306495526792737e+00
-4.375080700467073314e+00
-4.079059824180538030e+00
-5.657290628610208927e+00
-4.412022497482050554e+00
-4.457291591302827705e+00
-3.384248901415831234e+00
-3.906971375533204949e+00
-3.986890768062772317e+00
-2.981499083149861562e+00
-2.958200784625336865e+00
-1.193814212099530536e+00
-3.174220783816680047e+00
-2.542786598256581598e+00
-8.706756969544908742e-01
-1.049102454693990438e+00
-2.843158872655324743e+00
-2.569464828706868431e+00
-2.712639191360206148e+00
-2.579697947809478364e+00
-1.196759380867218781e+00
-1.381740306760651293e+00
-2.457041197345005479e+00
-1.279998433465319607e+00
-1.559561721311164106e+00
-2.245419648980091054e+00
-2.752011341591322768e+00
-1.564777554380653690e+00
-2.134426855646936794e+00
-4.494739630393638663e+00
-2.957773407345279715e+00
-4.658498090764133792e+00
-3.398798580361305888e+00
-3.874198101776200609e+00
-2.800424363823467822e+00
-2.987229454314173083e+00
-1.975204292677502416e+00
-2.012269804769227122e+00
-2.604759990199229769e+00
-4.034265562912271008e+00
-3.507185840559755796e+00
-3.548139109367776101e+00
-3.280192779523024349e+00
-2.752612703171593012e+00
-1.788159819842560339e+00
-3.310948821095846206e+00
-3.452296216998075096e+00
-2.236794157633097413e+00
-2.963308701680144708e+00
-2.641488296187624485e+00
-2.847937155979802348e+00
-2.595867892171360047e+00
-2.210130219870956481e+00
-1.243272469559892457e+00
-3.470161707691571173e+00
-1.999186180808139035e+00
-1.129831457211039947e+00
-1.258405329610149614e+00
-2.565864272727507611e+00
-2.286539130280645260e+00
-2.170540575838215247e+00
-4.182148841296143615e+00
-2.185541613973668085e+00
-3.298361491947128243e+00
-2.593350014622646249e+00
-2.278945772643569789e+00
-2.810044337471079068e+00
-2.782991276103002676e+00
-2.874017771819577849e+00
-9.675881965729082879e-01
-2.225855025575047996e+00
-1.932641403963084592e+00
-2.388694281810749054e+00
-1.396155670538989035e+00
-2.488024806653839072e+00
-2.134853935544162695e+00
-2.853561453009572091e+00
-4.810449499397652318e+00
-3.255381705195201647e+00
-3.906519322134210270e+00
-3.018957795007365164e+00
-2.899054315158142714e+00
-3.489181103689356078e+00
-2.629725462286871540e+00
-4.227076495821540547e+00
-4.109383269236143832e+00
-4.234228796639976089e+00
-2.893430919337073526e+00
-4.814327962936114425e+00
-3.659454307574858234e+00
-3.416755120018779124e+00
-5.069876832330782790e+00
-3.995518909938510888e+00
-4.205193320222582187e+00
-3.236211452155135504e+00
-4.422301431109079140e+00
-4.609890714977691317e+00
-4.799850280421193105e+00
-5.761552284559652293e+00
-4.921413051158725516e+00
-5.663251289452783332e+00
-6.591893624171191846e+00
-5.966147271195230140e+00
-6.217441274056664469e+00
-5.258375832343194389e+00
-5.222976363413763146e+00
-5.930246606908342599e+00
-4.187973835138127932e+00
-4.234317823646130741e+00
-5.652220948233365405e+00
-3.308530171248669660e+00
-3.684044168056192170e+00
-4.618873475743668244e+00
-3.423619408939371667e+00
-3.319768349809613994e+00
-3.650789368320566552e+00
-4.048870433337370400e+00
-4.525519994209443730e+00
-4.316679061636216730e+00
-3.463072080747528148e+00
-3.197159274537622053e+00
-4.638009039121656407e+00
-3.336755999840413267e+00
-3.817043282462710074e+00
-2.891365447242307596e+00
-3.223913719261926936e+00
-4.208375806573454447e+00
-4.405768719268051470e+00
-3.722393284635648669e+00
-3.317177141472385848e+00
-3.477136696227822732e+00
-3.052017807745623479e+00
-3.719559949391817000e+00
-2.701375634506311130e+00
-3.468062057510683083e+00
-3.729451878682806587e+00
-3.360019287823667433e+00
-2.284929456112359425e+00
-3.136255591125010511e+00
-2.939510647688899247e+00
-3.129009489675496525e+00
-3.642600727032594854e+00
-4.023962560956985790e+00
-4.133059986596475888e+00
-2.809496098673219144e+00
-3.994287882249802024e+00
-5.604410990342540089e+00
-5.437448504316762410e+00
-6.162908586939940037e+00
-4.574336016606572741e+00
-4.259754469749212902e+00
-5.475317235774070923e+00
-5.977855397495755341e+00
-5.332182562168435780e+00
-5.489255199526268392e+00
-6.418735209311654977e+00
-4.909822893685305445e+00
-4.684162309161153281e+00
-4.256497140339799756e+00
-5.808434296809199537e+00
-6.355289108733845893e+00
-7.044803338595847286e+00
-6.152671321646835167e+00
-7.411972479367414657e+00
-5.975031261423135120e+00
-5.766690258471149910e+00
-6.233939020881003046e+00
-6.025564196136608430e+00
-5.501154282024461217e+00
-7.107045394964321972e+00
-4.460405156940218774e+00
-5.413193829705906346e+00
-5.496156434301345151e+00
-6.690004296128215344e+00
-5.928018842168333968e+00
-6.514132525383355521e+00
-5.705375733681239403e+00
-5.054746937255737649e+00
-3.678012474010825983e+00
-3.944726123105948723e+00
-3.819670006677875485e+00
-6.437039234009860778e+00
-4.866636221995533695e+00
-5.533781670887963244e+00
-5.303889400155192391e+00
-5.231651195234165996e+00
-5.006626066382935392e+00
-5.630056073035579978e+00
-5.396526663276120850e+00
-5.702819819629197262e+00
-5.204546125671212664e+00
-4.330404944923645694e+00
-4.242544165371167075e+00
-4.475964303527826260e+00
-5.563358348319738411e+00
-3.881557839833007506e+00
-4.342359666086144543e+00
-4.830734732850078039e+00
-5.328843551753750241e+00
-4.117398843807820619e+00
-5.884662839490531816e+00
-6.142926256383889339e+00
-6.976064008444588183e+00
-6.128359964198877741e+00
-5.321268420750193684e+00
-6.555251379766763975e+00
-5.045562217241681857e+00
-5.258866580910193100e+00
-5.743955601112196163e+00
-6.094741904203082150e+00
-5.655177644123213554e+00
-5.445956797948928063e+00
-3.892586734778923585e+00
-4.965664946316396211e+00
-4.590497621872278167e+00
-6.933298042281600182e+00
-5.622087648364134438e+00
-6.243561077187601782e+00
-5.604338686764083199e+00
-4.595740285058780294e+00
-5.061044713793689809e+00
-7.600350697132669531e+00
-5.648908234142584917e+00
-7.020245027284810035e+00
-7.235981265070621227e+00
-6.114328449762395756e+00
-7.314906209563377892e+00
-4.803566033023492388e+00
-5.558779768766433982e+00
-5.931837913781124350e+00
-6.429915905419643529e+00
-6.473706543991433193e+00
-6.071849918932653800e+00
-7.039778376437051399e+00
-6.785644166258282262e+00
-6.618300463812800238e+00
-6.800025468047257604e+00
-5.150334049572737882e+00
-8.261684010419298119e+00
-8.422474440789422090e+00
-1.001790193207392932e+01
-7.483431169098682112e+00
-7.533832444826933816e+00
-6.150776035359401206e+00
-5.123912502379927680e+00
-5.635476904816512089e+00
-4.789552531741335883e+00
-6.290499182207047291e+00
-4.174179161888090128e+00
-5.418960314772979459e+00
-5.956750059805406394e+00
-4.118989097028585178e+00
-5.432123519485083207e+00
-6.699375491547304939e+00
-4.038914896917003006e+00
-5.317596769332529227e+00
-5.308810857141907924e+00
-5.203296037549582032e+00
-3.407552437778706533e+00
-5.406401407330503339e+00
-4.044396846200535300e+00
-4.170482472249104511e+00
-4.523731287315279737e+00
-5.000725246088710385e+00
-4.740203341284607852e+00
-4.394029335252773727e+00
-3.784126640239526829e+00
-3.377391399540773165e+00
-4.517204134304501295e+00
-2.734837033718020116e+00
-4.705114654281377540e+00
-3.830832650580176413e+00
-2.873491266137675026e+00
-3.972128885020815403e+00
-4.747513294020853536e+00
-3.773061131431368231e+00
-4.531173115050531663e+00
-4.882496378092951339e+00
-5.298932831149387290e+00
-5.325943931490733974e+00
-4.829131831653822537e+00
-4.293349654619101230e+00
-2.588042374709138116e+00
-4.239327146292337645e+00
-2.638623594790964866e+00
-3.302579653716529506e+00
-3.113374666953267145e+00
-2.636585336468216134e+00
-3.875296520854718096e+00
-5.089903558975805709e+00
-3.265718810429462771e+00
-3.971936298844349622e+00
-4.872819137288733060e+00
-4.112774265649775884e+00
-3.903494059317125675e+00
-4.960119743766143507e+00
-3.851893711785873364e+00
-1.956800363515525554e+00
-3.277125990431597025e+00
-3.970279679646854021e+00
-4.175820276982507018e+00
-3.387260957643047021e+00
-3.267762698321940995e+00
-4.537378749016706792e+00
-4.575237109060908303e+00
-4.213315744429444010e+00
-3.732581165869158113e+00
-4.440160202987158300e+00
-4.234937447427777890e+00
-4.342354192040247973e+00
-4.983895401959186344e+00
-4.299997903918725939e+00
-5.120494402136450240e+00
-3.983320110550054416e+00
-5.980776947864758775e+00
-5.015267307256530138e+00
-5.618941933513818654e+00
-5.560275408284596210e+00
-5.756083138341422156e+00
-4.873669059306424245e+00
-7.041374554768303540e+00
-1.570404631465720158e+01
-1.519608099129833967e+01
-1.607894450200546999e+01
-1.579787662376908131e+01
-1.605837211512444895e+01
-1.586739613569103824e+01
-1.779217082774277259e+01
-1.513583909276533745e+01
-1.622458106067703909e+01
-1.676620437511458306e+01
-1.681327839176218575e+01
-1.696223114909469132e+01
-1.506500968685986308e+01
-1.608873261245131303e+01
-1.654074751071590299e+01
-1.604781657910046988e+01
-1.644654685615092404e+01
-1.677956231549582711e+01
-1.605503325033518180e+01
-1.609804657987470478e+01
-1.763385697627673210e+01
-1.703765223951839047e+01
-1.836857656772619407e+01
-1.717170324955794314e+01
-1.723320516733954832e+01
-1.688500871773162260e+01
-1.649562921051684228e+01
-1.690203463317354249e+01
-1.508838991211949931e+01
-1.510275658179032376e+01
-1.541267519906824823e+01
-1.560892450926496977e+01
-1.598334304183892129e+01
-1.710768358969800929e+01
-1.593731568421703138e+01
-1.510492388222887250e+01
-1.509869877255681558e+01
-1.508422939636499116e+01
-1.545093547357800290e+01
-1.403478207809913236e+01
-1.497944331590554512e+01
-1.616042405568262907e+01
-1.430973326204155427e+01
-1.326941689298726423e+01
-1.477888502465616938e+01
-1.406518757023876454e+01
-1.646082243034830128e+01
-1.462550557227713277e+01
-1.403556675416191979e+01
-1.439237700596948422e+01
-1.564381311830192445e+01
-1.535686838123171682e+01
-1.507399443562875163e+01
-1.599964361801037072e+01
-1.615106944798180066e+01
-1.441812671617066499e+01
-1.635953513047588004e+01
-1.593812312712094226e+01
-1.523212404429871469e+01
-1.494626574934968133e+01
-1.643987578395870841e+01
-1.652332553002840498e+01
-1.663172114094528098e+01
-1.576377717465559414e+01
-1.636546820689655846e+01
-1.639502916244665442e+01
-1.611897965287321099e+01
-1.754008539911433928e+01
-1.817683864860545029e+01
-1.782618401858089641e+01
-1.830801744363879280e+01
-1.798679117277165318e+01
-1.847133080300700669e+01
-1.731682600062653066e+01
-1.736556768309509380e+01
-1.696578852055178643e+01
-1.614181032656196635e+01
-1.814238808044922280e+01
-1.767832936170948344e+01
-1.743321875547288968e+01
-1.718956803953793866e+01
-1.650532116233733149e+01
-1.770579182603648150e+01
-1.776232919952739309e+01
-1.794028418437243388e+01
-1.776736434379193241e+01
-1.658156049589001313e+01
-1.789663695695347911e+01
-1.750704630833271835e+01
-1.632330384643701748e+01
-1.703373745616321600e+01
-1.719279277747887846e+01
-1.770858042748724159e+01
-1.569638629374432703e+01
-1.601362893178995961e+01
-1.662409066683615677e+01
-1.727301723025357916e+01
-1.666553863176931216e+01
-1.684913633383266784e+01
-1.851910640207552206e+01
-1.611001621796964756e+01
-1.665232295237321125e+01
-1.605272388216285862e+01
-1.714991869119802814e+01
-1.768513938735112845e+01
-1.863566987264898245e+01
-1.645170216972484667e+01
-1.700130369915224549e+01
-1.702615405984429842e+01
-1.464417079409687972e+01
-1.685947429167313061e+01
-1.643164139889729114e+01
-1.717682156363978763e+01
-1.779492020556385867e+01
-1.734968204853350215e+01
-1.756558034095915488e+01
-1.738646822952712157e+01
-1.791436121051215480e+01
-1.819702722535039996e+01
-1.659132896951190617e+01
-1.734265904222483812e+01
-1.724050987912472976e+01
-1.716511427336740070e+01
-1.579071745641455493e+01
-1.608325778882698742e+01
-1.645232768177191929e+01
-1.495660997958547966e+01
-1.487578064431113489e+01
-1.636657144435504918e+01
-1.653204075551429852e+01
-1.461017049338423845e+01
-1.608747230639991344e+01
-1.652738944080530814e+01
-1.575794647626715417e+01
-1.631422022868893862e+01
-1.633516261258608182e+01
-1.725555128721614295e+01
-1.588227146574264381e+01
-1.565384656273676001e+01
-1.523342995122178856e+01
-1.501428018587733426e+01
-1.556412599033323474e+01
-1.736663690963349893e+01
-1.770424685060821801e+01
-1.496395240629618861e+01
-1.640168693000091338e+01
-1.587269284099758870e+01
-1.632711067385830717e+01
-1.762261802188629289e+01
-1.647150978731651350e+01
-1.799927787268697443e+01
-1.635614302567923062e+01
-1.740061346896649752e+01
-1.724245045346800254e+01
-1.768517695016539903e+01
-1.806223986101145229e+01
-1.820038520798074089e+01
-1.769539030231842247e+01
-1.762833548723500954e+01
-1.855065422382762108e+01
-1.841811710591193574e+01
-1.816108537511102838e+01
-1.660501347040547060e+01
-1.728962177862833727e+01
-1.824767568924966810e+01
-1.830417374301485012e+01
-1.809125654354636126e+01
-1.886330514900049593e+01
-1.725111566521657025e+01
-1.751123153574523172e+01
-1.643423464452361316e+01
-1.690546661205195278e+01
-1.551896749761219496e+01
-1.669874715243975061e+01
-1.581425427178283982e+01
-1.612809157271918536e+01
-1.534260896333624657e+01
-1.658296923794295452e+01
-1.608532694231537974e+01
-1.792910072770149554e+01
-1.772265013313555926e+01
-1.661075461191645530e+01
-1.608825528948339922e+01
-1.700051112514215035e+01
-1.760533419336345062e+01
-1.634274611702438307e+01
-1.707214920629247601e+01
-1.777594706838473826e+01
-1.716281897064926909e+01
-1.664338840033857991e+01
-1.754878599982355425e+01
-1.715504912737047505e+01
-1.695625538736474880e+01
-1.892181972778217869e+01
-1.699687088809988467e+01
-1.731850874382799788e+01
-1.726884896466890851e+01
-1.641240851122590527e+01
-1.710946872426804433e+01
-1.741944391982191576e+01
-1.655015297323387102e+01
-1.661955220073885897e+01
-1.669113948461487595e+01
-1.586993174614584490e+01
-1.647912217184290640e+01
-1.729494489002438939e+01
-1.753520658923338971e+01
-1.569625015363401488e+01
-1.724455373858323881e+01
-1.650539919143232481e+01
-1.697112927938354687e+01
-1.630426922759911434e+01
-1.601413746051066056e+01
-1.867708719801345296e+01
-1.627230457433489619e+01
-1.613430235264320345e+01
-1.794517512738160292e+01
-1.589155623585960875e+01
-1.769941221162310541e+01
-1.568568881574011797e+01
-1.605279611346402646e+01
-1.559894346552129818e+01
-1.608798398591531509e+01
-1.540431892619060861e+01
-1.633006262655819540e+01
-1.524032098460152973e+01
-1.453913369283313983e+01
-1.455917128659280380e+01
-1.621683024271011675e+01
-1.606216207517919869e+01
-1.541709223768353354e+01
-1.548552634814937790e+01
-1.659357930651570356e+01
-1.677780314391094052e+01
-1.622086901210512622e+01
-1.566283846106034083e+01
-1.622500061314843833e+01
-1.648187132716576997e+01
-1.606716100243016854e+01
-1.551063832302510015e+01
-1.633331141410988252e+01
-1.686131404244042642e+01
-1.710760877731156171e+01
-1.800904646122968344e+01
-1.752195234133117197e+01
-1.569679293678076171e+01
-1.694269304890827499e+01
-1.662597808604683181e+01
-1.753395050833852054e+01
-1.764393135076128516e+01
-1.903755422365599870e+01
-1.784586695487977792e+01
-1.709874287275497906e+01
-1.769243595977616579e+01
-1.803283235167519649e+01
-1.693586957457481290e+01
-1.637849524510261290e+01
-1.605003176637503870e+01
-1.722406173769063287e+01
-1.727709347748619706e+01
-1.596070471419979953e+01
-1.623725089509651198e+01
-1.500136529492241344e+01
-1.616856133666826167e+01
-1.619837858338316749e+01
-1.535573050352342150e+01
-1.619385309360664849e+01
-1.562083032806943450e+01
-1.597875297777752834e+01
-1.475777469613889892e+01
-1.632318354829824614e+01
-1.592163704408024216e+01
-1.585248057031527225e+01
-1.686651338676788470e+01
-1.668675886100437467e+01
-1.654930536775043493e+01
-1.765206833328735669e+01
-1.659656174548289442e+01
-1.580341722259615445e+01
-1.581859166190157495e+01
-1.548796041347296182e+01
-1.670607545784310943e+01
-1.664558075295578732e+01
-1.529602817531542058e+01
-1.746308390537558708e+01
-1.598472956511509580e+01
-1.631386131290886610e+01
-1.501751431742328968e+01
-1.541053365585872115e+01
-1.531368648780285113e+01
-1.524278653956001506e+01
-1.497953590415125902e+01
-1.465187324709072669e+01
-1.696711507703403043e+01
-1.629134806109739486e+01
-1.486576717828286220e+01
-1.533567348310689304e+01
-1.530416903372005422e+01
-1.630762386102827577e+01
-1.454161309802810464e+01
-1.477076007013385350e+01
-1.310028505968201529e+01
-1.589807580813986831e+01
-1.338456303688932536e+01
-1.351039676169911985e+01
-1.328782716391970986e+01
-1.427823778679569955e+01
-1.397766733810400908e+01
-1.463079730453619121e+01
-1.311972496058158200e+01
-1.486177721531739238e+01
-1.473172718129726633e+01
-1.469362898150496655e+01
-1.456387384601885771e+01
-1.383952543961926729e+01
-1.559882287561890912e+01
-1.426813221161334511e+01
-1.289545106576769484e+01
-1.388152871382053277e+01
-1.334218036576175059e+01
-1.411704608775012559e+01
-1.379420179126340962e+01
-1.326652899136225727e+01
-1.373856036912646417e+01
-1.367326720372386717e+01
-1.482470251685105112e+01
-1.361550576460991735e+01
-1.310515285724273582e+01
-1.351967474043431849e+01
-1.300189349206876521e+01
-1.346450209130691000e+01
-1.365798170969891601e+01
-1.285011090406312917e+01
-1.288609959132001670e+01
-1.288519274672623993e+01
-1.313939885412217556e+01
-1.440964184940326298e+01
-1.507896250447274866e+01
-1.481845276026513147e+01
-1.483903563221819510e+01
-1.328317531610985469e+01
-1.320568395039589760e+01
-1.409281161802548255e+01
-1.165012138849479228e+01
-1.323932038198667804e+01
-1.226465853314252286e+01
-1.336133032788815100e+01
-1.251360368310077398e+01
-1.165403190722756399e+01
-1.203121594650414572e+01
-1.188864888223825744e+01
-1.116827784740733875e+01
-1.171192466536768606e+01
-1.077077691160794615e+01
-1.050997162455095335e+01
-1.234363824910344043e+01
-1.019954079955916981e+01
-1.091352065428563023e+01
-1.109705244357675369e+01
-9.327315552714280145e+00
-1.208382565071372383e+01
-1.295240751200867280e+01
-1.144439425495454188e+01
-1.182811456095774716e+01
-1.250578886911858234e+01
-1.185788445710756633e+01
-1.284189822521226532e+01
-1.207737261543239526e+01
-1.195144522535422738e+01
-1.234900470765684943e+01
-1.303928701839483750e+01
-1.284077583038586212e+01
-1.226894941904215486e+01
-1.307058002694141585e+01
-1.404443686024700710e+01
-1.305896909762485336e+01
-1.094205150176624741e+01
-1.221390834774848955e+01
-1.251578961421601122e+01
-1.217554902360724611e+01
-1.186509178950519150e+01
-1.238780192769575805e+01
-1.209469526641219517e+01
-1.171050425241142356e+01
-1.258601732903521153e+01
-1.233288314587348111e+01
-1.181564251214957117e+01
-1.150995663925163726e+01
-1.089039476996232736e+01
-1.152627352812916683e+01
-1.137055289642018252e+01
-1.045763274974937040e+01
-1.130624262393328827e+01
-1.020696510681009528e+01
-1.068386060444980323e+01
-1.048551426894591287e+01
-1.067846014339094651e+01
-1.185786490747606337e+01
-1.137984039733414932e+01
-1.120675880816818903e+01
-1.157418756909085289e+01
-1.218970624274769676e+01
-1.188265034346617099e+01
-1.261509507047773937e+01
-1.177664157751550000e+01
-1.164594477779952797e+01
-1.185983185949069707e+01
-1.121026962642785563e+01
-1.087383797938610464e+01
-1.314466791600555240e+01
-1.154710286804562358e+01
-1.194135285757280229e+01
-1.224113212596087763e+01
-1.211329980027472786e+01
-1.127771599335623876e+01
-1.239613258592295786e+01
-1.322856844542063115e+01
-1.229562457913727158e+01
-1.066523636955743370e+01
-1.099514268046566734e+01
-1.158505596323203690e+01
-1.215182613924713806e+01
-1.094800089061349979e+01
-1.260619045836045871e+01
-1.227684522325758110e+01
-1.227610797518991426e+01
-1.066168403816599053e+01
-1.117269861058080593e+01
-1.072641425852410535e+01
-1.023035571915253428e+01
-1.070712071056535208e+01
-1.044603126144885330e+01
-9.719957227656948362e+00
-1.117966128458483865e+01
-1.036511150199632780e+01
-1.105396286479059675e+01
-1.093896566367773460e+01
-8.641775694854516132e+00
-9.723336943581845304e+00
-9.201578055533447653e+00
-1.005765322299527753e+01
-1.083860815331115646e+01
-1.020946668673801483e+01
-1.136350604932988162e+01
-1.097861631851791486e+01
-1.045477048080849514e+01
-1.124456195432644279e+01
-1.179669168937119572e+01
-1.149744393550706967e+01
-9.008180753304312560e+00
-8.171689211653088591e+00
-1.040352144653941835e+01
-1.037306077669418514e+01
-1.098952292427414612e+01
-9.988994281455873647e+00
-9.834669354380313422e+00
-9.799027746885901280e+00
-1.039529355759368201e+01
-1.006558168427249811e+01
-9.734362253527688580e+00
-8.427707298570112471e+00
-1.007426880539983216e+01
-8.885933495974139618e+00
-1.159708591302203118e+01
-9.667678738513302505e+00
-1.017536109660099797e+01
-1.144877320753011674e+01
-1.179495281756367220e+01
-9.748165117771856458e+00
-1.158186865048899250e+01
-1.059307751788054119e+01
-1.092683287001473502e+01
-1.042623048982269118e+01
-1.225637261208709106e+01
-1.234135436108500627e+01
-1.177808927571306796e+01
-1.240707972522420022e+01
-1.281154950801028747e+01
-1.178607816717990531e+01
-1.299594011332173693e+01
-1.220415307812479710e+01
-1.227345095889913296e+01
-1.116468171863302139e+01
-1.171259550615959988e+01
-1.153459681182636842e+01
-9.998684862115876371e+00
-1.328525439222553572e+01
-1.320428837366755204e+01
-9.892592177667555831e+00
-1.294884320448954895e+01
-1.138204224162446465e+01
-1.140408316892693108e+01
-1.234969184048503976e+01
-1.191242556022250376e+01
-1.259848541298647362e+01
-1.327596152426242959e+01
-1.296896889852093793e+01
-1.193138169969931184e+01
-1.258672948427648208e+01
-1.244099026407275588e+01
-1.256122414971211398e+01
-1.427637365275823100e+01
-1.385933556620596718e+01
-1.367790833655514504e+01
-1.392026089064631122e+01
-1.334334066886497894e+01
-1.388459943593404233e+01
-1.278865000869832258e+01
-1.353166671758283357e+01
-1.266037719730742594e+01
-1.414747754801781809e+01
-1.423605411738432558e+01
-1.261221916378304897e+01
-1.446671224347124252e+01
-1.428850108419710452e+01
-1.559629298727707791e+01
-1.433142523858397155e+01
-1.489855145269381609e+01
-1.455604796838783699e+01
-1.349620320970924681e+01
-1.436821455341602238e+01
-1.315502113409748830e+01
-1.410935554562514049e+01
-1.326568451910020485e+01
-1.243603334530163629e+01
-1.394353168897200135e+01
-1.383248522712477069e+01
-1.302648684482964470e+01
-1.339079382794808026e+01
-1.331579407840485629e+01
-1.320598427047029944e+01
-1.271043108392322196e+01
-1.224679678779930114e+01
-1.224693604701979766e+01
-1.121294236746565787e+01
-9.912189480572845213e+00
-1.065396332008688596e+01
-9.618228276758340911e+00
-9.984365802809069379e+00
-1.111724085759352576e+01
-1.000031791737613140e+01
-1.108017806149937812e+01
-1.132675190306266799e+01
-1.129347783442411313e+01
-1.220484860687851736e+01
-1.109267155039166575e+01
-1.204075004537008198e+01
-1.232632315523651201e+01
-1.156874674090530775e+01
-1.029698557293386330e+01
-1.144357423927079331e+01
-1.261971247603371538e+01
-1.181880460483200324e+01
-1.255783687964799533e+01
-1.111291437445025565e+01
-1.110539812776155344e+01
-1.308721958299153343e+01
-1.251539794248399673e+01
-1.140162984340851438e+01
-1.251711441823350590e+01
-1.054277030880459165e+01
-1.277045334837622725e+01
-1.207160331262574893e+01
-1.252537688425424456e+01
-1.245829493888599337e+01
-1.259460700194742699e+01
-1.295120975493363602e+01
-1.293659711470367490e+01
-1.329027026655552568e+01
-1.321161708273557167e+01
-1.322149424503998105e+01
-1.426965158563305458e+01
-1.207903690165123400e+01
-1.251147819702240938e+01
-1.383668376889266050e+01
-1.259906383637678928e+01
-1.277047870375178640e+01
-1.450025210241831530e+01
-1.308832687511569048e+01
-1.314837189947652796e+01
-1.284783842047956171e+01
-1.252683235494046698e+01
-1.323526298332043183e+01
-1.306459925747717321e+01
-1.413445331983667330e+01
-1.463080238483616391e+01
-1.307664426485450804e+01
-1.325310699544622217e+01
-1.209720262925721102e+01
-1.288242660472278089e+01
-1.224706535454881973e+01
-1.290980294380329596e+01
-1.282474918540614084e+01
-1.184456828337157930e+01
-1.120975407889906172e+01
-1.045483492484314070e+01
-1.052688811474304309e+01
-1.154644807404140039e+01
-1.256644887399250976e+01
-1.171893510297201679e+01
-1.053606106559691113e+01
-1.305984908064298722e+01
-1.154739717721783165e+01
-1.122399033098342791e+01
-1.188080959119538704e+01
-1.267174072644721150e+01
-1.320465453193899563e+01
-1.233426899230422435e+01
-1.196837894691662640e+01
-1.278228175499407016e+01
-1.321581992046608001e+01
-1.291479833085670137e+01
-1.141910249639554920e+01
-1.308795246558593028e+01
-1.356401672438701311e+01
-1.160901136582122106e+01
-1.183984568186751218e+01
-1.169825564585823763e+01
-1.291372958329491638e+01
-1.134731532705702861e+01
-1.324620968235907625e+01
-1.166448696025029008e+01
-1.134291779598156680e+01
-1.237670730972759259e+01
-1.291359972205400020e+01
-1.249813677394790723e+01
-1.304808067549508621e+01
-1.363853578945166056e+01
-1.381863871087433360e+01
-1.223434246729187080e+01
-1.329008294956308944e+01
-1.286028891128914431e+01
-1.361348749250756285e+01
-1.284113476149030397e+01
-1.236855383285773868e+01
-1.106099894580527732e+01
-1.201205833582477212e+01
-1.110405305158801603e+01
-1.117407226370213280e+01
-1.016275428065384645e+01
-1.124599368865343152e+01
-1.301790520973618825e+01
-1.336797806857696358e+01
-1.157880901806543328e+01
-1.044783005339957072e+01
-1.083557479105637178e+01
-1.137033749898737334e+01
-1.146546338109547847e+01
-1.294692577671795775e+01
-1.036323050372923049e+01
-1.139087339196777116e+01
-9.843192536188933417e+00
-1.174561310467464637e+01
-1.036492723833043073e+01
-1.055888725922750027e+01
-9.905812813844502074e+00
-1.075649520742433118e+01
-1.080084235706005558e+01
-1.072912163465888824e+01
-1.087322131552259563e+01
-1.017845341647355184e+01
-1.119508824910647427e+01
-9.546687962080417478e+00
-9.184035476439486700e+00
-1.050388128674561017e+01
-9.946754396832201195e+00
-1.037639129080555378e+01
-9.397081819255546975e+00
-1.061019863283646103e+01
-1.093499139977816270e+01
-1.100756994999125382e+01
-1.043822317292489466e+01
-1.043266500750222292e+01
-9.673446781841256836e+00
-9.852856225593933814e+00
-1.080605363475181591e+01
-1.031179079062168569e+01
-1.086134078398066904e+01
-1.021504332652930813e+01
-1.084926415939884770e+01
-9.386718162960335121e+00
-1.029269207924592244e+01
-1.012175146071473897e+01
-1.069627796920822327e+01
-1.218705560410563038e+01
-9.864436944519543005e+00
-9.013738259829494837e+00
-9.380906593218295342e+00
-9.883286621968245811e+00
-9.103509712317432445e+00
-1.004831314555334032e+01
-9.693660424115430274e+00
-9.467186343423939832e+00
-1.093697685404064579e+01
-1.053410881343229732e+01
-1.188396385516949039e+01
-1.072300524630876239e+01
-1.086853327485157727e+01
-1.069193352593135948e+01
-1.063817605286820189e+01
-1.020534685578444467e+01
-1.217441874240814315e+01
-1.128686763274226834e+01
-1.160968077467739334e+01
-1.057806015936318644e+01
-1.200890126914934797e+01
-1.069511125925070694e+01
-1.131123859754465677e+01
-1.097799185796217003e+01
-1.152669467220381705e+01
-1.305338361730630048e+01
-1.118178151318233127e+01
-1.158474664467626170e+01
-1.217632155079854783e+01
-9.952953710915307894e+00
-1.009525292382391370e+01
-1.055419224691595126e+01
-1.120633763888205792e+01
-1.147112765135667622e+01
-1.118714363721569427e+01
-1.157086144901214197e+01
-1.022125744005962922e+01
-1.200722655571273023e+01
-1.225916597101859296e+01
-1.200019899588982852e+01
-1.070789534805529541e+01
-1.032023839363677808e+01
-1.175777598774500099e+01
-1.115065985898111478e+01
-1.095964423622247708e+01
-9.440753731063725951e+00
-1.033064177135895889e+01
-1.050145880126503783e+01
-1.151808826981169531e+01
-1.034881606602004567e+01
-9.837719176509587271e+00
-1.049941371560872838e+01
-1.002248299406724463e+01
-1.167753656343835189e+01
-1.029931736623865213e+01
-1.239935307746446469e+01
-1.095810065446762849e+01
-1.215959024281396950e+01
-1.129996503575578615e+01
-9.294047110185449156e+00
-9.237367337466102057e+00
-1.010198795664121363e+01
-1.065842162029543516e+01
-1.093213805416007567e+01
-1.093138799001963690e+01
-1.037476082331980543e+01
-1.146450559480746989e+01
-8.818386681663678672e+00
-9.212842566170248659e+00
-9.597014778619783471e+00
-9.413405247532288911e+00
-8.583408383918433415e+00
-7.737676006401276396e+00
-8.697370107630614910e+00
-9.660198561243976911e+00
-8.192899492813889850e+00
-9.830494010121917370e+00
-8.579298234054558492e+00
-9.233877198035578715e+00
-9.478292650637174077e+00
-8.085381411382439154e+00
-9.313066742100129858e+00
-9.445727406827270300e+00
-8.113316843306058956e+00
-8.692975818296925894e+00
-8.865037661425814619e+00
-9.454518409849487881e+00
-9.391810734621591550e+00
-8.195715940141012013e+00
-9.168240651495956683e+00
-9.120244257941489963e+00
-8.903206766303789266e+00
-8.518108932353712248e+00
-8.783028789588847474e+00
-9.289186721103588340e+00
-9.029698591332167013e+00
-9.163382227559370818e+00
-8.366118633033391205e+00
-8.708087042179979420e+00
-8.380803422827845850e+00
-9.456102284930189228e+00
-9.951686989733929067e+00
-9.327128321618452844e+00
-1.173584459429567062e+01
-1.002638962101911702e+01
-9.779184035077156167e+00
-1.015094499609560508e+01
-1.021899858313156528e+01
-8.639324276875759878e+00
-1.074116536586753590e+01
-9.165292315019515357e+00
-9.481851614400989448e+00
-1.001657874897344058e+01
-9.297901649026535154e+00
-1.019679792160033038e+01
-9.046246067871381413e+00
-8.187505010844995823e+00
-9.150955243885604773e+00
-9.196703085777720332e+00
-8.473907512502762529e+00
-7.448222908137889675e+00
-7.999094749759819045e+00
-7.867494753900120763e+00
-7.406193771476962340e+00
-7.447381068820638106e+00
-6.829580111131377862e+00
-6.910227430868996379e+00
-8.460953512264191900e+00
-9.235002080597087826e+00
-8.197097865059596700e+00
-7.495128936842688994e+00
-8.522835542421129063e+00
-9.589052449910363762e+00
-8.395643525069321100e+00
-8.234968339395205561e+00
-8.704113551568861240e+00
-8.949869642973807160e+00
-7.709893359485908704e+00
-9.136290709632536533e+00
-7.864038791099397407e+00
-8.929137706843111033e+00
-8.640579051928206411e+00
-7.341008895730847250e+00
-9.272077174430727098e+00
-8.418982036920802159e+00
-9.513250873556234666e+00
-7.415174836722971285e+00
-8.855199615409173219e+00
-7.667174546367263588e+00
-7.734461826993576317e+00
-5.671118670744080603e+00
-6.750417209578393418e+00
-6.945176632664430194e+00
-7.900162411565589515e+00
-8.040406666843438188e+00
-7.706995409284809639e+00
-8.239907729774079925e+00
-6.510939823995270714e+00
-7.813008726998457831e+00
-7.537145104105814397e+00
-7.718761849627158611e+00
-6.474401413461576382e+00
-7.903017970479237597e+00
-8.148592204280999951e+00
-7.663621733923715595e+00
-8.018102347041089928e+00
-7.420571738386806615e+00
-7.372847658070766030e+00
-6.878359169488528657e+00
-7.749003807454061032e+00
-7.582979200772476780e+00
-8.645391411186505337e+00
-9.068528625610206007e+00
-7.747114405435233664e+00
-8.031463215329775807e+00
-1.009822418556852952e+01
-9.734541230538873435e+00
-8.830373672958192088e+00
-9.551883767156372329e+00
-1.106366663248471127e+01
-8.986364145992812524e+00
-9.150295615395428683e+00
-9.485915931481347485e+00
-1.010231753158771895e+01
-9.552964579333027118e+00
-8.026579575149842327e+00
-8.553668976927758294e+00
-8.076333932914543823e+00
-7.374285676287552604e+00
-6.065901998584310562e+00
-9.003989119598447388e+00
-9.115205160466635093e+00
-8.956769603561742343e+00
-7.201365565932444035e+00
-9.057196263750647347e+00
-6.900093424575283407e+00
-7.195651117845327072e+00
-7.738680939956628535e+00
-8.095593987428326699e+00
-8.728540020502272512e+00
-7.977287561755669998e+00
-7.983114104688474377e+00
-6.119448347995600557e+00
-7.473652283416289066e+00
-5.789007980765673800e+00
-5.854526500669424927e+00
-7.825286285631062100e+00
-7.090673175940717776e+00
-7.904949829681140017e+00
-7.391102640911592303e+00
-9.149787969853818481e+00
-8.406980215402235501e+00
-7.400411358659087391e+00
-7.390762290498066989e+00
-8.583524782535977948e+00
-7.810855833036788098e+00
-8.098297089108676516e+00
-6.417694304216728263e+00
-6.958983844973598565e+00
-8.051500381762139114e+00
-7.831334935477934245e+00
-8.217794001217370692e+00
-8.035482616370268616e+00
-7.919682506218189033e+00
-5.871222577499184858e+00
-6.970884419215525263e+00
-7.387590766181567403e+00
-7.336848855475368580e+00
-5.839265523172260330e+00
-7.766916249468763134e+00
-6.974811445357432582e+00
-7.548698290637913644e+00
-7.381535101400870325e+00
-8.123387742282622170e+00
-1.053068280327635442e+01
-7.741167145072093803e+00
-7.778829658963445581e+00
-8.732804745310062344e+00
-9.266118328804829218e+00
-7.754865034232921062e+00
-8.981250295860688126e+00
-8.693708280208682027e+00
-8.863109337344582173e+00
-8.526815478504211399e+00
-9.189091787216053575e+00
-7.764162716086711491e+00
-8.032557131342452195e+00
-8.713103737686981987e+00
-9.134915117372653270e+00
-1.003188576454436998e+01
-1.015327567564598255e+01
-9.572300674710847446e+00
-9.056863352763111052e+00
-1.009512577030127289e+01
-9.152883025064994627e+00
-9.249113286078040730e+00
-9.882078094415652103e+00
-9.564242462932227795e+00
-9.131900109846840863e+00
-8.767518262540244578e+00
-7.532698057198893515e+00
-9.691568133417032271e+00
-7.765222061733121350e+00
-9.182987392070403487e+00
-1.051622038533898262e+01
-9.142977028006368911e+00
-9.137623495026749865e+00
-9.639170416902526739e+00
-1.043071038921028304e+01
-1.068373247423854266e+01
-1.042121166123468967e+01
-9.703724938676042910e+00
-9.450771272604402640e+00
-1.005468119386451065e+01
-1.008273304980005847e+01
-1.190303991125937699e+01
-9.804207872604315810e+00
-1.140350843774198886e+01
-1.062643334570509879e+01
-9.261126036554600205e+00
-1.012974720384478289e+01
-9.736400960497467949e+00
-1.055299574096397741e+01
-9.921764576157151794e+00
-1.026525567315734300e+01
-9.020453389616861273e+00
-8.550977946487950732e+00
-1.045622903035670603e+01
-9.210822270674412948e+00
-7.932951372913302990e+00
-1.017824790598889351e+01
-1.019487606337695240e+01
-9.072465985435760771e+00
-1.042832123509908016e+01
-9.608386311821593750e+00
-9.469036796846424409e+00
-9.819943588317443073e+00
-9.924731547714419122e+00
-1.058177234559525104e+01
-1.043687819753685631e+01
-9.457528803432943221e+00
-1.003356488357794873e+01
-9.591977676061571145e+00
-9.422289705455092701e+00
-9.329532969222274374e+00
-1.194256459274290449e+01
-9.734548096958704377e+00
-8.687274785231085872e+00
-1.068898153818318519e+01
-1.045850239419528016e+01
-1.227559385757925625e+01
-1.153227621770340683e+01
-1.185479174534798652e+01
-1.087932595304444661e+01
