1.601192787767701242e-01
-5.086763297558509755e-01
-2.199495803776489455e-01
-1.647873744848357136e-01
-4.780711738789212850e-01
-6.936752439890969679e-01
-5.451363848520348609e-01
-8.000873870032374491e-01
-6.449869166631480022e-01
-9.762580262550627497e-01
-1.046385102093586816e+00
-1.170727337758770137e+00
-9.356340812469055024e-01
-9.542391331065258608e-01
-4.370753519032508638e-01
4.558141817785077432e-03
3.642148217269916000e-01
1.112902872487847361e+00
1.623244605591346534e+00
1.648083633519237035e+00
2.453799560366865418e+00
2.413343546899039183e+00
1.862039926146083157e+00
1.979139830861998517e+00
1.794151287505594494e+00
1.581752656017698211e+00
1.673158331504780660e+00
2.239469650379286580e+00
2.419734308219274599e+00
2.802507124960473384e+00
2.614754403928108761e+00
2.373866504627391461e+00
2.019863858329382200e+00
2.122824794170179441e+00
1.529039143186174066e+00
1.051229832509148476e+00
1.189479636069101121e+00
1.609639791650236518e+00
1.772732164934568866e+00
1.562926381644120344e+00
1.402486751836995671e+00
1.091154020245900469e+00
7.546433208287730565e-01
7.349514461230803875e-01
-7.609545143124463173e-02
-3.466480693468845797e-01
-7.246602309472743864e-01
-5.968036247401931060e-01
-4.072970829715576446e-01
-1.385077496481468828e-01
-3.500395372721512022e-01
9.958598961042747222e-02
-2.602473706164906697e-01
-6.218045064592082616e-01
-9.837783024608797167e-01
-1.338174332291004465e+00
-8.525420211776791879e-01
-4.838024624406929153e-01
-5.731446404410077688e-01
-8.166636750366995656e-01
-1.036040695249285770e+00
-9.228456770775560480e-01
-5.508752360841995266e-01
-8.302874100878797625e-01
-5.390740643016016520e-01
-4.511460295806368204e-01
-4.851644744988417024e-01
-3.746432502615702487e-01
3.046721624203318490e-01
6.429595134152694680e-01
6.922355052822546373e-01
5.033307655423997495e-01
7.069371451306389886e-01
9.352044156778497319e-01
2.123501406520899026e-01
9.466596800184683136e-02
-9.439409234760855194e-02
-1.258746791782617558e-01
4.960617449726892336e-02
-8.376966227928731024e-02
2.277000233322545031e-01
-4.434516688335990442e-02
3.763172272188292089e-01
3.927978850782380960e-01
9.631990659635237817e-01
1.447745409453094156e+00
1.691289093473843153e+00
2.259631552340413574e+00
2.438784616603665523e+00
2.082073207930336345e+00
2.077377377487417576e+00
2.381326637321603545e+00
2.407663642528016013e+00
2.466555876394917579e+00
2.242746169948303780e+00
2.132019921756575620e+00
1.880441484112734596e+00
1.861242080092166518e+00
2.103045458158945724e+00
2.044287397414304319e+00
2.227412907850205404e+00
1.821470603546444966e+00
1.778574146238126152e+00
2.231581248317553889e+00
1.972671446964316289e+00
1.857405935645248807e+00
1.228144779960463229e+00
7.399040205740361476e-01
4.449992535697173679e-01
7.112769765003851274e-01
3.566131402055405797e-01
7.342719651994150665e-02
5.076470545368950704e-01
2.296396126808050164e-01
1.025857348273924607e+00
1.617776105360993144e+00
1.604740591514439263e+00
1.826257563077728463e+00
1.767495723725640566e+00
1.857961830763201982e+00
2.099482042546714666e+00
2.082101082131149195e+00
2.441840927109137915e+00
2.680317745543674413e+00
2.546648017818544218e+00
2.422955312616437151e+00
2.118211686375987224e+00
1.768769656246435673e+00
1.935936583255764676e+00
1.861210508524059115e+00
2.246443493793379265e+00
2.186017093687594226e+00
1.940615928050735794e+00
1.863162399513816458e+00
2.015023125098891921e+00
1.776075444986664476e+00
1.460525370496176478e+00
1.721857977765786973e+00
2.196596567540631373e+00
2.324524707217600294e+00
2.070681573481402804e+00
2.652392400699777220e+00
2.713118029115051399e+00
3.190680681455922318e+00
2.880105773289864945e+00
3.210246484621382734e+00
3.341576709037938464e+00
3.502128313730885179e+00
3.612327714524771860e+00
3.857974562867236834e+00
3.846460087477106438e+00
3.480581755949105904e+00
3.524549997528831913e+00
3.603661425050800560e+00
3.905475777762532630e+00
3.794589439249155483e+00
3.861475836681275808e+00
3.904157933444837081e+00
3.649434364579152490e+00
3.313074091003059607e+00
2.967163441911190969e+00
2.763613397681329964e+00
3.379424083748438612e+00
2.746494700026731461e+00
3.625022796111957213e+00
3.885562389654658499e+00
3.875295881404259291e+00
4.030867118208179889e+00
4.008680019860074495e+00
4.081978750573903802e+00
4.044408395593236172e+00
3.923920610992023494e+00
3.597866898996886942e+00
3.635474402203703104e+00
3.375116758966747010e+00
3.593060963764945104e+00
3.801113528228233562e+00
3.126681319896830846e+00
2.630490810269492385e+00
2.246847223318459541e+00
2.005563265721629129e+00
2.108987576379865558e+00
1.772615843024892390e+00
1.727723917502276940e+00
2.158853130203640447e+00
1.923231570117870382e+00
1.910839320354295934e+00
1.584860551283329588e+00
1.467836426438309250e+00
1.343865659550839142e+00
8.892674835633012087e-01
8.748982087967573928e-01
3.394549088582285989e-01
6.313663379665244157e-01
1.247270350098639291e-03
3.319240780649886924e-01
3.253581021337043633e-01
4.705874648711956265e-01
7.088926092180677374e-01
9.400049980236604430e-01
7.465320715342588231e-01
7.817259308729068712e-01
6.385683951383924750e-01
2.883155057091064677e-01
5.220735057763224995e-01
2.645096232090876076e-01
-2.123058597408425396e-01
3.174352647097255509e-01
4.383444794882932483e-01
7.074379880616187277e-01
5.538182322526252754e-01
5.142259214740629858e-01
6.461280246789682380e-01
8.253343033764583003e-01
7.215260362821476203e-01
4.780872566940788659e-01
6.090868272512359738e-01
8.401210153020494120e-01
6.737394591170947633e-01
2.535938284565540379e-01
-1.774823110349050270e-01
-4.983829434369641542e-01
-6.462385457126617050e-01
-3.280326947291345441e-01
-3.437650067445457425e-01
-6.234299999042944851e-01
-4.711781902474627692e-01
6.426647657157280591e-02
3.570871901171079332e-01
4.541555305551601140e-01
3.721937505244573563e-01
6.023706528975791841e-01
9.049534556206115798e-01
6.023559436050387461e-01
4.913493777133001728e-01
3.945909726874393120e-01
-1.675151690797788695e-01
-2.004350001445193985e-01
-4.440384128057396906e-01
-6.821401819826167223e-01
-3.009658834591175669e-01
-6.394571400216200185e-01
-3.332678257808269207e-01
-2.232120084043575647e-01
-2.069336712827576918e-01
-3.322070972395421151e-01
1.154587156100741474e-01
6.169996867785596528e-01
1.145723817088256880e+00
8.510717147689501605e-01
1.164402099831601811e+00
1.017121939961222576e+00
5.385458510009701882e-01
7.407588201006815032e-01
4.426850101336887722e-01
3.151586326149226069e-01
4.917296714830949877e-01
8.087720593287404114e-01
6.264230143227828007e-01
-1.252096575908098197e-01
-8.352977931130592948e-01
-5.234972144292082685e-01
-3.974270908000029356e-01
-1.423652199609762858e-01
2.551947309232456829e-01
4.045073547622549115e-02
2.012137090430542175e-02
1.707163647125939376e-01
2.506163357005064540e-01
6.037654182097957900e-01
7.403737941796038058e-01
6.725800028886881332e-01
3.407567607560544887e-01
1.956153621512013441e-02
-4.053928105811077653e-02
7.708578052436133865e-02
1.670072010379709537e-01
2.156608691408251899e-01
-3.780640965071688231e-02
2.236379242076631801e-01
2.858097504343011241e-01
-8.210818763074545501e-02
-6.822554559077533831e-01
-6.766003764239670870e-01
-3.751318852559158978e-01
-7.425124558330252755e-01
-5.289653591882796935e-01
-9.176807254394934166e-01
-5.758456623230867599e-02
4.674640540860153237e-01
8.096359642564423531e-01
6.798999155542702066e-01
8.003292452793550060e-01
6.818862356881076892e-01
1.164753366499865050e+00
7.906283676751576506e-01
3.790634953254641837e-01
2.264686853075698059e-02
1.021748983532667771e-01
5.206389155729258533e-01
1.804446190700915165e-01
-1.358111395442259117e-01
1.968372435319906688e-01
4.377277840491107241e-01
5.362677364584350626e-02
-3.473744278887246073e-02
3.722276139057818789e-02
-1.720981874398507250e-01
-5.716253899823158235e-01
-1.062714369429204053e+00
-9.847071263312543454e-01
-1.053952452287001185e+00
-1.407443655089914314e+00
-1.419046949685572656e+00
-1.762912455196691486e+00
-1.415276165349631743e+00
-1.871800258941630490e+00
-1.886129576311040834e+00
-2.309976839107739988e+00
-2.387205277839378859e+00
-2.446107484963596868e+00
-2.706144868176156404e+00
-2.701410147490699742e+00
-2.556291659245483849e+00
-2.812688285288567069e+00
-2.560807869080532928e+00
-2.835949537463200887e+00
-3.004919414440571312e+00
-2.898667177861779187e+00
-3.142213462118673917e+00
-3.267812201775682102e+00
-3.090107663781254121e+00
-3.080420009617396371e+00
-3.061881476410754921e+00
-2.860947023628700681e+00
-2.687829054124351913e+00
-3.131961740027341179e+00
-3.163663917312200979e+00
-3.096711526638803669e+00
-2.930280740027771280e+00
-3.495560072045128752e+00
-3.323269060167469036e+00
-3.562836074886744697e+00
-3.771205453803781360e+00
-3.835070495019579084e+00
-4.341982131186121308e+00
-4.399658694377008850e+00
-4.154232910761614939e+00
-3.912363082095516198e+00
-3.720522438525509568e+00
-4.006045434192122556e+00
-4.530761633956798207e+00
-4.596980277395879000e+00
-4.531323700033770052e+00
-4.516110826759304864e+00
-3.819875309531363339e+00
-4.198195319131034609e+00
-4.909306890437552973e+00
-5.273323030825880942e+00
-5.283765310478913513e+00
-4.956906665383437272e+00
-5.545480622229893797e+00
-5.271006411303463146e+00
-4.980314787694720913e+00
-4.620049835517563430e+00
-4.844657807999981358e+00
-4.353199620195931097e+00
-4.571921641314793838e+00
-5.139019052482740157e+00
-5.455076594084077968e+00
-5.357114436230737908e+00
-5.453829026737649244e+00
-5.835479496081656947e+00
-5.899332735661402261e+00
-5.882089894373994099e+00
-5.372061560000397584e+00
-5.061130017679890791e+00
-5.191737960675453678e+00
-5.187772796471366910e+00
-5.312228096397069166e+00
-4.908806973366972137e+00
-4.534916346754409133e+00
-4.900403266827027871e+00
-5.035000989417687478e+00
-5.049562012274066092e+00
-4.717073497112285629e+00
-4.967329141271643600e+00
-4.873757885679835589e+00
-4.892408319120024274e+00
-5.149397310300345865e+00
-5.037441599975590378e+00
-4.716072513970722468e+00
-5.018914101667687255e+00
-5.489793742251875663e+00
-5.541020045116262338e+00
-5.535006919903508127e+00
-5.880257504152075931e+00
-5.543032151485169479e+00
-5.517192959711998412e+00
-5.623617005324833329e+00
-5.523276449024990598e+00
-5.351607962156213816e+00
-6.118000194976439765e+00
-6.004755939060510528e+00
-6.267401868348100535e+00
-6.430791545019697075e+00
-6.026578767707778894e+00
-6.478827245001290258e+00
-6.470111084487902176e+00
-5.624555160840067458e+00
-6.527873210742123788e+00
-6.166926574383938764e+00
-5.913777251347624997e+00
-6.092447630355215971e+00
-6.132265363638032873e+00
-5.959717691180927090e+00
-6.104074137772362185e+00
-6.210987190400912183e+00
-5.922888648336271267e+00
-5.501027773505026808e+00
-5.763235684707080253e+00
-5.704667041017397189e+00
-5.983207365393967692e+00
-6.158254452182267080e+00
-5.855235763209662103e+00
-5.936362470156683280e+00
-6.372342450649928658e+00
-6.850095719509924130e+00
-7.120145571565105413e+00
-6.467020524599641718e+00
-5.926989611383798540e+00
-5.916114888961898188e+00
-5.608572136674794706e+00
-5.614920846254513265e+00
-6.090241170788236680e+00
-6.048298294473328340e+00
-5.879916694892312279e+00
-5.742317652569842501e+00
-5.773722093318314208e+00
-5.897161973632837118e+00
-5.282933339188290667e+00
-5.306017296949715245e+00
-5.489158560599221914e+00
-5.513773289893941332e+00
-6.000011538970741576e+00
-6.083990111275328516e+00
-6.422791981052633936e+00
-6.118056653685928659e+00
-6.111571225178655808e+00
-6.327180510926745605e+00
-5.988318196927171932e+00
-6.338547689068342983e+00
-6.731592062368406459e+00
-7.345294632546958802e+00
-7.230381535989680586e+00
-7.463873098320434885e+00
-7.935453994052280358e+00
-7.796788164672069144e+00
-7.975547004098170412e+00
-7.965330806061220237e+00
-7.428638964344377094e+00
-7.572492387624594201e+00
-7.202384065219854747e+00
-7.117192698125426986e+00
-6.718762868577922376e+00
-6.879804320260337391e+00
-6.840570938987418970e+00
-6.690149850405338938e+00
-6.587214027734555444e+00
-6.324028343059176827e+00
-6.104060748506719314e+00
-5.587771571531489734e+00
-5.069289967856750678e+00
-5.170411792856164368e+00
-5.134702047300184091e+00
-5.457386019501252683e+00
-5.127945731234359705e+00
-5.226153695978537961e+00
-4.787360615898094807e+00
-4.894643400614056006e+00
-4.347209284095542081e+00
-4.037028761945531841e+00
-3.932139781429764280e+00
-4.187211986127743479e+00
-4.295174820851760167e+00
-3.883962316707814555e+00
-3.575418236882482503e+00
-3.910906892806816249e+00
-4.398123670659073170e+00
-4.562424460733432774e+00
-4.481872910745215322e+00
-5.222409303087944821e+00
-5.438745817639453861e+00
-5.135645966540856477e+00
-5.494818897184875262e+00
-5.497998973904079101e+00
-5.155360535937286492e+00
-5.405736306497253452e+00
-4.984313659169745669e+00
-4.626011162035420732e+00
-4.630955905960257191e+00
-4.808017107905581788e+00
-4.945889439064646176e+00
-5.036581791738663050e+00
-5.657820893715148181e+00
-5.964545388891203892e+00
-5.486180085005885942e+00
-5.400800383529458237e+00
-5.274152772382509902e+00
-5.223759138479870501e+00
-5.350092421173468615e+00
-5.630409922285768864e+00
-5.823969063619841791e+00
-5.541017568045711883e+00
-5.484480660308932443e+00
-5.556197349825905185e+00
-5.333059615833892764e+00
-5.463297723423599983e+00
-5.484755590725260532e+00
-4.968175062506236195e+00
-5.461106100533295482e+00
-5.747223554815370505e+00
-6.052380483262346011e+00
-6.230325276797967327e+00
-6.517075322327194442e+00
-6.460537602111525501e+00
-5.863014720359170262e+00
-6.110065520862888455e+00
-6.478406334111693532e+00
-6.243173978655668144e+00
-5.830807080368200168e+00
-5.917228618303726151e+00
-5.773758459653770991e+00
-5.850123550032924946e+00
-6.692484429213993558e+00
-5.865333510798597771e+00
-6.220188795646717672e+00
-6.427264749092036489e+00
-6.707073502012809385e+00
-7.040640271491297675e+00
-6.829976084546878212e+00
-6.834225708490298423e+00
-6.753816994538692775e+00
-6.461149232815902366e+00
-6.657559592602379617e+00
-6.998871685672355625e+00
-7.009602683436648718e+00
-6.986481362326055766e+00
-6.824429462542528135e+00
-6.929522550354889177e+00
-6.611360931381640604e+00
-6.626898867540737648e+00
-6.844537858516573259e+00
-6.943582103586527943e+00
-6.934760040838323647e+00
-7.076402536416788180e+00
-7.329244793866272367e+00
-6.832692511877734631e+00
-6.838170482606695799e+00
-6.734521222220205772e+00
-6.360705817382037885e+00
-5.817558730699227354e+00
-6.083268173964737180e+00
-6.174428211147663603e+00
-6.749128768068186623e+00
-6.937816959714610654e+00
-6.369542569408847221e+00
-6.310158383068379173e+00
-6.232882482414478176e+00
-6.157996567426970991e+00
-7.043044380331043186e+00
-7.409504208737596187e+00
-7.545268173792111455e+00
-7.990312067979648880e+00
-8.214617585221967389e+00
-8.560737144569984025e+00
-8.899843637133383112e+00
-9.164425014465706454e+00
-9.127827772429723652e+00
-8.795524270586811966e+00
-8.960032969825457272e+00
-8.925136074973222478e+00
-8.826017369489271402e+00
-8.550629129874124601e+00
-8.427768130561524629e+00
-8.939610956713774925e+00
-8.871606407269105432e+00
-9.262779191593287109e+00
-9.461174059953384230e+00
-9.623892129742067425e+00
-9.458780291085746583e+00
-9.296934713833039154e+00
-9.477779257219118847e+00
-9.517851959013263752e+00
-9.276775658759511600e+00
-9.701795476872474566e+00
-1.010131796551312178e+01
-1.002226848550531990e+01
-1.031024689602131694e+01
-9.679236694696047749e+00
-9.425951493252100022e+00
-9.273307491522579937e+00
-9.023706460381077932e+00
-9.235227044684879871e+00
-8.975524952658428646e+00
-9.235635011954913764e+00
-9.076282326347854479e+00
-9.416127481767142982e+00
-9.480635156769885441e+00
-9.055895518414315504e+00
-8.591427625661191669e+00
-8.363068213626728920e+00
-8.929381750032513665e+00
-8.864348220589008065e+00
-8.833671484282431763e+00
-8.945839342960185903e+00
-8.707694269303640766e+00
-8.385025441154514425e+00
-8.454674604978471564e+00
-8.501960857388326076e+00
-8.795841244679902360e+00
-8.903805948267880410e+00
-8.751937384816008247e+00
-8.722497585888451255e+00
-8.051913504676633693e+00
-7.523091087498032792e+00
-8.089032132911674111e+00
-8.289542424539478205e+00
-7.881250247850272395e+00
-7.482568196828186302e+00
-7.553688839158885671e+00
-8.003034941449083561e+00
-7.637266020982540482e+00
-7.433370687766654328e+00
-7.648780782296744185e+00
-7.353165222234830267e+00
-6.963579861211887767e+00
-6.840891311983987144e+00
-7.185850948332326737e+00
-7.280510915861282406e+00
-7.634783254564164956e+00
-7.776772919570105636e+00
-7.709302240529561701e+00
-7.801469966973950676e+00
-8.561211694932627125e+00
-7.917070518928349010e+00
-8.321727970833117993e+00
-8.146483631813039139e+00
-8.234160968224809807e+00
-8.282628809424490868e+00
-7.760435631202943441e+00
-8.108011256442676284e+00
-8.306437657060680380e+00
-8.424311439032626581e+00
-8.027436725845788601e+00
-8.244061048388791946e+00
-8.124235894675811309e+00
-7.282765783698691209e+00
-7.164011956080512000e+00
-6.802150936119347513e+00
-7.087334886459264460e+00
-7.709504685620544251e+00
-7.872162788920714860e+00
-8.195251221693496291e+00
-7.967056966065747758e+00
-7.720793547237810195e+00
-8.077837602167855735e+00
-8.180106145307282972e+00
-8.141848852684814730e+00
-8.171715694904118976e+00
-8.153282531091683438e+00
-7.574770616361520936e+00
-8.270723362264950751e+00
-8.444931533691963921e+00
-8.487820988050678750e+00
-8.537859799217676127e+00
-8.477518672620554696e+00
-8.633122165100491685e+00
-8.690160186242609441e+00
-8.696001586191824728e+00
-9.028555626665761835e+00
-9.072367903558019364e+00
-9.456594791934792354e+00
-9.715957295253181414e+00
-9.110171468763299529e+00
-9.241830263198943740e+00
-9.215712922403728413e+00
-8.967558680671590565e+00
-9.098703789485751869e+00
-8.642113582236881086e+00
-8.204360233350456610e+00
-8.014733205607175393e+00
-7.961281130160228869e+00
-7.733978501060455812e+00
-7.350690007350344501e+00
-7.020100591828761338e+00
-6.822192404979046110e+00
-6.821103037319542928e+00
-7.691666104901567103e+00
-7.075612219092300315e+00
-7.617074009296072923e+00
-7.383245379329153479e+00
-7.286627770584959585e+00
-6.974146945668556086e+00
-6.807547347927216386e+00
-6.486006228529966222e+00
-6.607515881583679196e+00
-7.189793016659837832e+00
-7.460530884953369579e+00
-7.751624013557941062e+00
-7.730905840331073087e+00
-7.573680284123148532e+00
-8.166101097077367754e+00
-7.968556189280580959e+00
-7.650736951630332960e+00
-7.538265548861612153e+00
-7.527482599008230579e+00
-7.091425999426343552e+00
-7.220657396629364122e+00
-7.397924032511294712e+00
-7.800310991617410927e+00
-7.778697478948839894e+00
-8.412023173872498205e+00
-8.094724582622706777e+00
-8.151093956435872201e+00
-8.017638487839930050e+00
-7.876286212723286440e+00
-8.099335267703880348e+00
-7.672680663138716106e+00
-7.951273565499930029e+00
-7.916274493609581242e+00
-7.663046422725575901e+00
-7.556857544769308710e+00
-6.806669887535765184e+00
-6.847743458174505804e+00
-7.135820031585221379e+00
-6.529693235103573912e+00
-6.822158470701348065e+00
-7.017323241258760724e+00
-7.202232933630949852e+00
-7.119466872366587040e+00
-7.363994846495142355e+00
-7.549758726788243557e+00
-7.107757323711379804e+00
-7.186069876613623286e+00
-7.166952910817472322e+00
-6.918515215934010421e+00
-7.197148394979836716e+00
-7.171839921551898200e+00
-6.679317943329516005e+00
-6.351581746272522366e+00
-6.483059228428527554e+00
-7.172155139077157848e+00
-7.034985921506729412e+00
-6.844417574007650273e+00
-7.236842127802821878e+00
-7.375365482986807386e+00
-7.419879596594389781e+00
-7.485308812942000678e+00
-7.745126937949759593e+00
-7.494655064194462035e+00
-8.301043527121374055e+00
-8.675937164847297822e+00
-8.674704246365365634e+00
-8.407564162511524941e+00
-9.031144433781738812e+00
-9.368915204965313492e+00
-9.350047096652200906e+00
-9.256845565133239973e+00
-9.301845808756096901e+00
-9.536064864081826187e+00
-9.361179687805844196e+00
-9.892997448410081773e+00
-9.515670726765462106e+00
-9.999073027224627097e+00
-9.349417769891713803e+00
-9.386529994164988011e+00
-9.958097613875391829e+00
-9.900754580343029687e+00
-1.023716439017276159e+01
-1.022243555405916915e+01
-1.073086137090515280e+01
-1.100304877428201777e+01
-1.120075142156209402e+01
-1.159551560055735031e+01
-1.070242299069763270e+01
-1.055938282393381300e+01
-1.025908470286266549e+01
-9.887442187382411873e+00
-9.526101732835046576e+00
-9.708112499386945871e+00
-9.321515729660575289e+00
-8.799866916904489855e+00
-8.996137958313099148e+00
-9.042767427791282842e+00
-9.076478051929392166e+00
-8.989505314435628947e+00
-8.952438393234778857e+00
-9.542120989012202514e+00
-9.383421058074036480e+00
-8.900606163405676341e+00
-8.974257208364235794e+00
-8.753206802431263256e+00
-8.475928728010380553e+00
-8.335307359989363007e+00
-8.090840709994852276e+00
-8.783047237594706402e+00
-8.786298609317277908e+00
-8.913518086750409353e+00
-9.045970779561242736e+00
-8.612378270904743616e+00
-8.551225312751917329e+00
-8.019348148242649188e+00
-8.222987508641322663e+00
-8.083761454451384054e+00
-8.715052582977616424e+00
-8.267221005004193657e+00
-7.650144707450448500e+00
-7.919255329360110451e+00
-7.987845245529975102e+00
-8.267928191598841181e+00
-8.643724608684715704e+00
-9.527691051751308038e+00
-9.231580022608135039e+00
-9.558819915602143169e+00
-9.437050012309233793e+00
-9.345455313651747531e+00
-9.672144714505849450e+00
-1.055389269281320175e+01
-1.017274744280298648e+01
-1.009425085765200336e+01
-1.007947892319318584e+01
-1.043612707954449625e+01
-1.048221200206350190e+01
-1.022855796468680900e+01
-9.803303180820698515e+00
-1.049382075425946503e+01
-1.039301151930133038e+01
-1.025321638199874563e+01
-1.054423530904205997e+01
-1.075120457285191478e+01
-1.097256265195398939e+01
-1.129288431746193488e+01
-1.111683528947456701e+01
-1.168742859577487359e+01
-1.141142460951177107e+01
-1.155669842500555866e+01
-1.140549598226574801e+01
-1.093190236843546259e+01
-1.079386321001012128e+01
-1.043141727441611977e+01
-1.002728099727343825e+01
-1.018810246554727783e+01
-1.024137537531682796e+01
-1.045266683068410352e+01
-1.050669311905149073e+01
-1.040256977193145715e+01
-1.015276691462821645e+01
-9.868076564506575110e+00
-9.881853934443292076e+00
-1.015704658863783649e+01
-1.008155629702169875e+01
-1.043519220126444580e+01
-1.021401854486595973e+01
-1.038993851208925534e+01
-1.042876035266056967e+01
-1.024057419844184480e+01
-1.021506374011057794e+01
-1.050167431959038389e+01
-1.045270328006967198e+01
-1.014159891189218143e+01
-9.651540938898657274e+00
-9.795027594128825399e+00
-9.589935183868432134e+00
-9.465851016058929090e+00
-9.578543840173203705e+00
-9.605556606456785218e+00
-9.731320800335433674e+00
-9.697681240608810427e+00
-1.008753059302673094e+01
-1.007402532026037356e+01
-1.035170255689817331e+01
-1.078080303206744972e+01
-1.119711121955736033e+01
-1.029823342407749998e+01
-1.003501411458417536e+01
-1.042000263537967086e+01
-1.047195628053465910e+01
-1.028175339224955032e+01
-1.107556089935640209e+01
-1.071916222778566663e+01
-1.056157442981553096e+01
-1.057199649903403937e+01
-1.025052901447757669e+01
-1.028387288468213256e+01
-1.020301934161143897e+01
-1.066518895763938879e+01
-1.074781232987590762e+01
-1.040322595124873750e+01
-1.068022204038803658e+01
-1.037824620494103556e+01
-1.083895229413099415e+01
-1.112596230241709883e+01
-1.134180392977866880e+01
-1.160363073510884924e+01
-1.147524569657806914e+01
-1.132644091614197279e+01
-1.127596818600338402e+01
-1.106061742304584428e+01
-1.108700300346173329e+01
-1.112571158677537220e+01
-1.143143497020435184e+01
-1.118792714167698321e+01
-1.117701997309758255e+01
-1.156886182063273694e+01
-1.151269516482272692e+01
-1.151571007826146165e+01
-1.123119885562591946e+01
-1.116180559462473454e+01
-1.200672549713672055e+01
-1.224792713234200470e+01
-1.284567347333478793e+01
-1.259004275298616982e+01
-1.244110391562430351e+01
-1.176870439873733964e+01
-1.110528874529886778e+01
-1.100378140087952694e+01
-1.096733668917607396e+01
-1.052503563803266040e+01
-1.059036779977009957e+01
-1.096632174361429968e+01
-1.042905631559778534e+01
-1.026023954118397619e+01
-1.023930035874854916e+01
-1.002623434725784435e+01
-1.041931348445824312e+01
-1.027397138484014860e+01
-1.060910089711303073e+01
-1.045408158390154441e+01
-9.904802810948462266e+00
-9.603325310941558612e+00
-9.261299708129421049e+00
-9.560368544468579088e+00
-1.000318426812671291e+01
-1.001523876194588247e+01
-9.648171788815755434e+00
-9.871774294168009334e+00
-8.959459206023264954e+00
-8.722658776228247035e+00
-8.137977795535817904e+00
-8.291105372818341479e+00
-8.621510620113925327e+00
-8.611413035137113425e+00
-8.309528575444229404e+00
-8.606896502859889608e+00
-8.987194528085822753e+00
-8.925562243960465381e+00
-9.348788151594487061e+00
-1.019114184909669163e+01
-1.029829358579226017e+01
-9.554396162576258789e+00
-9.392426967879661248e+00
-9.285954997413940148e+00
-8.727969170206996807e+00
-8.710931973610845702e+00
-8.815076368217452440e+00
-8.726254763248764590e+00
-8.400105322862971846e+00
-8.530807815074444633e+00
-8.698708479072164934e+00
-8.958693512045899254e+00
-8.422690357046812792e+00
-9.152320661279452096e+00
-9.257422469163449463e+00
-9.283350898195980250e+00
-9.296760781453459188e+00
-9.381459697836010747e+00
-8.515269650335092422e+00
-8.234296247883630571e+00
-8.552574059133281281e+00
-8.206640623704286597e+00
-8.386948044565629701e+00
-8.452350957111388396e+00
-9.181874525806746234e+00
-9.600519038794637083e+00
-9.166749655253768836e+00
-9.615128031361408034e+00
-9.025003078086786701e+00
-9.411925907680954495e+00
-9.016671393705410154e+00
-9.189613263995790149e+00
-9.392392058270147004e+00
-9.442329733039734663e+00
-9.285816068361119946e+00
-9.528658974015666416e+00
-9.621227212481954894e+00
-1.004028956948998541e+01
-1.019442727870448984e+01
-1.038986791819781530e+01
-1.062243766123156519e+01
-1.061609784778241483e+01
-1.071106309276641788e+01
-1.096463775551375441e+01
-1.120773635002618640e+01
-1.066478895274513405e+01
-1.057646022244804662e+01
-1.090278607969534796e+01
-1.107482222726251919e+01
-1.162838604909487117e+01
-1.128562417963720677e+01
-1.108536647581076373e+01
-1.143686933626690916e+01
-1.123040429437380183e+01
-1.102464847372654866e+01
-1.145281828661350865e+01
-1.137427220530244121e+01
-1.219219392409722680e+01
-1.181519956901188273e+01
-1.194231475744446058e+01
-1.169240546592764574e+01
-1.159906888136539749e+01
-1.183652841725120197e+01
-1.201730806488186332e+01
-1.185848419042223512e+01
-1.205455080687122127e+01
-1.200902393894679321e+01
-1.240897369415966622e+01
-1.202643466805643513e+01
-1.144854057306656792e+01
-1.117779975980751317e+01
-1.073404363294349650e+01
-1.059459058902302608e+01
-1.067533828187332112e+01
-1.059069619975570298e+01
-1.093896827478690881e+01
-1.074378713595296553e+01
-1.063006164191319591e+01
-1.049743076638620209e+01
-1.006271070041284155e+01
-1.043946719340076079e+01
-1.013592160016249899e+01
-1.006134313073384945e+01
-1.020402542696767334e+01
-9.864257148965140942e+00
-9.460784797616801356e+00
-9.271699024854179072e+00
-9.514904139373417280e+00
-9.872193893705384582e+00
-1.014744265833443215e+01
-9.821432741421070034e+00
-9.471645177066422505e+00
-9.732427466561443197e+00
-9.802707065296019096e+00
-1.014485683333381694e+01
-1.005994759766741176e+01
-1.028578852038594960e+01
-1.062485601055456286e+01
-1.024710446791086405e+01
-1.100638834782646747e+01
-1.109373407904360320e+01
-1.133166434729748318e+01
-1.111169293068687480e+01
-1.132125317386444507e+01
-1.100539781029941899e+01
-1.108776616847276131e+01
-1.112896536403113146e+01
-1.114131963730626040e+01
-1.111907632381298683e+01
-1.156601612880168162e+01
-1.220171448191932129e+01
-1.226991050752168100e+01
-1.269369753795695566e+01
-1.270647934780932786e+01
-1.281133963295595812e+01
-1.288395257357653811e+01
-1.206444112373749178e+01
-1.192374201900389252e+01
-1.170926028482789150e+01
-1.181555176405471030e+01
-1.235975230224517674e+01
-1.246935885230427488e+01
-1.274909794571306421e+01
-1.279249700225442155e+01
-1.231788640280631775e+01
-1.264420701339498088e+01
-1.268972064745608463e+01
-1.259678741628875009e+01
-1.208686138473355420e+01
-1.267837280172741465e+01
-1.266060541526344529e+01
-1.251255560544979772e+01
-1.234034659558680858e+01
-1.218032766608497219e+01
-1.232165838577590478e+01
-1.222077596617718420e+01
-1.249465593945805075e+01
-1.272252760006293393e+01
-1.262947246053888151e+01
-1.228711672388943477e+01
-1.245788618382351309e+01
-1.261611416642862693e+01
-1.238047058437135028e+01
-1.197421890158572388e+01
-1.159591776073321867e+01
-1.177759120489460365e+01
-1.240047110081005144e+01
-1.204638622604149845e+01
-1.195502578590137865e+01
-1.200345944132965492e+01
-1.204444151938534269e+01
-1.158824860602779871e+01
-1.132709400652924359e+01
-1.159543800175920580e+01
-1.162341121075973227e+01
-1.188636340020261883e+01
-1.191086458485114186e+01
-1.177797730176134472e+01
-1.229018728741136890e+01
-1.267022974935408541e+01
-1.280166600221974704e+01
-1.252624881101649912e+01
-1.228118371403947506e+01
-1.174840588689659171e+01
-1.166431372683860701e+01
-1.189661147908870120e+01
-1.213986848287275322e+01
-1.182603548436765628e+01
-1.109690070909345394e+01
-1.146508073823590479e+01
-1.106301969048362288e+01
-1.131741177449925395e+01
-1.119224532469483080e+01
-1.079512194005639181e+01
-1.065601891249187183e+01
-1.088365603237734369e+01
-1.125009503977582526e+01
-1.147567218643522935e+01
-1.124488707230266549e+01
-1.150447395879247736e+01
-1.118104923350911406e+01
-1.127337456150199380e+01
-1.090019783057419644e+01
-1.072283976717082687e+01
-1.072056074398363457e+01
-1.112433633057985283e+01
-1.131420185339181650e+01
-1.105699443657823267e+01
-1.087400349258870236e+01
-1.144726038766938103e+01
-1.171405332422970780e+01
-1.178562032713903385e+01
-1.178703137743954521e+01
-1.234931118649108228e+01
-1.260084825918748308e+01
-1.285065810014994803e+01
-1.313594490304246776e+01
-1.313611817391874759e+01
-1.307584355021268685e+01
-1.307859861196512696e+01
-1.269874446650373478e+01
-1.270017602910315802e+01
-1.283649463974562366e+01
-1.276601816619665364e+01
-1.284277094220676041e+01
-1.239543878004241506e+01
-1.198647131265200372e+01
-1.236419526844344219e+01
-1.236976187799231397e+01
-1.226906002213640967e+01
-1.281309702022025121e+01
-1.280724596905448465e+01
-1.264636163763485932e+01
-1.261819845146569463e+01
-1.219146097283826080e+01
-1.144567682502889916e+01
-1.144046393271389128e+01
-1.158116714059532626e+01
-1.155111676408506050e+01
-1.175834298180791393e+01
-1.166067825165744942e+01
-1.164108688672492598e+01
-1.159196141092654564e+01
-1.182244378357171577e+01
-1.175693818936422019e+01
-1.156861651679172986e+01
-1.184657909830528588e+01
-1.193392645655770501e+01
-1.202975278782897561e+01
-1.207030073025329742e+01
-1.208374436300547927e+01
-1.211857071369664141e+01
-1.211439979082103946e+01
-1.190995025273992702e+01
-1.233708250377243409e+01
-1.208970116568217890e+01
-1.256159088751602226e+01
-1.235517575977042348e+01
-1.206305645414149730e+01
-1.220585736999743709e+01
-1.221101613937904418e+01
-1.211205731855392287e+01
-1.209096220147065814e+01
-1.212199703399284978e+01
-1.221762437712969707e+01
-1.174706740556416840e+01
-1.144468195475569772e+01
-1.165961894080633243e+01
-1.148260821884133165e+01
-1.153367359688414062e+01
-1.159786845774430475e+01
-1.191637610746974296e+01
-1.206644005846106005e+01
-1.217618716437696413e+01
-1.184286991672147415e+01
-1.176983592166710935e+01
-1.208434036400482725e+01
-1.146536032603716215e+01
-1.108814109027334105e+01
-1.115813494670923234e+01
-1.132823971028512666e+01
-1.135162128141867299e+01
-1.096986996859036800e+01
-1.092008353666582465e+01
-1.100372678466900389e+01
-1.078054866536825251e+01
-1.108489841718594171e+01
-1.090221083584753181e+01
-1.077422416139482664e+01
-1.073422220523443471e+01
-1.093756478438938373e+01
-1.067492026378894110e+01
-1.088446037371394404e+01
-1.119851240424875272e+01
-1.121673658138314877e+01
-1.107454227737891195e+01
-1.098158677159124963e+01
-1.050564036765074505e+01
-1.032351243879663194e+01
-1.069495691072337351e+01
-1.115834440041874842e+01
-1.083669801767789487e+01
-1.043505332940191010e+01
-1.113269199885979432e+01
-1.138794326507280807e+01
-1.161156630249191046e+01
-1.168927797533857138e+01
-1.156749507569522528e+01
-1.141792576816200366e+01
-1.128015641751227527e+01
-1.163340222283270897e+01
-1.161545958740483186e+01
-1.241396755515190797e+01
-1.275556049432568884e+01
-1.284180459637915739e+01
-1.233631038585340178e+01
-1.211238881453878768e+01
-1.214154813053248816e+01
-1.163902572188131224e+01
-1.170073533778446695e+01
-1.145515135610273560e+01
-1.181529398705003508e+01
-1.159132463970732196e+01
-1.139494499732088251e+01
-1.100012966744565546e+01
-1.069184972772882602e+01
-1.050232201473981597e+01
-1.074888843644769132e+01
-1.067899805242761246e+01
-1.071697832153946806e+01
-1.036750626383788187e+01
-1.050800489788614556e+01
-1.067469854112886196e+01
-1.059892313496086658e+01
-1.074947391532579566e+01
-1.120658726769810620e+01
-1.118689894708938404e+01
-1.147341338771052577e+01
-1.174958454628981031e+01
-1.168730570107271838e+01
-1.184847568169176313e+01
-1.150178014283392258e+01
-1.175290557143953230e+01
-1.108929299541014757e+01
-1.130768935858736590e+01
-1.128727408470353311e+01
-1.158859609572128946e+01
-1.150823542875986760e+01
-1.092233529477241305e+01
-1.057220415932192559e+01
-1.029413617379109169e+01
-9.646263747594687743e+00
-9.152604898837296332e+00
-9.309599669395810295e+00
-9.809148528589100025e+00
-1.035564355752895516e+01
-1.114146526608555021e+01
-1.112012117043303228e+01
-1.031081216032714742e+01
-1.009970097289238034e+01
-1.005469359998772561e+01
-1.040037572097287999e+01
-1.017127494633901641e+01
-9.734969451927714346e+00
-9.712185236370958208e+00
-1.012011633231694319e+01
-9.344083826763748490e+00
-9.064296516148745653e+00
-8.787564014446841654e+00
-8.914865998148179926e+00
-9.386866899959963817e+00
-9.379870220861247887e+00
-9.103661996355478792e+00
-9.370476480606804159e+00
-9.487324957220666377e+00
-9.162959768726535614e+00
-8.771256192450046285e+00
-8.694807203445559907e+00
-8.558009486446080061e+00
-8.785795223624718986e+00
-8.666664174590598790e+00
-8.725355250682234498e+00
-8.113349600010604235e+00
-7.946973739476002052e+00
-8.162368051634226518e+00
-8.348850524295068354e+00
-8.508648461934731344e+00
-8.983997225767692996e+00
-8.635879938236996622e+00
-8.448416224650598494e+00
-8.465586090884123394e+00
-8.107269772021515664e+00
-8.196038285997797601e+00
-8.718356468351156963e+00
-8.327963255084380734e+00
-8.321669075705598217e+00
-8.448291193927641274e+00
-8.521646192422629440e+00
-8.817585049629190763e+00
-9.069274263410958881e+00
-9.165752824055818593e+00
-8.786947728359956855e+00
-8.784137447231117335e+00
-8.699295509733969922e+00
-8.719388228393796680e+00
-8.569736399472725807e+00
-8.228002799784835730e+00
-8.116538926981970548e+00
-7.570638469124929770e+00
-7.313263426313362459e+00
-7.623303649885805555e+00
-7.348420836472390860e+00
-7.131536283494935624e+00
-7.006084736667392399e+00
-6.682526535519254018e+00
-6.814776529335227373e+00
-6.664289725265438946e+00
-6.360109062002178959e+00
-6.404087034496629194e+00
-6.743295695046931826e+00
-6.466231146022832554e+00
-6.080683011603531085e+00
-6.424086613422155700e+00
-6.503940119361590888e+00
-6.579622196585858340e+00
-6.612537896251346581e+00
-6.457764565569829252e+00
-6.902901876878084764e+00
-7.032374898008898256e+00
-7.273682563488654829e+00
-7.119643839666708551e+00
-7.126578504979147688e+00
-7.326540458456507032e+00
-7.582952114532093724e+00
-7.553038192548358509e+00
-7.691214999982558531e+00
-7.762238026951821190e+00
-7.736113274642790749e+00
-7.495779039872703109e+00
-7.306440249522745845e+00
-6.966003151810649996e+00
-7.432852961243575862e+00
-7.219072369849082627e+00
-7.150136140713827970e+00
-7.653616688241653421e+00
-7.366705266728264867e+00
-6.993045154470666880e+00
-7.200633982688456669e+00
-7.390680236561287586e+00
-7.358178677936430212e+00
-6.940744798682777272e+00
-6.812236244962734055e+00
-6.957005300085686628e+00
-6.344319164422163482e+00
-5.447877607084889107e+00
-5.297743392188221989e+00
-5.653159911008057925e+00
-5.732145743677500072e+00
-5.906388409646750048e+00
-6.417048269309777453e+00
-6.668378183088092825e+00
-6.467244331327957951e+00
-6.723129138275525385e+00
-6.664105345783011281e+00
-6.725737557906518838e+00
-7.040899149593075279e+00
-6.949460414688024557e+00
-7.413116262738020268e+00
-7.424379227887774491e+00
-6.927261544196201548e+00
-6.969431382739222691e+00
-7.061878615786655544e+00
-7.535934670107737432e+00
-7.145833124185251073e+00
-7.226480328141031251e+00
-6.875375354977038889e+00
-7.063449957658446188e+00
-7.148385436926685266e+00
-7.641244984995889666e+00
-7.897561547412177418e+00
-7.323287418257107717e+00
-7.091046030181408000e+00
-7.073774496210962326e+00
-6.978983254120355362e+00
-6.867002907503808373e+00
-6.851232332369673550e+00
-7.670282364394084951e+00
-7.758612965951588336e+00
-7.448115352988970983e+00
-6.593510671675079315e+00
-6.310026987122635767e+00
-6.018216100234281996e+00
-5.708868858643231903e+00
-5.424787063234546736e+00
-5.414940477423933807e+00
-5.394343164200128271e+00
-5.541900705679032590e+00
-5.856551809748853366e+00
-5.815058225082462506e+00
-5.340577399473727560e+00
-5.186993379597458542e+00
-4.824618324845853401e+00
-4.681648838108519506e+00
-4.931471086123660363e+00
-5.074652199138402153e+00
-5.533718791062479880e+00
-5.849217694829854430e+00
-5.580681152795435196e+00
-5.503879420474052431e+00
-5.449258393149415625e+00
-5.418877902298431692e+00
-5.718381814912451233e+00
-5.671907681626197295e+00
-4.837729657133627015e+00
-4.471462990177235142e+00
-4.663632640792877204e+00
-4.666967716126402266e+00
-4.494013460570683627e+00
-5.407429743307830883e+00
-4.969808802282861926e+00
-5.586373048284633214e+00
-5.367204724200802524e+00
-5.483044200076633068e+00
-5.054137121984944692e+00
-5.253920247715095471e+00
-5.504354152467063166e+00
-5.399418519279814532e+00
-5.666201226633987176e+00
-5.774255142483767145e+00
-6.119721645245356889e+00
-6.171413004145236414e+00
-6.100006418882062853e+00
-6.078541966430532462e+00
-6.339231819513357458e+00
-5.914228615975814840e+00
-5.722376465490895292e+00
-6.324016500278165864e+00
-6.613004903417290414e+00
-7.347567314230617264e+00
-7.451490625953002933e+00
-7.306243937698945423e+00
-6.818222146889196367e+00
-6.829361689928539647e+00
-7.392611720746384840e+00
-7.199741019514153351e+00
-6.984676610493524507e+00
-6.937996621059699720e+00
-6.941741950939634087e+00
-7.170701999633243950e+00
-7.546093580738681972e+00
-7.342807290861073533e+00
-6.158623929443923117e+00
-6.429791681071511000e+00
-6.346298996784943469e+00
-6.661315998990379406e+00
-6.679512478321750102e+00
-6.609816279957252405e+00
-7.332943771927530108e+00
-7.815317286025292631e+00
-7.824392564338539913e+00
-7.548111065476695636e+00
-7.529755790674775184e+00
-8.060678486435024936e+00
-8.265747837164571621e+00
-8.271327703947324750e+00
-8.261134001273420679e+00
-8.138551363124499005e+00
-8.424044572113004392e+00
-8.485420105279320779e+00
-8.555121798251546394e+00
-8.870800093081511406e+00
-8.713690192988103433e+00
-8.654689633488986900e+00
-8.860826439572466739e+00
-8.977700482361646195e+00
-9.081719156765007739e+00
-9.731096560451721444e+00
-9.659080726462557109e+00
-9.875107340031542336e+00
-9.333881731004586513e+00
-9.694546949373618716e+00
-9.874625436345088048e+00
-9.182211075319987259e+00
-9.186454664308399742e+00
-8.835947161074280132e+00
-8.705906253305625953e+00
-8.151557060112924802e+00
-7.770497857556466492e+00
-8.162276625592891577e+00
-8.506724276007535224e+00
-7.693561985126446068e+00
-7.947543974027961866e+00
-7.816875250787408191e+00
-8.090169970462500970e+00
-7.741477176253915182e+00
-7.753542795889020844e+00
-7.205966585874658215e+00
-6.630373981161977071e+00
-6.288507844751433318e+00
-6.052392826993233221e+00
-5.871207271859415044e+00
-5.833476859766718370e+00
-6.087461850527959406e+00
-6.105965236106885463e+00
-6.121044277756531038e+00
-5.938893399919331628e+00
-6.451976788543456465e+00
-6.349484117485959089e+00
-6.139818777718228482e+00
-6.481323620630326410e+00
-6.621665876005741858e+00
-6.846195446184723643e+00
-6.914130814353884880e+00
-6.816751639237560667e+00
-6.765647107066175003e+00
-6.335961998071872436e+00
-6.480330979301368366e+00
-6.276640218769560242e+00
-6.517176619987239405e+00
-6.758272796496679113e+00
-7.364136535822627394e+00
-7.024686889551594149e+00
-7.095548281914446420e+00
-7.312726027261781780e+00
-7.631515318796943781e+00
-7.468794516246605397e+00
-7.462288774266629510e+00
-7.177348559514278747e+00
-7.391276620340304859e+00
-7.549511887370546681e+00
-7.660404525235942508e+00
-7.946366836316052229e+00
-8.140374016398590484e+00
-7.932569821311123981e+00
-8.322630078838210821e+00
-7.789413833033129286e+00
-7.806761905829921133e+00
-8.207730296785726409e+00
-8.054499405513142918e+00
-7.841833133836259684e+00
-8.531363925988804553e+00
-8.557022346061426532e+00
-8.624028610575207310e+00
-8.442562027917173140e+00
-8.693314474011263115e+00
-8.808202362909215211e+00
-8.630878327021921592e+00
-8.543650054065109245e+00
-8.501395143991601344e+00
-8.366286681511223122e+00
-8.176934553033294861e+00
-8.060043873220189781e+00
-7.680758534594867903e+00
-7.436128726987333515e+00
-7.080601769375107324e+00
-6.862581509915690603e+00
-6.422959882095550910e+00
-6.182150921656098141e+00
-5.918987800499652785e+00
-5.692027519857700391e+00
-6.142457094951164542e+00
-6.168241551301184344e+00
-6.396668335559866136e+00
-6.323796601691604735e+00
-6.941553843953951031e+00
-6.445762391026309324e+00
-6.497543800445320095e+00
-7.130133361485668786e+00
-7.409203864294269692e+00
-7.133268551651604561e+00
-7.563135090065905786e+00
-7.423133595958085529e+00
-7.720059396992317247e+00
-8.008659859556720662e+00
-7.748587705180983498e+00
-7.395549928571155895e+00
-7.301898249778634664e+00
-7.113576166642104681e+00
-6.452014792058953674e+00
-6.958704261539362612e+00
-6.812646782999272510e+00
-6.671440514226953056e+00
-7.043770081337705768e+00
-7.496395094942221782e+00
-7.173268381568911778e+00
-7.026628261125273056e+00
-7.136190463179694632e+00
-7.690334587493939722e+00
-7.740211972793070494e+00
-7.836399597075060619e+00
-7.824467975284958854e+00
-8.064308219181281601e+00
-7.627502193917730544e+00
-8.265739520142338037e+00
-8.127754067579457953e+00
-8.157616075074628270e+00
-7.143299005947799429e+00
-6.895283229034856021e+00
-7.389322912270441357e+00
-7.070683664795152978e+00
-6.550070836862220247e+00
-6.281014019133154491e+00
-6.607661990401212826e+00
-6.315596479425843235e+00
-6.175743995485065696e+00
-6.846175512099577531e+00
-6.400054910689678245e+00
-5.985424692220109755e+00
-6.143253079659360516e+00
-6.369974314738247934e+00
-6.439990456794836504e+00
-6.675927376268485425e+00
-6.215750040728551973e+00
-5.750061047083884880e+00
-5.847380881586534684e+00
-5.837898192801529440e+00
-5.882403660573642945e+00
-5.628975056634650365e+00
-5.557181558593701887e+00
-5.853350935160918311e+00
-5.979412210995649346e+00
-5.861253960873332503e+00
-5.831183644735286720e+00
-5.766269024754374861e+00
-5.896174705952664574e+00
-5.379117170238735923e+00
-5.135399383372963200e+00
-5.170829229241052261e+00
-5.231645363319146647e+00
-4.841082125878239495e+00
-4.424356163929999752e+00
-4.928662065611636223e+00
-5.520579170045588846e+00
-6.303708442287478064e+00
-6.180695388534303447e+00
-5.619928469599770438e+00
-5.568966297183236769e+00
-5.388369588019802592e+00
-5.601118166305359303e+00
-5.578642240002167796e+00
-4.751586924389339828e+00
-5.222044964781127341e+00
-5.018433811197550831e+00
-5.387651026771338891e+00
-5.352364776941289648e+00
-5.159995338741503623e+00
-5.391643897197971214e+00
-5.006710280889700826e+00
-5.054777563528709550e+00
-5.195816065807864703e+00
-5.536894709014435811e+00
-5.446309165364755955e+00
-4.746101513312573239e+00
-4.951391133145754964e+00
-5.501502357441042435e+00
-5.431672320591893310e+00
-5.764891160869574094e+00
-5.665536709934410275e+00
-5.927088154433953981e+00
-5.970743132302601452e+00
-5.884703803351628792e+00
-5.449889595650517116e+00
-5.179641078020278400e+00
-5.714136331150220016e+00
-5.854272130759664350e+00
-6.349936059591391846e+00
-6.834562617654859729e+00
-6.744874872798008347e+00
-6.194347168556324057e+00
-6.455438750504582046e+00
-6.544416763612042942e+00
-6.610692811085348453e+00
-6.403981842430971128e+00
-6.219064687783195211e+00
-6.117860313862153454e+00
-5.970847002850017127e+00
-5.883328178976868550e+00
-5.563532364046981371e+00
-5.719125553038378662e+00
-5.804200084184532926e+00
-6.151775907854745817e+00
-5.884196651616676377e+00
-5.869842273505660124e+00
-5.613860499953184480e+00
-5.856516378555717495e+00
-6.210986488734544508e+00
-6.310920131548494183e+00
-6.127929424047080076e+00
-5.436786129288392999e+00
-5.610551374209787667e+00
-5.605332080868378419e+00
-5.428427747749121401e+00
-5.581894670353516830e+00
-5.216293987756211337e+00
-5.002583905426967625e+00
-5.296358039614043278e+00
-5.120250461173729839e+00
-5.542756720916965918e+00
-5.540700600601237369e+00
-5.930116562461956065e+00
-6.153287432534581214e+00
-6.569606046875911431e+00
-6.452206570921068085e+00
-6.333924263919471720e+00
-6.650550420490938031e+00
-6.286292604563466391e+00
-5.839923926838513246e+00
-5.363766361188154086e+00
-5.359961477004850927e+00
-5.552786743003018444e+00
-5.449496839194574171e+00
-5.564290190835851746e+00
-5.491650632247214503e+00
-5.187665733589400752e+00
-4.841385408163955795e+00
-4.702784314220739503e+00
-4.370527993471917227e+00
-4.554736767904290495e+00
-4.298196175814830156e+00
-4.020586270355065217e+00
-3.984851210864339244e+00
-3.766860452799352998e+00
-3.615648233444100246e+00
-3.591767668356256493e+00
-3.626162046349530321e+00
-3.855534508394221849e+00
-3.895465804185339831e+00
-3.733158369129917720e+00
-3.488477582314536640e+00
-3.981737986173271793e+00
-3.519186081283029122e+00
-3.617587172079523405e+00
-3.945061940054350291e+00
-3.904314213088760699e+00
-4.270363586869692085e+00
-4.119850764771845419e+00
-3.887920476722803720e+00
-3.399362654105417381e+00
-3.557980061350153989e+00
-4.020459231266850786e+00
-4.135604254888897380e+00
-4.240386583737585369e+00
-4.649620373861445444e+00
-4.534109313133713570e+00
-4.204392794994597615e+00
-4.258781996310816886e+00
-4.763235885135657988e+00
-5.109405325230557793e+00
-4.831642867082179826e+00
-5.397041964206316322e+00
-5.429507886570671182e+00
-5.882807554429824393e+00
-5.819730151907599236e+00
-5.620688031364831971e+00
-5.575497873000750282e+00
-5.422541650518517997e+00
-5.727752082170377790e+00
-5.297750356560664287e+00
-4.960413887072578909e+00
-4.543198400611713872e+00
-4.320079194117320220e+00
-4.709603411977202114e+00
-4.683594741445144649e+00
-4.046607992593661329e+00
-3.905480585213644940e+00
-3.671029448528824179e+00
-4.206512851546123422e+00
-3.172964892409618098e+00
-2.912479499436237962e+00
-2.742780209869184027e+00
-2.782695774449891246e+00
-2.532880599246942754e+00
-1.964156053157239734e+00
-2.466696930599374671e+00
-2.114294506474120983e+00
-2.078439820754773404e+00
-2.363359924252478539e+00
-2.349964410405984694e+00
-2.715225984817281280e+00
-3.411765251260786780e+00
-3.306766869759923733e+00
-3.181852901159440083e+00
-2.874063173988964159e+00
-3.048196226657697405e+00
-3.495214545375032511e+00
-3.442007800647098215e+00
-3.465718832847452191e+00
-3.518065415641355997e+00
-3.530664427809915296e+00
-3.133127261023933130e+00
-2.883179103202471616e+00
-3.008006889426645181e+00
-3.175913737839743511e+00
-3.248199678728845630e+00
-2.709625696978052112e+00
-2.564248440884260294e+00
-2.685326953660678306e+00
-2.042058678008713102e+00
-1.943576154212568685e+00
-1.720190171062018658e+00
-2.346687913728747965e+00
-2.241968271197184670e+00
-2.027178224532232509e+00
-2.333243057479701399e+00
-2.740383327132913216e+00
-2.737528449315161705e+00
-2.342837143892472440e+00
-2.500002481821576694e+00
-2.153817779553085732e+00
-2.189134640312976554e+00
-2.186552490468979926e+00
-1.946505468120510729e+00
-2.374675119804126933e+00
-2.339250497179297561e+00
-2.361961010127719529e+00
-2.383187931951213034e+00
-3.007235917207879972e+00
-3.086180397357561667e+00
-2.961639950652286579e+00
-3.037581526091903239e+00
-3.434338302219555050e+00
-3.259949199046336510e+00
-3.554551316719368081e+00
-3.921075230078204577e+00
-3.756823148460622264e+00
-4.158432364310194806e+00
-4.353244175434201502e+00
-4.101376883739994206e+00
-3.814244134630841110e+00
-4.007350075028647041e+00
-4.111716751818473625e+00
-3.561129677316644315e+00
-4.221645610565412099e+00
-4.011101513260352469e+00
-3.727451192960929749e+00
-3.320677988905387679e+00
-2.764772117049985933e+00
-2.961077194785049826e+00
-3.308465902714645246e+00
-3.539624307273351089e+00
-3.540344025203341349e+00
-3.123138428662601385e+00
-3.475230312544369760e+00
-3.083820849509884443e+00
-3.012349677089253497e+00
-3.353616453658362584e+00
-3.432392377866750444e+00
-2.949437829229249353e+00
-2.885533409195360388e+00
-2.456222924175943234e+00
-1.684571679423580104e+00
-1.830065198008922867e+00
-1.544826145663395378e+00
-1.992719266868892225e+00
-2.289102950295487826e+00
-2.150039379824646879e+00
-2.160994965132736478e+00
-2.640792656302179520e+00
-2.808017967770168877e+00
-3.047451764044695643e+00
-3.009224621241841646e+00
-2.772129397316891897e+00
-2.557300620921174161e+00
-2.754770531696949742e+00
-2.419529059438389140e+00
-2.269529141131456207e+00
-2.262894679983348478e+00
-1.868073995546341015e+00
-2.715195077817047498e+00
-2.531962279386674286e+00
-2.392290257559167799e+00
-2.002614108646321167e+00
-1.890764831649023314e+00
-2.223641946379255607e+00
-1.588786088522933682e+00
-1.527758775269051128e+00
-1.164134274769495381e+00
-2.087474328551730984e+00
-2.369054644520756092e+00
-2.117949418294595265e+00
-2.862483817658197260e+00
-3.033496956952633550e+00
-3.395718216499447717e+00
-3.217584830131258844e+00
-3.166153587160835503e+00
-3.124233311785285849e+00
-3.611235789483833614e+00
-3.632417428079700361e+00
-3.864881941085472672e+00
-3.851157663190201141e+00
-3.920462381760230208e+00
-4.205719201934781104e+00
-4.280564990738608522e+00
-4.007406062391297930e+00
-4.095149319472128013e+00
-4.065910898463938494e+00
-4.255921841322663823e+00
-4.486649923276777585e+00
-4.714432791424703062e+00
-5.077963624931506104e+00
-4.858629570346560733e+00
-5.026580254727155861e+00
-4.458568661750215156e+00
-4.270582500089276756e+00
-4.366296969118326210e+00
-4.203721641306517931e+00
-4.151825086290472200e+00
-3.775390156522447693e+00
-3.221504331122742038e+00
-3.746882454870521961e+00
-3.704521160597646912e+00
-4.054885661855345269e+00
-4.569235443122316553e+00
-4.246995480984591786e+00
-4.654506320114284890e+00
-4.954734478358557404e+00
-5.577033103585915086e+00
-5.717146708781518427e+00
-5.811697596278162514e+00
-5.506034233447094195e+00
-5.279152239167667737e+00
-5.024539155321272155e+00
-5.218824173202047945e+00
-5.714197782976222051e+00
-5.813101048717664199e+00
-5.924968556654916618e+00
-5.429687753990312338e+00
-5.288395479735473970e+00
-4.925113442883454873e+00
-4.552133404608867728e+00
-5.004512604231874384e+00
-4.461739421337492573e+00
-4.397504013992469929e+00
-4.204623715810491547e+00
-4.241645382843452161e+00
-4.456537865646436281e+00
-4.179338249433407704e+00
-4.282247496133549269e+00
-4.238437949423886408e+00
-4.929303830844097511e+00
-4.472660964838651942e+00
-4.895775165789735262e+00
-5.029684623344583549e+00
-5.046179213585550549e+00
-5.601234220726460933e+00
-5.511299116966268841e+00
-5.221526926831500326e+00
-4.979228988275068879e+00
-4.964867723013051126e+00
-4.362144876293448270e+00
-4.552517141857977734e+00
-4.860379969476857909e+00
-5.176939646833054631e+00
-5.144286024935413870e+00
-5.289562579975327417e+00
-5.028248954932506010e+00
-4.953678035826971637e+00
-5.231029021648208932e+00
-5.735631313803383868e+00
-5.160222075852388457e+00
-5.175892178665954191e+00
-5.224039826876808235e+00
