5.329304574547454543e+00
6.233576257004081356e+00
6.879094112553123530e+00
6.245410008080737541e+00
5.911460507291632638e+00
7.119817041795560186e+00
7.231815067063733338e+00
6.604136311671430448e+00
5.523449502736464289e+00
5.212433330366261330e+00
6.152235119429223076e+00
6.223249058199671779e+00
6.110040357865583083e+00
5.594937013902304024e+00
5.112293043016763683e+00
6.935389071816247863e+00
5.779075814946267542e+00
6.586450461854855831e+00
6.580636247868955735e+00
8.369149194936763791e+00
8.084643731212654671e+00
6.839391483764081237e+00
8.195146514911012758e+00
7.115011324183923236e+00
6.478545050446719245e+00
7.102436567424613045e+00
7.353312235897073279e+00
5.550368229495926897e+00
7.052731187184431150e+00
5.831760321492785337e+00
7.511670187530133269e+00
7.441005595267467854e+00
6.568037977781495229e+00
5.888144272294011827e+00
6.875473085773857740e+00
6.699009929110922634e+00
6.650585077446907967e+00
7.144063563762900415e+00
5.181995111750492100e+00
5.848214880921642767e+00
5.330539065614035010e+00
4.372853158361774462e+00
4.693202234886789448e+00
4.339126752246516894e+00
4.049635662808504399e+00
4.182929030684015004e+00
4.512625957054260617e+00
4.076864815717073043e+00
4.674074343700270084e+00
3.366290168983414155e+00
4.424702711288767354e+00
4.087050457497332978e+00
3.188634151917559389e+00
3.268042392042802113e+00
3.036712028616904924e+00
2.714269754432040216e+00
2.607389699242648629e+00
3.630673723063951197e+00
3.979313813576480285e+00
3.477426960211477791e+00
3.800434428728463487e+00
4.115510750809399987e+00
3.644158861629177792e+00
3.566205574271560153e+00
4.389414822283488782e+00
5.025606891696615897e+00
5.269380219064348836e+00
5.624848149811016107e+00
3.547010634212507174e+00
5.730468549232400122e+00
4.591133569956201477e+00
4.743531591323745467e+00
4.965667632454096037e+00
4.572079318199465447e+00
5.259089558915497342e+00
6.521408113567013665e+00
4.723271711427093678e+00
4.866970970886005610e+00
5.095248135463629424e+00
5.785283378684327182e+00
6.335202336608700691e+00
5.987089791093785252e+00
6.096966106378213013e+00
5.837460083220943119e+00
7.134663030972375530e+00
7.479680924948384657e+00
7.450993403548803684e+00
6.159876606116968745e+00
7.685885111305053030e+00
7.746221749564885073e+00
7.328191939119182763e+00
7.399381170254165418e+00
7.561148159446457129e+00
7.330635514966468591e+00
8.138380313876517391e+00
6.850433342418733140e+00
7.271245149478675174e+00
7.704072349352609983e+00
7.743435024395536104e+00
6.483046304194584053e+00
8.270426292991551520e+00
8.271732527618350872e+00
6.923600313871267176e+00
7.337926800116346904e+00
8.180537883951540579e+00
7.868664296571322048e+00
9.032815313394120693e+00
8.699908084059078561e+00
8.208065709874412974e+00
7.879241605776708290e+00
9.109056880063572947e+00
9.132712711824673590e+00
8.352524082039636255e+00
1.004771753257039890e+01
9.692711404012081644e+00
9.637113839282680061e+00
9.944439449138656073e+00
1.035380783805885230e+01
1.089341012866753289e+01
8.849802728039239952e+00
9.467671258469211537e+00
1.115400539276933323e+01
9.848312146762037145e+00
1.177963464256437653e+01
8.382465125640873538e+00
1.014884882768088659e+01
1.027928037261732896e+01
1.018393817027871506e+01
8.931187602975352746e+00
8.959817679898710807e+00
8.400243981768081625e+00
1.102863524251991834e+01
8.354336704324623497e+00
8.587635295867858787e+00
9.114983238242352570e+00
9.415169776046408145e+00
9.603852186709243455e+00
9.374530329774270143e+00
8.710302746724945422e+00
7.277381003056223818e+00
8.826603885930397908e+00
8.530602171430500036e+00
9.072797581308673642e+00
9.095563301935468914e+00
7.966844145172322200e+00
1.049368660119071883e+01
9.901416895464667078e+00
8.904774702047543400e+00
7.144134832075591746e+00
7.959102861194085499e+00
1.023616064939633219e+01
1.010211211007169929e+01
1.013255469025736311e+01
7.752242344065571444e+00
1.000195918065093714e+01
8.383593977085528337e+00
8.248229913866133245e+00
8.299034054830288554e+00
8.372604228163115891e+00
8.663743733882348863e+00
8.201412887264192264e+00
8.681415449190987843e+00
7.913869237909926468e+00
7.937204546746484013e+00
8.382610948091382852e+00
8.267422815102838385e+00
8.909875550097854813e+00
9.606417436302312041e+00
9.988755494672826529e+00
1.000640132987845377e+01
9.398188525230210644e+00
7.819589795084123551e+00
7.813834319679777707e+00
9.428894381457913809e+00
9.013765457657269664e+00
8.001073182982519683e+00
7.166371125423729893e+00
9.280877857695909228e+00
8.768622987135994862e+00
8.727739798057607246e+00
8.864931995152669941e+00
8.249168139477779604e+00
1.085804340521685063e+01
8.742428573770517630e+00
9.299435448207125532e+00
7.885362301272993868e+00
8.280182921320209388e+00
6.097395094492967793e+00
8.851337274534909483e+00
8.887007026334730497e+00
8.486209261147315885e+00
9.164386437164798949e+00
8.178782721793490751e+00
8.518157059624975602e+00
8.257254402969682161e+00
8.434348412420444419e+00
8.422803893857739865e+00
7.519505734979238021e+00
7.263165981845967956e+00
8.465420078295061046e+00
7.932092836339394104e+00
8.087334364713727908e+00
7.898682738213545385e+00
7.701929499119398059e+00
8.009953381109678361e+00
7.592911037980188738e+00
7.167271635387484352e+00
8.384777427506403313e+00
7.562965317022790401e+00
8.129995241939656836e+00
8.986922905663279337e+00
8.938229624209927948e+00
8.364937470122088214e+00
7.797545254157076222e+00
9.729928836183811214e+00
9.580867116450997756e+00
7.908925456764457351e+00
9.516731367354218207e+00
8.786044119992487467e+00
9.112285627348079231e+00
8.376920558625506885e+00
9.976121338468200150e+00
9.781238265998709380e+00
1.013992438790024764e+01
9.087901532645574321e+00
9.362993361868451103e+00
9.444512315092577381e+00
1.098511662638171060e+01
1.056137052854705516e+01
9.527261419086112681e+00
1.036069211522338129e+01
1.085078790644038271e+01
1.045681892196543927e+01
9.934668684335498767e+00
9.525715054385267777e+00
1.103712876386101627e+01
1.039452474639483981e+01
1.019732612257931592e+01
8.595712147761130240e+00
1.029685935762861249e+01
7.789200475299038473e+00
8.033975332160427030e+00
8.404371719777108396e+00
7.820086121301622839e+00
8.186323992977168729e+00
8.164285914100100072e+00
8.102787059573403283e+00
8.149918073378536576e+00
8.813697619884866441e+00
9.037329717036589827e+00
7.655485758083375281e+00
8.379465403928161749e+00
8.085722361298170568e+00
7.714254334356670739e+00
8.287900024927086662e+00
6.968506181936144905e+00
7.656319162289575431e+00
5.972361510992707068e+00
7.007579515109879864e+00
7.179204197662796716e+00
6.586916458537719343e+00
6.338383638057346836e+00
7.168361078880476356e+00
6.807720988271277029e+00
6.150657067031915837e+00
7.184756117090638661e+00
6.592897834677138746e+00
7.225740152458846488e+00
7.487997572528731105e+00
7.721391044681798377e+00
8.478901461499560810e+00
6.635880750912314774e+00
8.682446866436919208e+00
7.549216607171176818e+00
6.915441786471069108e+00
6.194360573856680929e+00
5.985807946847914174e+00
6.209315763562599066e+00
4.976053552074731989e+00
5.638600096554190699e+00
5.773100916333223864e+00
5.718700076188198977e+00
6.087533514877438101e+00
6.600099729585390484e+00
5.026036370729710434e+00
6.771357315429649582e+00
6.159541489008725001e+00
6.210429748353909929e+00
7.408357867208029468e+00
6.448954426848878541e+00
7.368268114207577213e+00
5.159867026698459647e+00
6.138350942936776633e+00
4.751781776509537814e+00
5.073893596275401485e+00
5.218191845093806513e+00
5.126813080860129546e+00
4.087751369485928876e+00
3.411634230439300808e+00
4.428604247326452636e+00
2.693233442373333730e+00
4.043193682531936339e+00
2.945170598327382816e+00
3.497611360944739900e+00
3.620526359978155639e+00
3.887429133078608601e+00
4.899817195754916810e+00
4.709982800376995904e+00
3.111438644217212168e+00
2.694929844942797192e+00
2.946812806242135707e+00
3.415932449581386976e+00
2.843559037888592655e+00
2.888619963585393968e+00
4.583718264013318944e+00
3.729536314023870869e+00
2.001008611724628405e+00
3.234366918372332478e+00
4.255755610564415647e+00
2.564433252157721110e+00
3.023507566310953187e+00
2.451274540118303147e+00
3.459887019267851471e+00
3.582022341318459091e+00
3.940281201622928720e+00
2.972199872101834117e+00
3.590105156591571145e+00
3.461209254101994315e+00
2.822116944908881209e+00
2.686292958175767964e+00
3.737579731634179669e+00
3.348224263176255100e+00
5.132438121149546006e+00
3.995036002042676948e+00
4.388828508409154061e+00
4.094863028178414410e+00
4.058858739327091847e+00
4.081838300206813486e+00
4.654086205184925440e+00
3.311829646702233898e+00
5.628870254229140002e+00
3.992779978866662027e+00
3.681318116206586666e+00
4.607672557960301951e+00
4.239566323488291211e+00
5.251324470422172652e+00
3.868033492457681355e+00
4.880097176171034334e+00
4.539192197966494646e+00
3.772562037313537342e+00
2.962443556558311375e+00
4.788757042175205925e+00
3.435557546343880553e+00
3.044468761370783927e+00
3.678991277219230582e+00
3.532275837851454714e+00
3.708310540585880943e+00
5.262797083254067587e+00
4.516221143265617854e+00
3.731613812267218666e+00
5.396814288785867220e+00
5.384700391308993694e+00
4.162912522140189253e+00
4.812610153891499820e+00
3.812599705221756174e+00
4.016654607373942198e+00
4.538404777348445052e+00
4.976206754684828759e+00
5.224189045201487858e+00
5.077968386022019054e+00
5.797430313338106878e+00
4.966921519144658070e+00
4.551597650015597907e+00
4.332390826360986047e+00
4.183806503050944592e+00
4.092805777062556771e+00
4.082987139162463919e+00
4.746965412151767261e+00
3.736372128385616165e+00
4.887737076257040236e+00
5.496550842996523301e+00
3.637730224884077046e+00
3.635562597296033260e+00
5.289262300598187139e+00
5.051447783529919633e+00
5.463234379471652247e+00
4.366190616461253171e+00
4.334284719928859886e+00
5.646244588645018325e+00
5.296235349935701109e+00
5.446944944485732520e+00
5.448428759845729275e+00
5.694938547564464493e+00
4.761678323582672512e+00
3.542304191098251120e+00
4.180191934042072788e+00
4.093843066571040801e+00
4.433348292657099066e+00
6.173565777717852754e+00
4.972686679536415966e+00
4.585846660227667293e+00
6.170089807573043039e+00
3.702196343482639040e+00
5.532182193930418102e+00
5.648131357389726048e+00
6.198227985533515394e+00
5.960868859015452159e+00
7.960164522880445404e+00
6.143720866311003448e+00
6.085575834046140109e+00
6.564180213518807427e+00
7.566228100351696462e+00
6.938131998269216005e+00
6.333453358725464000e+00
5.683594783391494154e+00
6.444352933089434465e+00
5.556322826072865873e+00
5.675742623211877280e+00
6.886902866962259395e+00
6.560230333361047883e+00
6.795105380329541589e+00
6.128734155820264817e+00
7.126136319076770143e+00
7.076237693291425046e+00
5.351398551739467990e+00
8.003603515008437697e+00
6.368186360794511280e+00
8.069892208627061692e+00
5.904996389119030908e+00
6.598588340463710900e+00
8.369134680543757199e+00
7.683117289102463943e+00
7.872702798142805491e+00
7.149996904253309360e+00
9.013842355173139254e+00
8.256193703672934703e+00
8.446233253883686842e+00
7.149133162368848105e+00
6.724924456407901374e+00
7.138005077771254037e+00
7.812205958920053206e+00
8.442760803518739365e+00
8.103544955726775356e+00
9.020594271297854405e+00
9.201215730328307529e+00
8.184583098235890475e+00
8.178475257675891896e+00
9.691041278335195130e+00
7.502275015526989499e+00
7.344042211581365720e+00
7.508745575799027350e+00
7.053365791978043475e+00
8.917159780005418312e+00
6.347262625263248026e+00
7.830614691853011067e+00
6.768246258873074517e+00
8.405190558930918598e+00
7.081961442754103331e+00
8.213579836247959065e+00
7.652486683120672595e+00
7.910127694850274338e+00
9.674698544702890146e+00
1.015383901685834189e+01
9.646386882902726612e+00
1.095394991294869058e+01
9.071586706362140262e+00
9.624202612441813187e+00
9.778224225318119522e+00
1.023934921331796133e+01
9.823131770400149065e+00
1.074651240224670090e+01
9.985606019138607792e+00
1.005236174627975743e+01
1.022863663782326071e+01
8.409812182789220714e+00
9.690098789675239743e+00
1.027296912286511699e+01
8.024466522908106469e+00
9.915315171451492660e+00
1.085993344274920958e+01
9.193623853687416414e+00
8.623415169390831636e+00
9.752194113901722972e+00
9.546078832671412329e+00
1.178742764424347023e+01
1.027821503471227516e+01
1.056615089363714866e+01
1.050434155927735347e+01
1.175577201341606859e+01
9.697608498761969287e+00
1.005834073416401608e+01
1.110169306644129428e+01
1.005071283024589057e+01
9.594660474650300586e+00
1.107995860468454374e+01
1.181167633055535404e+01
1.147614219328205465e+01
1.113774270430382884e+01
1.089921343168392198e+01
1.097192535782423661e+01
1.177816452600526809e+01
1.081167822173337001e+01
1.194134245255347437e+01
1.045342470877505825e+01
1.138492547226023177e+01
1.246271245766043734e+01
1.277227092370480221e+01
1.118403710224485437e+01
1.184858518361858160e+01
1.143056819471874697e+01
1.165085916892221718e+01
1.107224767367954144e+01
1.199122308073429366e+01
1.260984028006828517e+01
1.286175865541165741e+01
1.267752390309210497e+01
1.357575326332619525e+01
1.277606539669823249e+01
1.223415903757415890e+01
1.189083917426889592e+01
1.412009889522715156e+01
1.171683867889491637e+01
1.396816112327579873e+01
1.142312614497595469e+01
1.272540817714802586e+01
1.352968971315988966e+01
1.202700758432702521e+01
1.381688055008201843e+01
1.301089035027520602e+01
1.377662014981341798e+01
1.318081047775222459e+01
1.281286661730148957e+01
1.205930747287172977e+01
1.141456436136093622e+01
1.273046717963392283e+01
1.303619376592422796e+01
1.208578907212253739e+01
1.121417084514547824e+01
1.093142148208229614e+01
1.243549451141514872e+01
1.135101089747549530e+01
1.198886050970634543e+01
1.137095809441085592e+01
1.121770513380531398e+01
1.183853481242106653e+01
1.014830631259806637e+01
8.251679868642181503e+00
1.009405012738948315e+01
1.043514497710033417e+01
1.014927612076124319e+01
9.887429899424013513e+00
9.269468582782787180e+00
9.804739905346458784e+00
1.025597621447999153e+01
9.797899922020491204e+00
9.395816636657652765e+00
8.979620336901318112e+00
9.709224042079096506e+00
9.972771745553874467e+00
9.221741000326705517e+00
8.494830452894328587e+00
9.343780828168604558e+00
1.004939567492057861e+01
8.727759665161125113e+00
8.122959599857637158e+00
9.781085844058313938e+00
9.023431284670397901e+00
1.105896300087870543e+01
1.096315939980620158e+01
9.726479573251062050e+00
1.062623778253406215e+01
1.058435126653920477e+01
9.799982548664106119e+00
9.819515943245352929e+00
1.067911438979263750e+01
1.127938396525467368e+01
8.679053734312073942e+00
1.064677210763432669e+01
9.305418707628934527e+00
9.329653177295210043e+00
1.036325594214450163e+01
9.195562817428760027e+00
8.464835699416493497e+00
7.926441562951067610e+00
1.000701380603694268e+01
9.545334805502442066e+00
8.345736513813161395e+00
9.705830948996192475e+00
8.707854624435745095e+00
9.286702046693189772e+00
9.205898217361724534e+00
9.084883012977645222e+00
8.930914150671100060e+00
8.051032876096666513e+00
8.247736419543246100e+00
8.911393528068451531e+00
8.008413237115023620e+00
1.032793990644885262e+01
9.626847444673373388e+00
9.520943924997979479e+00
1.021313237032353882e+01
9.873749786018457542e+00
1.027890058785838434e+01
9.170719165059312061e+00
9.934994854457748659e+00
9.766172021161821704e+00
9.155190953178429680e+00
9.923584084396974703e+00
1.052176858665688641e+01
1.023224036559658146e+01
8.988392401642194329e+00
1.031314307342792702e+01
9.808784804626831999e+00
9.890529013771688582e+00
1.032282629760478088e+01
9.251987797191548069e+00
9.807223135785271495e+00
8.438181415952447750e+00
8.157962652706132189e+00
7.836995691316772650e+00
9.316901650715722738e+00
9.041750445089739685e+00
9.318981805700888188e+00
1.023164056495260255e+01
9.244391606233598679e+00
8.323499158026656630e+00
9.492343818370127195e+00
9.366789485502561519e+00
1.028632161639503018e+01
9.792758984379657861e+00
8.175879915952570798e+00
7.899791510395477445e+00
6.718140631853598777e+00
6.938788797363387495e+00
7.655304879820904240e+00
1.018631633690026206e+01
8.308126741433845552e+00
7.178909734999673553e+00
8.289711339023938308e+00
7.994756452350300080e+00
7.391411897022104327e+00
7.879426924372733509e+00
8.254406714564215264e+00
6.520388298302439267e+00
7.044426162887649667e+00
6.888308335031526397e+00
9.054335097611739158e+00
8.317944813447679664e+00
8.080602744301959461e+00
8.756498157325792064e+00
8.181479479433720670e+00
8.730847914649425334e+00
7.831170580645994583e+00
8.003527868794062528e+00
8.808401938307600432e+00
7.471853584906307688e+00
7.977361968376662560e+00
9.455835118502486480e+00
8.106841782588775303e+00
7.108623033207747355e+00
7.505380476726296379e+00
7.610095616330498913e+00
8.770486420783619508e+00
7.784994881364967867e+00
7.195331127381944469e+00
7.595521342174373025e+00
8.391832957732612286e+00
7.490391516012619988e+00
7.110562204763304806e+00
7.584029241680502409e+00
7.358042238340011920e+00
7.973597076995988076e+00
7.738751043185836842e+00
7.413022039288598819e+00
7.224140783569550806e+00
7.318531997036290981e+00
7.738726734155277676e+00
6.117078266728765534e+00
7.473426642698109745e+00
6.706646673788556612e+00
6.462992135657573911e+00
6.199110953523607748e+00
6.114373626493031288e+00
7.395779879630855369e+00
7.668578223410246864e+00
6.616482123671303839e+00
5.984920987643318036e+00
7.144499422223139717e+00
6.931074272117519364e+00
7.761311412725023118e+00
8.911829754045506036e+00
8.880312236968796569e+00
8.293230742848500370e+00
8.625797934865051531e+00
8.716376767516322843e+00
8.871824049761322328e+00
8.298347530460519650e+00
8.678010106195740647e+00
8.052374488498561078e+00
7.320960392621017832e+00
7.019062194262023269e+00
8.647778326527030046e+00
9.659630991283755463e+00
9.420657896002829546e+00
8.313214441627323481e+00
9.988986453644949748e+00
9.421130983196430719e+00
9.567400695655853937e+00
8.261911042350464029e+00
9.557859622298479962e+00
1.137520405873014795e+01
1.115221172124046412e+01
1.004973875981491815e+01
1.024509818877744038e+01
1.047406288808944907e+01
9.154764138058654410e+00
9.909187065070231171e+00
7.505002754904955609e+00
7.648338925760283402e+00
8.664948661624173099e+00
7.999140619243339856e+00
7.548401856497632068e+00
8.631776558477689321e+00
7.392333230860404392e+00
9.065458196902801191e+00
7.967704903455152809e+00
7.600950467760037021e+00
7.503110203251599941e+00
8.277729386186566174e+00
7.836342770969686455e+00
7.391183736783038860e+00
7.683161962750612695e+00
7.859074343467598922e+00
7.026159550521758668e+00
7.303870110254096382e+00
7.789747633516972414e+00
7.327762074335412379e+00
7.223242635292729474e+00
7.801436830329643968e+00
8.718394652416453283e+00
8.710056829266402900e+00
9.553691190164542490e+00
8.547807739703140228e+00
7.347791971313323955e+00
7.505943511100731769e+00
8.386604918909089434e+00
9.026082623496174406e+00
7.394458750866316876e+00
9.887178133092078269e+00
6.323732851333963012e+00
6.612323328509704723e+00
7.547166626081718732e+00
8.005191045958079954e+00
6.179416499294667631e+00
8.698912605305165968e+00
6.661857863785907163e+00
6.937703081431312313e+00
6.388476925887355051e+00
6.528976670556079220e+00
6.828790180922934994e+00
7.827464582134259885e+00
7.694148774560114035e+00
7.294125744864600414e+00
6.629551093698629494e+00
6.070074629972756597e+00
6.086977980897144924e+00
7.161040074636073172e+00
7.768064701911345793e+00
6.759802029542917978e+00
8.096701833721006381e+00
6.064764285522656451e+00
7.040320290004488335e+00
5.875020115374024243e+00
6.570527121418487937e+00
5.564102718375768752e+00
7.169729714035975476e+00
7.025834851195775776e+00
5.268752782616477504e+00
6.730552373295370039e+00
4.443177699456161811e+00
5.402142921752240312e+00
5.026302716733194842e+00
5.573450470967632242e+00
6.409999785004798056e+00
5.455571621653842129e+00
5.480481882196955645e+00
6.794207312177595881e+00
5.934698646017695367e+00
6.493947724210800132e+00
5.783482238273911946e+00
7.525776489938886371e+00
7.904683173930486362e+00
6.149796765109992513e+00
6.922773626742371178e+00
6.154747085649519889e+00
5.864293046491710015e+00
5.772976586951310551e+00
6.073520581374316940e+00
5.545831047636088584e+00
6.849357021698469161e+00
5.825941817569428416e+00
6.773298084163418054e+00
6.611157814841469360e+00
5.942636300839981622e+00
6.779368090389026769e+00
6.482051021369582777e+00
7.571256038159164703e+00
7.799352467031527958e+00
7.965334982157813215e+00
8.034071802312213961e+00
7.766755577816979006e+00
6.804673589558595026e+00
7.745416737948991326e+00
8.356259610550416994e+00
7.282536361921453150e+00
9.948241876355707447e+00
1.019395129576698977e+01
1.071115218668639812e+01
9.258111097470651529e+00
9.663866276980137116e+00
9.438552402604079461e+00
9.260376107810072810e+00
9.436045399730389249e+00
8.941839273761305051e+00
9.081570953170686522e+00
9.619701841264152620e+00
1.070075970223479445e+01
9.212438603486011957e+00
9.621127424943514583e+00
7.911062751945168614e+00
8.968039533181590528e+00
7.200136984530891127e+00
8.435734878907258150e+00
7.406625583715412020e+00
9.344015022053639541e+00
7.390233922801073163e+00
7.451785421869550952e+00
8.315711018684124767e+00
7.651972928971324528e+00
6.217678659281117959e+00
6.869635529273443453e+00
6.940925275084541823e+00
8.260442270489836147e+00
7.223011435078925402e+00
7.926412105699704114e+00
9.315784555512211185e+00
8.731132714659675997e+00
7.530574880690503292e+00
5.645138972048266979e+00
6.126139035443904923e+00
6.500108797582094589e+00
8.988577193120544706e+00
6.633384614063251306e+00
5.455456032019738721e+00
7.227023497680496789e+00
7.213858616875256757e+00
6.887143327233413714e+00
5.472622757009710348e+00
7.182828720014303059e+00
6.885910561473321145e+00
5.903428939240584761e+00
6.618023056676078930e+00
7.861120761352950126e+00
8.224534096136018491e+00
7.876743516907887432e+00
7.659021985654759668e+00
6.651415262238959514e+00
8.780857972761582531e+00
7.710610825287727010e+00
8.215828841509164704e+00
8.435805945988418486e+00
9.348315863593334996e+00
9.538074548016339804e+00
8.950792778741810451e+00
8.149666540254958846e+00
9.810354962504803211e+00
7.896703348601656458e+00
8.613977677178654702e+00
1.009920667845486086e+01
9.938049373194420610e+00
8.602951958109274599e+00
8.327371641843180683e+00
7.198300025869825092e+00
8.266771965173997927e+00
8.951633240938512870e+00
9.828242222534427697e+00
9.351787753214182430e+00
1.041363809019106235e+01
9.745608444368713208e+00
9.884167678454506500e+00
1.236460083274130284e+01
1.118673018187367774e+01
1.127882601627981174e+01
1.143989439530845331e+01
1.188686586497118647e+01
1.165344100847133291e+01
1.384150825315235878e+01
1.364678283081426535e+01
1.358731868540709975e+01
1.273037612434765542e+01
1.399001793553623862e+01
1.377023238569126917e+01
1.255180895907890104e+01
1.123615295011673609e+01
1.155454414075761704e+01
1.208624876666163139e+01
1.173490706746660628e+01
1.159811652499269385e+01
1.212072508817358951e+01
1.226928773991391353e+01
1.397993583495316727e+01
1.188312605000849231e+01
1.261754763612816888e+01
1.199016267904810107e+01
1.123667624014837152e+01
1.359265992547634383e+01
1.224452016245229480e+01
1.316000203845212368e+01
1.239484958438286455e+01
1.289464911082397336e+01
1.231234561400100702e+01
1.351135080037445846e+01
1.206418576475803306e+01
1.249860048466687346e+01
1.241893903160601198e+01
1.204682278935798578e+01
1.273799229451901383e+01
1.268905003091754047e+01
1.370272786747128357e+01
1.356299068055960433e+01
1.309370665544589940e+01
1.329218464731079052e+01
1.310834858808972569e+01
1.411477587257379085e+01
1.297884101805664159e+01
1.283110707448256349e+01
1.501420651330871436e+01
1.455094028345769530e+01
1.460177821694434463e+01
1.306526458815939229e+01
1.398577077148847714e+01
1.560433625207568298e+01
1.477079371539429786e+01
1.538231498163009725e+01
1.563424847245728699e+01
1.388215556914648907e+01
1.535988364494873970e+01
1.625343505987058279e+01
1.508418341248904326e+01
1.591969442164474380e+01
1.733928827075285284e+01
1.552562642775892421e+01
1.779233798981685055e+01
1.701708678333334390e+01
1.607889714922045954e+01
1.570127147790355693e+01
1.694992558922188408e+01
1.806004844406927745e+01
1.804526907751764853e+01
1.741893943357223051e+01
1.738891331620392933e+01
1.621051748694159755e+01
1.871052293299915448e+01
1.752166206630580092e+01
1.826260677360982498e+01
1.807409840217724195e+01
1.741862444070184779e+01
1.656652567842253276e+01
1.772967498200483760e+01
1.729361989923477694e+01
1.501562251971649786e+01
1.585464064800332196e+01
1.585230788452187234e+01
1.750468847286141028e+01
1.606653169045602070e+01
1.717012961358210177e+01
1.669701191756754000e+01
1.707298723871018353e+01
1.752251701180999532e+01
1.785130190610889400e+01
1.658591002972540096e+01
1.744414247155642173e+01
1.612944370075547340e+01
1.700226656577934747e+01
1.786061356112842446e+01
1.750309974985861317e+01
1.652096855572856526e+01
1.592236333984950747e+01
1.699307044790824506e+01
1.667212803250703956e+01
1.695146800840101875e+01
1.611732394413841263e+01
1.683616750737259338e+01
1.655417291520453205e+01
1.676105412846472831e+01
1.700542253996906084e+01
1.742630349427357572e+01
1.822801045415152288e+01
1.640478036747879287e+01
1.699192661343853672e+01
1.748814025967567076e+01
