4.972853177895558474e+00
6.274958797455644444e+00
5.447811140329072543e+00
4.019301288911774961e+00
5.696026977379715639e+00
3.984051240613937672e+00
4.370698643359181013e+00
4.739977331155595053e+00
3.885434258056100987e+00
4.280540833645614995e+00
2.939367205771791891e+00
4.432961953132441124e+00
4.674521127271471954e+00
4.437837570456397707e+00
5.155979821255747275e+00
4.860331640471529546e+00
5.536928609727306494e+00
4.322893855894201387e+00
6.582721615785386504e+00
5.973785632363695086e+00
4.827331110883235965e+00
6.003696091199783424e+00
5.493349501837892390e+00
6.462480234215044028e+00
6.325089263233895309e+00
4.619809273732571775e+00
6.253956741041147183e+00
6.719173831838436861e+00
5.120447947424798585e+00
7.051441061384660536e+00
4.815646349623139422e+00
5.498352317814247492e+00
5.635632267310235477e+00
4.976442818688059155e+00
5.192926180726736618e+00
5.240516301648466602e+00
6.459868421360965840e+00
4.379603048751830485e+00
4.507703855730950337e+00
6.285699048555430934e+00
5.598427065495948263e+00
6.690272823425278403e+00
6.275369319003633706e+00
7.851246452614579319e+00
6.100837527497036561e+00
5.709676569103461219e+00
8.657025143166881875e+00
6.905705935010828078e+00
7.354333313190991817e+00
6.084598468226720236e+00
8.556195407491177463e+00
6.095453455175780633e+00
7.267292108832334563e+00
6.648599186179208864e+00
7.312440180994753014e+00
7.564680362762720378e+00
7.118523862998353380e+00
6.876703935745925200e+00
5.475853032240670437e+00
7.190230662488119151e+00
5.686642285024902321e+00
6.751796781020716232e+00
6.120031427289138293e+00
5.924998723355224151e+00
6.511007504831788140e+00
5.529081988733150155e+00
6.614779696421084765e+00
6.967050521156135545e+00
7.220949835657635596e+00
7.427194839850404406e+00
6.656857509461576505e+00
5.866748323821636468e+00
5.849428941341835220e+00
5.806983472166258764e+00
6.548642172657738847e+00
5.077711646333247231e+00
4.667158942380961406e+00
4.516699951568920568e+00
4.887607104861558582e+00
4.705993799039813297e+00
5.837257475861113321e+00
5.499996966158955836e+00
5.086019962544236606e+00
4.901473158005402730e+00
4.893443073582723457e+00
4.880865500853658112e+00
5.532859073097308844e+00
7.158903302424664439e+00
6.337658299049378385e+00
6.338996254706797728e+00
6.142964624154603648e+00
7.739144928180634153e+00
6.349539403081194244e+00
6.294351134726817953e+00
7.491105573027370568e+00
7.044885963628339631e+00
4.826358780158582107e+00
6.558986326024080604e+00
6.952635887828389372e+00
7.800021043537023857e+00
7.818018937004537428e+00
6.258490206380511012e+00
8.505847472780640572e+00
7.093239393694371842e+00
8.325158857522470868e+00
8.073689891718654366e+00
9.055837276800520641e+00
8.773585811234601906e+00
8.551194555080972037e+00
7.626771524436425587e+00
7.752975317165411440e+00
9.076878781574787780e+00
9.288967278114370174e+00
9.189444221283094905e+00
8.220546010090219013e+00
9.847831176819955346e+00
1.105366732660221984e+01
1.044713127759803228e+01
1.027629579148505101e+01
9.317120967999647618e+00
8.817341804473159073e+00
8.620144220379970079e+00
9.084468373187032597e+00
9.870812048341534251e+00
8.806085117430935583e+00
9.481407867161333769e+00
9.842929598974127003e+00
1.158965578139856234e+01
1.061626714439896446e+01
1.068963609920938040e+01
1.135851018179361382e+01
1.189675018765859527e+01
1.229738932819043740e+01
1.130633331536147423e+01
1.054112374268080643e+01
1.100266984336849774e+01
1.206245223964766033e+01
1.137067601184904220e+01
1.030021306700029626e+01
9.793954472291007463e+00
1.178665796992002335e+01
1.060054496845948258e+01
1.163895589457789015e+01
1.124061956279441077e+01
1.124427176832490538e+01
1.060499521556678282e+01
1.152906906697171152e+01
9.757824125359572776e+00
9.613891033979134804e+00
1.000794759037839299e+01
1.133146308505993005e+01
1.127295170306945238e+01
1.225060395753161302e+01
1.113398546035551462e+01
1.083516897376552102e+01
1.021285770804277959e+01
1.130481259669668859e+01
1.148479989653448996e+01
1.236525720557632546e+01
1.071125643945955375e+01
1.207668322833657371e+01
1.163763929637975814e+01
1.137809615613318570e+01
1.052707783449673151e+01
1.146529667194582913e+01
1.237494380033530561e+01
1.136190506080831142e+01
1.110921398646879155e+01
1.128894845192765040e+01
1.035842640877685206e+01
1.195362880061381716e+01
1.034514664353143409e+01
1.134836263478034546e+01
1.035589963944633851e+01
1.154371321230633640e+01
1.246805040780384211e+01
1.275816099787996905e+01
1.255424770580089344e+01
1.083555799707164979e+01
1.373850367676093143e+01
1.235112185178980582e+01
1.127617689676271517e+01
1.183186945390007949e+01
1.297787981838079219e+01
1.122216109593371769e+01
1.182235626182804467e+01
1.176509607055061046e+01
1.155968060743518500e+01
1.110284810228799302e+01
1.240948816636541352e+01
1.152305482946333726e+01
1.161174638818243920e+01
1.312526856463030001e+01
1.324882888257936209e+01
1.364896728258842273e+01
1.282198353789482326e+01
1.303743304175582551e+01
1.191985559825489283e+01
1.229680218573025918e+01
1.099836850448888725e+01
1.212247988004391175e+01
1.180696310281657979e+01
1.215224347851096631e+01
1.157372337323197442e+01
1.199557395960260564e+01
1.079730776517304136e+01
1.099052101132643244e+01
1.011801243128485339e+01
9.732986935924387240e+00
1.026824602301021727e+01
1.133342417974592209e+01
1.054351827972230993e+01
1.078481055177853598e+01
9.895723506464685570e+00
1.000433255465422278e+01
9.333180876618744293e+00
1.091302002181254949e+01
1.162210426630731064e+01
9.963998528263701360e+00
1.232854952595254439e+01
1.152067989188683939e+01
1.169605651428540760e+01
1.206790177868657565e+01
1.189202436515781436e+01
1.193099494497520752e+01
1.067203629210937876e+01
1.246001612695837935e+01
1.059907294269408951e+01
1.196345160757679693e+01
1.101243635931232490e+01
1.153643997299873547e+01
1.107065685394831078e+01
1.254290995516183038e+01
1.130086108180740823e+01
1.062548088735226415e+01
9.346703500442773205e+00
9.553243728681684033e+00
8.845994908997825590e+00
8.976807116687915311e+00
9.593657883674435283e+00
9.437228894521787481e+00
9.738924738723538255e+00
8.891014372337023630e+00
9.770900438250516018e+00
9.965865827206620509e+00
8.850306437600970355e+00
9.433057745474702216e+00
1.122331514516505102e+01
9.477961568829993411e+00
1.133960101316607272e+01
9.692872858697755944e+00
1.019631530175269241e+01
-6.239921949135807111e-01
3.064968056580239519e-01
-1.847713469827674260e+00
-1.242124752722657988e+00
-9.140147852414308716e-01
1.751998727100732012e-01
-2.260900639938582479e+00
-9.936995787138895864e-01
-6.865141587801817380e-01
-5.951386289851283706e-01
-1.367816016286848679e+00
-6.389049213939044236e-01
3.274342294380154783e-01
-2.429874179897950626e-01
-1.778638311826075125e-02
-3.116502994045751151e-01
-3.827612392674621944e-01
-1.407879247865993833e+00
-3.232682587701027899e-01
-1.659425526308293541e-01
-5.374236174208490979e-01
-8.636779696388217076e-01
-1.058394285353314146e+00
-1.213541460319238041e+00
-1.101938454159569591e+00
-1.960800989327691202e+00
-1.600446972587781680e+00
-2.616889253860646747e+00
-1.008349140583945314e+00
-2.513719520381767047e+00
-1.816807154720770257e+00
-1.890427551761702851e+00
-7.954626785063121375e-01
-5.248022750214254017e-02
-1.616576542036222364e+00
-6.360105736837766699e-01
-9.337303062231172568e-01
-1.680274868229162610e+00
-1.207352856560736321e+00
-1.660759649529302440e+00
-1.162530332657233600e+00
-3.209085864856032977e+00
-3.811347684241352951e+00
-2.013247491644902798e+00
-2.323093853021626298e+00
-2.978977054349331244e+00
-2.863317086921898014e+00
-2.639473372964531883e+00
-3.717816710997853047e+00
-3.771021089887996780e+00
-3.608027526251738948e+00
-2.722308080692246612e+00
-2.826399210021668829e+00
-5.649004072679324473e+00
-4.869446794409951096e+00
-4.657860063632520919e+00
-3.929831206086091377e+00
-3.326108402342943027e+00
-3.403565162222850660e+00
-4.132118112822774414e+00
-4.541726795753996626e+00
-4.047882797891499074e+00
-4.243227110467168828e+00
-3.166270797424047601e+00
-3.417129223251299308e+00
-5.211904755647534415e+00
-4.081520242198890536e+00
-5.035792899059191363e+00
-5.657619490650682259e+00
-5.322178872492628443e+00
-5.297085739046452524e+00
-4.249038573676612529e+00
-5.827452632077032568e+00
-4.191938982917871037e+00
-5.350792719931788177e+00
-4.481610847402840214e+00
-4.467261818451405020e+00
-6.065628109510879717e+00
-3.773408272504497951e+00
-4.188436594069843366e+00
-7.315547315711238952e+00
-5.649587130074178454e+00
-4.274957757690653892e+00
-3.018833402776660790e+00
-3.686337631963710670e+00
-5.200321987871759255e+00
-4.777645942299493242e+00
-3.786798289874169221e+00
-5.192477780084416850e+00
-4.013619107397682129e+00
-5.535950861109034449e+00
-4.443927276505858615e+00
-5.037043134324364679e+00
-4.350621507606631688e+00
-4.945838883583901335e+00
-4.754433480063865680e+00
-5.672385968484082497e+00
-5.870896801763917594e+00
-4.426507212220267107e+00
-5.092120167215015591e+00
-5.953760056911218790e+00
-6.388098769717335479e+00
-6.328659272124001589e+00
-5.693304843547254634e+00
-5.882122994810023542e+00
-4.838480790066912007e+00
-3.048565258314638537e+00
-4.321679182052134749e+00
-5.304812635392391229e+00
-5.086442004813134687e+00
-5.897244236563688347e+00
-5.216006419262436467e+00
-5.274351837738549875e+00
-6.859299524760196221e+00
-7.110265475122543144e+00
-5.934632993110778187e+00
-7.640339614412832603e+00
-7.504981316808581937e+00
-6.066191939359390162e+00
-6.325164021261930003e+00
-4.675182851956684260e+00
-4.954749549748341586e+00
-3.473280868304471358e+00
-3.557923547429333144e+00
-3.676668586240093184e+00
-4.062816047269070197e+00
-3.588793836633404233e+00
-3.105010099780441735e+00
-3.272094277044226729e+00
-4.004580705029386678e+00
-3.823338816759704883e+00
-3.827475788937489298e+00
-2.678872269240491377e+00
-1.950936169282726285e+00
-2.891582994973003640e+00
-3.393515094605832338e+00
-5.778541131965350353e+00
-4.806231373681272068e+00
-4.443177352330458518e+00
-2.915458593717077829e+00
-3.435759471359095318e+00
-4.040627457591311256e+00
-3.262131380681473125e+00
-3.186391277874725425e+00
-2.261956956576698818e+00
-3.485775286715898424e+00
-3.335004693291575784e+00
-3.759527524816390631e+00
-3.189616981617958924e+00
-2.581539084416863972e+00
-3.464724009271386684e+00
-1.986290335156400300e+00
-3.296790586741172202e+00
-4.032053162206924668e+00
-2.673751555045960515e+00
-3.227023695281751259e+00
-3.441539227817175028e+00
-2.771814538003062101e+00
-2.888180905908719343e+00
-1.235596242508749665e+00
-2.016071836251544180e+00
-1.242732727708437679e+00
-1.186684123223956888e+00
-2.056729531593103122e+00
-2.022841035791961062e+00
-2.061060456956770981e+00
-1.548609735041040825e+00
-2.742773028979772487e+00
-6.904448454463265605e-01
-3.310608097304720054e+00
-2.620352218322687055e+00
-3.139150695994415763e+00
-1.948683089454383399e+00
-1.794448919337375159e+00
-1.819963140764659038e+00
-1.558721183536941890e+00
-9.481447597567260743e-01
-8.805804996146271435e-01
-1.447906049182078547e+00
-9.459915976105430779e-01
-2.818852853403268188e+00
-1.492433695326755849e+00
-1.806250900067699394e+00
-1.551524549113534768e+00
-1.803617846231343691e+00
-9.853010388781990869e-01
-1.781454957313234111e+00
-9.491419818422057730e-01
-1.886475978557001110e+00
-1.685108112336895392e+00
-2.603084173621039721e+00
-9.083324766367097958e-01
-1.058349487373228648e+00
-1.044923204327067978e+00
-2.553027891683303796e+00
-2.308829647950178643e+00
-1.960023944801537965e+00
-2.225512341143199180e+00
-3.346331074555723539e+00
-1.811165273772033402e+00
-2.699703072442090068e+00
-2.541186576597381563e+00
-3.640106544012866152e+00
-3.306956861532616365e+00
-3.123897192295924441e+00
-3.764697293691126045e+00
-3.462058766626264106e+00
-3.523666744344207125e+00
-3.294209160553810634e+00
-3.282557510455149874e+00
-4.103184304516455327e+00
-2.001767715496340916e+00
-4.343731550857809154e+00
-3.789448745520295425e+00
-3.324905410913715720e+00
-3.316156214292382387e+00
-3.749022913635155163e+00
-3.339236031697246254e+00
-4.609565762528831989e+00
-4.326941738762336342e+00
-4.103623264423358563e+00
-3.189166706362590364e+00
-4.202611818731103455e+00
-5.404776303782976576e+00
-5.192454903493290530e+00
-5.521900990509768015e+00
-6.008181343902471383e+00
-5.107197999344965211e+00
-4.544499479232730010e+00
-4.340160379881816688e+00
-4.465619850084452835e+00
-4.687623789942828800e+00
-3.836320835199451551e+00
-2.960460675121991958e+00
-4.335136175966580296e+00
-2.612824609327116576e+00
-2.724912981997056338e+00
-2.948114639548052640e+00
-2.479742287308930315e+00
-3.353173048187545469e+00
-3.424847561121300288e+00
-3.215605467478563906e+00
-1.803212905496939467e+00
-3.106660871580205985e+00
-3.227390492497803631e+00
-2.494373225146252704e+00
-2.522954584497972164e+00
-2.251564184581737571e+00
-2.454773930216952671e+00
