1.042556383635859923e-01
1.581457224525024685e-01
7.955451479572973883e-02
-1.188987159552310074e-01
-5.839201869474049955e-01
-9.385525644573275983e-01
-7.910320332369841223e-01
-7.753548882767664630e-01
-6.432924193642906019e-01
-9.068237031897414813e-01
-1.502862571391891056e+00
-1.073392691516385167e+00
-8.784919384299842982e-01
-6.863345712861187442e-01
-3.852877257469441985e-01
1.007592868943163689e+00
6.530267070619335534e-01
7.769115982380710994e-01
8.167560074035369322e-01
7.265422208250934544e-01
5.845364243966157947e-01
8.152066516299707466e-01
8.127347861787241889e-01
1.681768342943729122e-01
2.414190868667276946e-01
4.092703501767820939e-01
5.522081711406519045e-01
1.359321159013445524e+00
1.055635621347454478e+00
9.417063820640343419e-01
6.644702690986152849e-01
5.321669690933439334e-02
1.777383587063803283e-01
6.032663318189621093e-02
3.424048419592966574e-01
3.584427241376184625e-01
5.586899224787029716e-01
5.525682101718807360e-01
6.146053825444794949e-01
5.839304548893349267e-01
8.261652692757036620e-01
9.555812798285763243e-01
9.235265221458460738e-01
1.161319931121445492e+00
1.333059291765322341e+00
1.784774707507400304e+00
1.950227916878415124e+00
1.572434919389569252e+00
1.677233575034460245e+00
1.871623044197376684e+00
2.307741972233895211e+00
2.147575607196130942e+00
2.042350932624794613e+00
1.568096203551888612e+00
1.559331480714772455e+00
1.920657619252354120e+00
1.868949071151486674e+00
1.570443219545084368e+00
1.777688707594226480e+00
1.966086895444156379e+00
1.793815033636380951e+00
1.720117763492407192e+00
1.983003519581819640e+00
1.952737091919830137e+00
1.959648232468350182e+00
1.335937922208872308e+00
1.795013452710847890e+00
1.635713295135839074e+00
1.848585698590040849e+00
2.191273033691304661e+00
1.751337925290444408e+00
1.131601613461261202e+00
1.072424035550769039e+00
1.343588070062745388e+00
7.962689839926883062e-01
8.073806716338369771e-01
-1.298362805172013079e-01
3.585324679949485338e-01
1.949125775485595902e-01
2.587019717767610749e-01
7.099893038215121521e-01
9.216632738244412426e-02
1.743319322592939702e-01
7.522449274854070556e-03
-2.512894508406087191e-01
-1.692520937190658548e-02
4.471826419920025275e-01
7.354423295367424895e-01
1.092948913664310018e+00
1.230419629509033497e+00
1.405850036844282336e+00
1.508218082480311306e+00
1.215038342559195073e+00
1.425839862375730682e+00
1.497730272644313576e+00
1.918277587029363351e+00
1.743251856439152148e+00
2.338772336356547576e+00
2.161384727568986808e+00
2.191752119460777415e+00
2.455062793142752220e+00
2.881266441608362427e+00
2.934551914964854014e+00
3.247071097913654558e+00
3.492030297904611835e+00
3.535958511845664898e+00
3.648019557690002301e+00
3.677601865358022248e+00
3.831702390652732770e+00
3.941756288917493301e+00
4.104356383361387195e+00
4.751703960273061966e+00
4.595394602020183683e+00
4.548185935189096973e+00
4.819099526884814466e+00
5.009677393495650222e+00
5.006765908350702787e+00
5.010931388032594747e+00
4.590430249744132496e+00
4.281421413026132328e+00
4.204300570473332499e+00
4.539127805612195310e+00
4.387531465077509907e+00
4.565144066534903899e+00
4.722409767999088182e+00
4.688987838198563907e+00
5.158674919428014150e+00
5.524006546756028868e+00
6.210338269793692412e+00
6.251688487187452736e+00
6.507088877114452607e+00
6.539036699713998146e+00
6.810621893206354471e+00
6.834670183109079034e+00
7.092819205212825828e+00
6.409952015151917593e+00
6.615941243144543016e+00
5.737507239096803602e+00
5.639169975856940908e+00
5.909324165305699594e+00
6.186787096275310205e+00
6.386643936140709243e+00
6.571249212288560848e+00
6.573680305731690154e+00
6.402660755403444703e+00
6.233905324780590895e+00
6.159896573274154186e+00
5.171666021398962698e+00
5.223335753280847094e+00
5.632036849771315801e+00
5.741322677529394625e+00
6.141679562249541924e+00
5.784253588815933433e+00
5.725297919574801497e+00
6.158031091132980528e+00
5.683923744199335992e+00
6.091049127748235037e+00
5.860015429595358150e+00
6.198925707252080919e+00
6.118819693647035152e+00
6.658878705594454495e+00
6.295996151034222166e+00
6.656153950710378631e+00
6.401553719513469964e+00
5.708430333745766028e+00
5.971479991894406147e+00
6.244785491636010377e+00
6.279942186762569989e+00
6.212691771069350999e+00
6.086340313272889269e+00
6.202679065579633111e+00
6.070149798290000120e+00
6.326624790951425048e+00
6.197918475314574849e+00
6.377732320941793986e+00
6.554945130153618571e+00
7.404858657163481794e+00
7.346167088158563452e+00
7.226508499504847194e+00
7.415802661601238022e+00
7.004769922838633534e+00
7.054777203219656734e+00
7.195533125188034340e+00
6.703977908628879767e+00
6.652765193045820702e+00
6.981076043552320698e+00
6.830266746175195358e+00
6.832337304696261882e+00
6.836205164768737852e+00
6.967640572308641644e+00
7.149961886065221428e+00
7.727252699633577748e+00
8.068420017699654778e+00
8.516237609108248563e+00
8.205894750022894257e+00
8.176248883190321948e+00
7.774451260641288997e+00
7.631590380231491721e+00
8.065096187090450286e+00
7.635193870153857532e+00
7.522955500288665220e+00
7.267248875753304915e+00
7.132036504664233334e+00
6.812598041942930394e+00
6.497729871996881457e+00
6.572365869363839153e+00
6.392429404463078946e+00
5.953974089858165009e+00
5.435870479237738806e+00
5.554979323836513494e+00
5.910214540980228470e+00
6.002723459246429805e+00
6.170954590722395494e+00
6.052044742010805223e+00
5.620584384403221279e+00
5.536081448581552600e+00
5.663184070347311305e+00
5.966631576485245780e+00
5.668357505882418934e+00
6.242155014104701749e+00
6.330196035303768731e+00
6.714121526580478339e+00
6.581629047587045811e+00
6.748708121126685278e+00
6.458922459710518815e+00
6.267331837270946338e+00
6.372908062919718120e+00
6.079538375602078659e+00
6.355478987395371426e+00
5.943398456902977856e+00
6.285382567804747467e+00
5.893068477987582376e+00
5.658166621042661326e+00
5.399310249876831946e+00
5.554282761636597066e+00
5.113807596102414976e+00
4.447082055140327839e+00
4.556627380870547306e+00
4.556029916279911163e+00
4.429622739574141654e+00
4.535628627673302660e+00
4.740645780426031131e+00
4.315372519238406923e+00
4.529755200568763129e+00
4.683979440854602494e+00
4.377798241240720145e+00
4.285332506849745648e+00
4.246923747603325694e+00
4.517252899866490701e+00
4.744510630607458701e+00
4.970944425329663297e+00
4.728998346878523940e+00
4.727155318912140025e+00
4.383944424557403075e+00
4.083115823448799198e+00
4.025156792022917429e+00
4.285840048405567870e+00
4.469428837825189404e+00
4.239163233846277024e+00
4.442483922497866722e+00
4.274705520057013430e+00
4.316852514708010347e+00
4.348614188920163492e+00
4.419725512140508350e+00
4.341112974740509500e+00
4.202919556880106100e+00
4.561593235679319847e+00
4.236522934471262047e+00
4.504014891659819497e+00
4.582622173660007014e+00
5.115224336148038731e+00
4.407632015326848673e+00
4.352740143441616638e+00
4.069140720183637150e+00
3.965575001383514930e+00
3.879148772015247104e+00
3.904402548221871161e+00
3.540635955879758878e+00
3.406303673147292876e+00
3.240102888754188726e+00
2.645098884633945158e+00
3.222113516533142707e+00
3.020460344523971941e+00
3.292565045415422276e+00
3.679417732246357708e+00
4.209816025487989499e+00
3.945649588223372639e+00
3.765028629663113691e+00
3.815019583062541297e+00
3.314240846513091920e+00
3.378754727827915083e+00
3.017330241374375444e+00
2.558035010900640671e+00
2.508459588035543142e+00
2.002123327394373931e+00
2.132636113469021044e+00
2.743343624350878418e+00
2.138508203428302945e+00
2.115000039527424658e+00
1.825588398695257686e+00
1.189917778447826979e+00
6.649048738027963923e-01
9.755915862505898373e-01
1.192067592198135406e+00
1.023134609507414750e+00
5.006522852243389110e-01
2.911220461632298973e-01
5.122448814388090854e-01
8.799543908318445684e-01
1.175258901364239161e+00
6.383942754100926376e-01
7.631288374903139049e-01
5.712856635822162188e-01
4.669588794333553450e-01
7.524550169880597217e-01
9.012601742395001114e-01
7.599223386816794656e-01
5.781834320462171384e-01
3.615833148066280867e-01
1.562795879980402591e-01
3.139181706679690653e-01
3.706788036698240862e-01
2.738943888423700512e-02
2.008446679608544283e-01
-1.475058642118639574e-01
-1.323551672637713339e-01
-2.860318981953555162e-02
-1.917031293826518823e-01
-4.835478610000676358e-02
-7.758594840059350461e-02
7.298991219868176950e-02
2.163149140669179959e-01
4.992763996607185728e-02
-3.804887754414093548e-02
5.474177403879478820e-01
8.020229973427975834e-01
1.310157327799609694e+00
1.054544334846047482e+00
8.950557163891919021e-01
9.659928360390459545e-01
1.764732234898962471e-01
2.178029246417515497e-01
2.173185847188179309e-01
-3.380792586676395484e-02
2.954005920457642431e-01
1.120465309954756516e-01
2.726804576747379749e-02
-1.516008922229245270e-01
-6.765981990015500214e-02
-4.609859694015020493e-01
-5.778261995893479996e-02
-5.493399937484448881e-01
-6.417753310656966192e-01
-7.250735341414589197e-01
-6.521326240193121571e-01
-5.010748994506023513e-01
3.513118114349788046e-01
4.565947256046731795e-01
3.382058034743705699e-01
5.656862476343798019e-01
-3.322538356031422557e-01
-4.085586904564302846e-01
-4.701364325815593492e-01
-7.906506301247663293e-01
-8.840806067211046670e-01
-6.655409686784149459e-01
-8.620127191544557643e-01
-1.049304677339252923e+00
-1.621823865608732707e+00
-1.215821110618021006e+00
-1.444028334014500370e+00
-8.921685754811088387e-01
-2.102869090000141217e-01
4.027520206651080681e-01
9.747356680577250465e-01
1.006673770062924245e+00
8.461124834717245191e-01
9.511614364681508782e-01
1.023631191215613301e+00
1.262840210537756525e+00
9.940628954974720655e-01
1.528764306667545370e+00
1.686943206455222999e+00
1.689860976013349614e+00
1.692002060727531010e+00
1.396088835748065859e+00
1.064815526123573886e+00
1.002490309212793029e+00
4.022290039871380118e-01
6.037349738212378636e-01
9.283675583145316601e-01
9.705687761716013107e-01
1.268951900369279517e+00
1.829132311034512348e+00
1.699959079209914181e+00
1.647018236295355820e+00
2.039532821493871051e+00
1.938559559847989666e+00
1.703493532273353983e+00
1.412401101653699920e+00
1.397844323066100625e+00
2.219790660098268198e+00
2.184737166516586448e+00
2.102267120830771052e+00
2.121162519232793198e+00
1.391843305370106254e+00
1.558797028496987869e+00
2.041076797554845612e+00
1.848767300518425305e+00
2.369416448082156013e+00
2.553479941051960633e+00
3.248728591890437389e+00
3.300472698530704907e+00
3.188528430465900065e+00
3.336567037251102263e+00
2.936729119589244430e+00
2.670822011976094146e+00
2.789597340515820978e+00
2.667465761734927110e+00
2.405959670728448518e+00
3.049704242511935615e+00
3.024717057397810827e+00
2.963125984089951981e+00
3.070076864232582636e+00
3.538342828680512753e+00
3.721129427149090674e+00
3.711821125529101373e+00
3.153350060110766240e+00
3.689599172283262618e+00
4.026025587522219951e+00
3.876028080732902836e+00
3.553478347033543816e+00
3.371172422383923450e+00
3.525749613996772336e+00
3.094320117673631909e+00
3.338896025651869159e+00
3.093629103621596599e+00
3.434301807403937090e+00
3.435286937857817691e+00
3.365986062212568797e+00
3.679794441584130826e+00
3.543948626066619756e+00
3.470471548945941453e+00
3.111753486872246288e+00
3.631882009964234825e+00
3.713685490259935662e+00
3.771061046797016036e+00
3.302448317965491764e+00
3.021734234650818252e+00
3.346618304975261360e+00
2.795828520398829120e+00
2.952327993163667230e+00
3.107547863077146921e+00
2.535165936463812830e+00
2.581354112168158466e+00
2.057505641933588869e+00
1.689038519564533658e+00
1.959777545779794128e+00
1.924725199505144868e+00
1.783365898842036223e+00
1.669447917819488092e+00
1.377105913820392047e+00
1.456007819334963482e+00
1.164336669450244610e+00
1.275477974221304267e+00
1.158614732228391064e+00
1.201745590928829932e+00
1.273064298294944274e+00
1.435278523615627355e+00
1.341201122885437913e+00
1.165280111956100262e+00
1.057950201141647950e+00
9.637405874683168117e-01
8.295442252959700502e-01
6.342039236418348658e-01
4.252927053575835670e-01
-2.832055946732953133e-02
2.008035987952003221e-01
1.579626330318942840e-01
2.546845321372881998e-01
6.414235092565796492e-01
5.890709461003316161e-01
5.356985740593706025e-01
5.626884940186259731e-01
7.103957381853216457e-01
1.529824068148950555e+00
1.732502319895914189e+00
1.872971286903091226e+00
2.039880661419960273e+00
1.877293187000870223e+00
2.180738015319814593e+00
1.880364659017305762e+00
2.079837445384842276e+00
2.661893029309674308e+00
2.300969355624924884e+00
2.376192463973070268e+00
2.465075684188784866e+00
2.651712588178674945e+00
2.686674485358397924e+00
2.302747400609066020e+00
2.650728192438366548e+00
