-3.419501763856138243e+00
-3.397487004440232994e+00
-3.897163044120063979e+00
-4.446987262380673656e+00
-3.914497200458502135e+00
-3.792130498224311808e+00
-4.496481292417916720e+00
-3.689546163924864786e+00
-3.136718296641289427e+00
-4.576668175986124965e+00
-4.186774298009243722e+00
-3.741743180214329723e+00
-2.892405742710490557e+00
-3.082178087822756485e+00
-1.746928043706104550e+00
-2.989184000425640253e+00
-2.068575322724307775e+00
-2.494897603031017042e+00
-2.632973009720906976e+00
-2.363042622435704843e+00
-2.600627238865518720e+00
-2.040662867979728734e+00
-3.242525692806433657e+00
-3.061838348305408797e+00
-1.871085237399331413e+00
-2.547176565881740462e+00
-2.256151490263219372e+00
-3.463060823265146748e+00
-3.310177076342749380e+00
-2.180644836130406716e+00
-3.941555472522343617e+00
-3.190749793031079307e+00
-3.209539643363320760e+00
-3.703062522837370363e+00
-4.295564029546502738e+00
-3.481504725921319210e+00
-3.110303594924483050e+00
-3.262560910093886157e+00
-3.085239184798783008e+00
-3.208123425999574785e+00
-3.320285724055354493e+00
-2.250089826381562297e+00
-3.892398311890763463e+00
-4.469346027976165203e+00
-4.185857659580142887e+00
-4.913491115976686530e+00
-4.770919816358270893e+00
-4.380407043228989217e+00
-4.903386632362447983e+00
-6.103153087518149889e+00
-4.527544715839386669e+00
-3.947355527829934818e+00
-3.384678823255911517e+00
-3.685666381139808934e+00
-4.261646512730761671e+00
-3.753007497378741508e+00
-3.110264708104323095e+00
-3.454341344914953815e+00
-3.160547200975703852e+00
-2.770243665536130440e+00
-3.569731959182524506e+00
-4.287680010719808976e+00
-3.698956511424480009e+00
-3.541319417415718096e+00
-3.260480281268767655e+00
-3.227015476235511660e+00
-4.258536178395194050e+00
-4.249545760564939378e+00
-3.655219426160243756e+00
-3.619277238456492629e+00
-3.242925305565298899e+00
-4.200412105865777512e+00
-3.712319674820411031e+00
-3.806141715429854688e+00
-3.785382012739359592e+00
-3.226386873474059058e+00
-4.111384155286626374e+00
-3.824920828340108603e+00
-2.289274141354355141e+00
-2.523397706042672439e+00
-2.656598293148455525e+00
-1.964377099219323242e+00
-9.603807979632068559e-01
-2.029549087643792049e+00
-2.290184960355410304e+00
-1.560033424842894423e+00
-6.470244831980309641e-01
-1.890763291481438291e+00
-1.841303010054192058e+00
-2.194430412126628038e+00
-1.820669783538412023e+00
-1.761832600249315206e+00
-5.473649017272896877e-01
-1.285819845574317055e+00
-1.324569488373026349e+00
-9.224850256999062026e-01
-6.518238153331568085e-01
-5.533673147767683709e-01
-1.481490295753628228e+00
-1.015999624357628806e+00
-6.275584455353624413e-01
-3.526469561744705050e-01
-1.057117839563053607e+00
-1.338358867231116633e+00
-1.625336744135415401e+00
-3.733005246007392586e-01
-2.752638178322150964e-01
-8.768472202024293338e-01
-3.786920944297311742e-01
4.969582730229742396e-01
-3.009955827071872925e-01
-4.566730376229308774e-01
-7.367856204831886302e-01
-1.141738655146559811e+00
-1.509484093923336712e+00
-8.817738681352262908e-01
-8.899606838229803252e-01
-7.859717521562550324e-01
-4.037228878549696809e-01
-8.310829317817263195e-01
-9.573476101967415275e-02
1.447819548649280641e-01
1.108372271338204484e+00
7.101236122953538121e-01
1.181697115919733587e+00
1.535499378090475542e+00
1.976694366928777757e+00
3.198063686728145782e+00
2.312227453500816043e+00
1.069866583064079446e+00
7.570976246576903712e-01
3.353748604061763672e-01
1.801865013555596473e+00
1.066652928095775721e+00
4.596858811767914332e-01
2.598606186760016090e+00
2.261541310523352610e+00
2.256958682209457834e-01
4.958603367058604938e-01
1.528891023969417118e+00
1.536963980479786773e+00
1.941403563227116935e+00
2.580836073832878608e+00
1.984088905007851178e+00
6.324960887656674302e-01
9.651609769394946525e-01
1.293479167521572659e+00
6.222394185306554526e-01
9.033007417937906069e-01
-4.061142376906357043e-02
1.670710440228919236e+00
1.869136490265255190e-01
7.249417702239071559e-01
1.088363750568112298e+00
1.006345421981583943e+00
1.159994527332713687e+00
1.966840473983671567e+00
1.528856864194869658e+00
1.731133073806478295e+00
1.097024658145568932e+00
2.021421539071207363e+00
1.191750418047646143e+00
1.704091260500647520e+00
1.046506454094939809e+00
1.652770702943261671e+00
9.573817022506201369e-01
3.083031429983018157e+00
3.097685317405672656e+00
2.919097181977440947e+00
3.850745398060079427e+00
2.850352442654952689e+00
3.541926337509126110e+00
3.390859495360731390e+00
2.910527937204491877e+00
2.958964353931011537e+00
3.600319905353852157e+00
3.625461893614062792e+00
3.210272075006537662e+00
2.774529397198503666e+00
2.666199620829869055e+00
2.892825607942907773e+00
2.470075551498021049e+00
2.448484617451673007e+00
2.617427945474776863e+00
1.518607005913485519e+00
1.868387728476306187e+00
2.308143478443442476e+00
1.029847903322541169e+00
1.231442796612739921e+00
1.539167542788371978e+00
1.568496670391393621e+00
8.836661473259699306e-01
1.158983850736336141e+00
1.828836636303273977e+00
4.929091862323173867e-01
1.155688092659942434e+00
1.993426179903238005e+00
9.923282262508918983e-01
2.300822630367760357e-01
2.999327707438510515e-01
1.285080585268334019e+00
