4.989980325268450478e-01
8.116470196187303143e-01
4.631396367078483567e-01
3.587890282693197985e-01
5.940421414708352277e-01
4.098457335876216079e-01
3.847582713435384605e-01
4.936173388654847005e-01
7.418233778872088680e-01
8.205808826201879125e-01
6.756744101680141057e-01
1.268644278342413667e+00
1.618246951239999065e+00
1.996831779079518920e+00
2.200078922514581148e+00
2.098487204003582907e+00
2.622484994006475389e+00
2.477541934787139688e+00
2.000105304683610807e+00
2.090336020467584710e+00
2.252786674331286321e+00
2.092989419199978496e+00
1.762590036344459765e+00
1.540368091440746934e+00
1.903605319407084329e+00
1.725251207829798350e+00
1.813807661964780715e+00
1.603271282657531938e+00
1.332171464104273007e+00
1.384254688043792036e+00
1.025129678426679458e+00
6.260399354517052206e-01
7.809985311317287904e-01
3.556075902635975616e-01
5.618406903291456311e-01
6.594553801036754370e-01
9.759271474559272352e-01
7.538660879715515239e-01
8.582008703493979596e-01
4.815977093174674262e-01
6.593940555118018576e-01
7.841439978881803441e-01
8.662089513743116420e-01
5.794797572709294853e-01
2.136933517867991572e-01
-5.546043904656028367e-01
-5.657409592492862460e-01
-6.979823094361499169e-01
-6.296216487196230061e-01
-1.205777825820850691e+00
-1.706282322617413971e-01
1.268679748273451868e-02
1.896092934207589953e-01
-1.597585851356355113e-01
9.919811551137219796e-03
1.421448258342019599e-01
1.970521596648239504e-01
4.071719106994797777e-01
4.158223817493226782e-01
3.333579774394946904e-01
5.006844973273841815e-01
3.461794079778665045e-01
3.795584977543593475e-01
6.004310591078704240e-01
3.518934722038017382e-01
3.650661103519965978e-01
-3.070885632878153637e-01
-3.885081886512669058e-01
-2.919627127135054345e-01
7.242006143855783673e-03
-4.053679084775219654e-01
-7.235937888152346176e-01
-4.169806302034892997e-01
-5.726783780514246303e-01
-2.608177791373985643e-01
-4.910725592931701744e-01
-8.894882553063560016e-02
2.075961825931291194e-02
7.127888365465108178e-01
1.182302584256344602e+00
9.085282078463370325e-01
1.168466828732949825e+00
1.457942110372065780e+00
1.561544829179704719e+00
1.280690985023765549e+00
1.628548766089734201e+00
2.047635377268375301e+00
2.044968597461432669e+00
2.042897415914851411e+00
1.959141869651572332e+00
1.374977462323150768e+00
1.599899423584063118e+00
1.760435928810994533e+00
1.885560282687397615e+00
1.723420639627387008e+00
2.217137279778881531e+00
2.189081826282607945e+00
2.150993120259341307e+00
1.849334486991361270e+00
1.968245302854072287e+00
2.005576090164665537e+00
1.981990185393104786e+00
1.755798817169432535e+00
1.359958814482149947e+00
1.780973006858169061e+00
2.298172670108478144e+00
2.302648323926533180e+00
2.627174569460039244e+00
2.672896568200537892e+00
2.627751187037997482e+00
2.706045894541319718e+00
2.301952645026783095e+00
1.782224482161411938e+00
1.737057221407623864e+00
2.017629676196942778e+00
1.748032208302267687e+00
1.454923598738740331e+00
1.575939311952966992e+00
1.751277501518683000e+00
1.987059504885031025e+00
2.402294509281774904e+00
2.811648598869521010e+00
3.310152458260476216e+00
3.410856958122099325e+00
3.919234801368687293e+00
4.145964058111493600e+00
4.701275736736498345e+00
4.746395604928953738e+00
4.416623711816018094e+00
3.975945070783414081e+00
3.846961185405171957e+00
3.455524170981723486e+00
3.760830920140689315e+00
3.348322597475171580e+00
3.632789470612274751e+00
3.791731737844771022e+00
3.829277582920316725e+00
3.971456231433576178e+00
3.620812178760187905e+00
3.505850121186467661e+00
3.933554990306209476e+00
3.767638973494340515e+00
3.675312075766065334e+00
3.805289216241439565e+00
3.446916926524175473e+00
3.683763212765613915e+00
3.349958333943326760e+00
3.444168062820794685e+00
3.317055612718696533e+00
2.803177035213191282e+00
2.977468020440439567e+00
3.310273622471423760e+00
3.029871730195192292e+00
3.229187317407848035e+00
3.270718054535685759e+00
3.327709363719178359e+00
3.858903597055268975e+00
3.485259557298188593e+00
3.378035810490400248e+00
3.190282442119141582e+00
3.723039923189431111e+00
3.197183007013788547e+00
3.537972122164195099e+00
3.678795876446822710e+00
3.622147563431060036e+00
3.617107910561360828e+00
3.954393557969221540e+00
4.509156557431067469e+00
4.883429051773866547e+00
4.685218211808712674e+00
4.799969140123913292e+00
4.840816689913540749e+00
5.138068085777026006e+00
5.033364778132390249e+00
5.063141626834240405e+00
4.983347074405922505e+00
4.525575099643709187e+00
4.554579013903036433e+00
3.890466076170429499e+00
4.008346455199309766e+00
3.811705920186112095e+00
4.233852575589509115e+00
3.784942933341321591e+00
3.773806024846183771e+00
3.166855909442868988e+00
2.844127220646170517e+00
3.070924629973326603e+00
2.701586914216559610e+00
2.309381111836417588e+00
2.403869477932269128e+00
2.290627009881711196e+00
2.296006807632946067e+00
2.243125431216626442e+00
2.259800485991063201e+00
2.260198739220236952e+00
2.088042622570399853e+00
2.232978204093366337e+00
2.168632681776641480e+00
1.993953568618351158e+00
1.841965102588862369e+00
2.183377183803055566e+00
