9.832410783232736762e-02
4.550091385640111508e-01
2.608190564816269541e-01
-3.039456323932951953e-01
-6.923406293284275481e-01
-7.123478700942346142e-01
-3.794362301952939331e-01
-4.164350504011081200e-01
-5.368172974093630145e-01
-7.679793430422399148e-01
-5.584856265667570430e-01
-2.874410309675939912e-01
-3.884992770100810233e-01
-7.532086952400961488e-01
3.527097686939095755e-02
1.243939238883714354e-01
-2.238023688977772707e-01
-5.472795791066071835e-01
-1.323249304264631498e-01
-4.041827162965797027e-01
-6.415055851168089962e-01
-1.218964284444481461e+00
-1.200144211761555946e+00
-1.081938608006228320e+00
-1.126629871006087136e+00
-6.627741713836613480e-01
-1.235422466344364700e+00
-1.167898958972489520e+00
-6.415491090362150928e-01
-5.310530399179558270e-02
-5.577294078702487168e-01
-8.087475581629335331e-01
-1.560159803398647460e-01
1.472487760240446808e-01
1.896579023062217040e-02
-1.694671147777919440e-02
-1.434955781421892729e-01
-5.171715286678282286e-01
-8.003235244826198969e-01
-8.346135403139871567e-01
-9.332207345780323404e-01
-9.758078388874491527e-01
-1.029000616755555653e+00
-6.396109046748685856e-01
-7.383192239400566681e-01
-5.973194752966431986e-01
-3.482518613957676368e-01
-2.418085814041297243e-01
8.481504533366354681e-02
-7.071592128409537326e-02
-5.631005017498968979e-01
-9.831059815349860731e-01
-9.937312308301621266e-01
-1.591227181657973722e+00
-7.705938319408630610e-01
-5.714191839097320091e-01
-8.436823236667332360e-01
-5.653986581585834781e-01
-8.920608227614874597e-01
-1.446710709776548143e+00
-1.464312276529809553e+00
-1.013456189003843599e+00
-1.180820772239470129e+00
-1.827160127456263883e+00
-1.876012605090972007e+00
-1.594914228312697801e+00
-1.174254491578259119e+00
-9.668451186173681045e-01
-1.150808198495453905e+00
-1.487551403723617272e+00
-1.883269193333226621e+00
-1.911332017144811157e+00
-2.120797429755575170e+00
-1.442920163520577947e+00
-1.153782889397851008e+00
-9.951590895929016689e-01
-8.803073501619655961e-01
-1.082094638673354758e+00
-1.334483038837554147e+00
-1.517542036654684789e+00
-1.018068237282898192e+00
-8.666271512852976588e-01
-1.237544715574196541e+00
-6.936688377678030815e-01
-5.602643428826475924e-01
-4.617400137150395878e-01
-2.053539610754621103e-01
-2.352235380276784804e-02
5.274146188174994032e-02
7.237990295210319780e-02
-6.474820282039134289e-02
-2.103656769646715941e-01
9.608287127042688947e-02
5.447955705934190429e-02
6.121118125837903268e-01
9.469144868250849445e-01
1.323654271558316387e+00
1.277903089240938650e+00
1.066518897029950397e+00
9.398539959011794620e-01
5.782832106340601852e-01
5.797416185231132335e-01
7.736856442748194507e-01
3.638077873350726854e-01
-2.566855346856388165e-01
-8.589273776658890025e-01
-1.410969866454217847e+00
-1.311232715580634478e+00
-1.424513587079591748e+00
-1.341312565530890621e+00
-1.221485804126019259e+00
-1.170996779069728211e+00
-1.226223367039154910e+00
-7.090237993562163998e-01
-5.658837412889909935e-01
-7.174185548866143236e-01
-1.324997846076718222e+00
-1.265851313139801482e+00
-1.861974257918419529e+00
-2.270273452262783653e+00
-1.958710298117229520e+00
-2.301340343865054372e+00
-1.911775896374046546e+00
-1.972010473860800639e+00
-2.189637468131103049e+00
-2.538968587260950649e+00
-2.379117317419498168e+00
-2.856105646694883315e+00
-2.544584256026898750e+00
-3.195056379423684589e+00
-3.048758807962487438e+00
-2.571730589401797218e+00
-2.735027364819261564e+00
-2.725608846122300477e+00
-2.424992065839133737e+00
-2.129193679380737780e+00
-2.341852460997550178e+00
-2.559295914824340379e+00
-1.996448329243672992e+00
-1.651438374648937613e+00
-2.500151329440949421e+00
-3.062817481638187012e+00
-3.424969843614798837e+00
-3.430048223437974109e+00
-4.160639728459659459e+00
-4.236726199927949743e+00
-4.374248950066434993e+00
-3.820268480041411507e+00
-3.974269158584504691e+00
-3.492502898262249911e+00
-3.277565638361351841e+00
-3.026249195246201396e+00
-2.787417781384217363e+00
-2.832923108790721844e+00
-3.162345086878850964e+00
-3.621088322123068970e+00
-3.234068679042941596e+00
-3.602220780914048071e+00
-3.221888082418472798e+00
-4.057634347241695139e+00
-4.383952800641606196e+00
-4.258741587896023972e+00
-4.395575608322575434e+00
-4.916477927345708210e+00
-5.331044120176848367e+00
-5.737669800867280401e+00
-5.948528267245722922e+00
-6.032475239151443347e+00
-6.224182173326034295e+00
-6.046570705642894339e+00
-5.604965752605329143e+00
-5.074634615280675831e+00
-5.246865519358830277e+00
-5.441330560658705018e+00
-5.602068484609023180e+00
-6.083886364658522616e+00
-5.981388169923421927e+00
-6.140741260716397143e+00
-5.859290183295810195e+00
-5.830909700912163096e+00
-6.018967421003669216e+00
-5.743385760418873609e+00
-5.956913385409621675e+00
-5.654823556401469276e+00
-5.804253986511195507e+00
-6.419971907223839480e+00
-6.265669419675628404e+00
-6.378043686448163996e+00
-5.955614635352309172e+00
-5.990660447167867275e+00
-6.070860380296561942e+00
-6.407792581552578248e+00
-5.973275892855165914e+00
-6.272707721593790531e+00
-6.255148605649495153e+00
-5.830975324369926938e+00
-5.892212919335770849e+00
-5.435463492546294795e+00
-5.765928658510046212e+00
-5.515363800180622000e+00
-5.869178566897529592e+00
-5.941614624836550007e+00
-5.501949284667594142e+00
-5.255364252241946588e+00
-5.492127340359920673e+00
-5.723340692190144630e+00
-5.045524678324904144e+00
-5.666186701698701533e+00
-5.629127322404293920e+00
-5.486600973274391890e+00
-5.387665225831565152e+00
-4.869758993272080616e+00
-4.914028181527866579e+00
-4.795554301234951744e+00
-5.151784571737252350e+00
-5.253324113846171706e+00
-5.426617849382224357e+00
-5.668121053268002640e+00
-5.510779383440822521e+00
-5.840802712180258816e+00
-5.578324457559292959e+00
-5.352719524307136822e+00
-5.321468170372308570e+00
-5.030732667356805798e+00
-5.347086519549601569e+00
-4.591902443680144330e+00
-4.959078593017657965e+00
-4.650804694025024943e+00
-4.865735366061817224e+00
-4.744453069111922439e+00
-4.849837577940943056e+00
-4.933743749255351752e+00
-4.841824323357784010e+00
-4.686606808841016658e+00
-4.411772380143399452e+00
-4.714326230523556482e+00
-4.695460880735121911e+00
-4.694343716856351101e+00
-4.802855430362113154e+00
-5.050016064433893170e+00
-5.418644411066729560e+00
-5.154040141469907965e+00
-5.147167562440040811e+00
-5.394656713016550142e+00
-5.264198834889104006e+00
-4.804302061777659283e+00
-4.563254031721320381e+00
-4.438389443276153479e+00
-4.247097638711538892e+00
-4.307642127771624807e+00
-4.094580613377691414e+00
-4.234740756732105815e+00
-4.054232211077595238e+00
-3.973533738344803723e+00
-4.025399678099478074e+00
-3.728702175017897247e+00
-3.824585444887319774e+00
-4.119532307970475316e+00
-4.463473707238285293e+00
-4.725234132122971609e+00
-4.790056097361641285e+00
-5.078908404266490706e+00
-4.498767680198185737e+00
-4.530904948488546857e+00
-3.948192490877946881e+00
-4.156675702329464706e+00
-4.446933650137282257e+00
-4.220451173141269940e+00
-4.104252089477077980e+00
-3.106184057934518794e+00
-3.697043675603473023e+00
-3.256134250996181478e+00
-2.876259883261323758e+00
-2.811868358147900260e+00
-3.218300690004604281e+00
-3.156442695996010350e+00
-3.009110129875509188e+00
-2.651104535035088361e+00
-2.529465229907335910e+00
-2.711745247816446103e+00
-2.781470315404706906e+00
-3.121048547480887336e+00
-3.308561542651279108e+00
-3.290406812808190917e+00
-3.206951882994784064e+00
-2.988421278945903037e+00
-2.646649783437695636e+00
-2.728655667028875964e+00
-2.621816623249142886e+00
-2.457256377699596595e+00
-2.521727597237667151e+00
-2.896902608028984805e+00
-2.536158401213374880e+00
-2.361577903897455588e+00
-2.444177159445125369e+00
-2.033288414936357036e+00
-1.783004402400117705e+00
-2.012828351371822588e+00
-1.832748510630964223e+00
-1.639088034199517763e+00
-1.602538687330103295e+00
-1.566863316500166414e+00
-1.468736353617282608e+00
-1.152737065708301367e+00
-1.514850848920903603e+00
-1.495287637019701021e+00
-1.489043486479191269e+00
-1.298848176609678218e+00
-1.262193247322800360e+00
-7.282086940927875451e-01
-5.769090137079370129e-01
-8.206868317787878730e-01
-8.235433096507870365e-01
-8.058689721516330007e-01
-1.018622596018206483e+00
-1.450428157437340992e+00
-1.438489798547873733e+00
-1.497770469436717988e+00
-1.591377375974746933e+00
-1.551543910491675726e+00
-1.787527204801649061e+00
-2.085692329017371449e+00
-1.864329250866280763e+00
-1.802305338354311282e+00
-1.657375061198993471e+00
-1.338841027056028254e+00
-1.092447645518103139e+00
-1.044440508748045282e+00
-4.622946498710021057e-01
-5.663744316081542607e-02
2.025908286722871154e-01
3.231503992394820224e-01
4.586033892252395217e-01
9.270518839909411835e-01
4.257630511282748387e-01
5.760485235626531253e-01
8.383398933738904768e-01
6.246387328204537903e-01
5.651201552702462827e-01
8.849570077634993925e-02
2.549154341349176844e-01
2.610926845467990698e-01
5.716425155410029824e-01
2.677146266219234128e-01
5.124445530019298145e-01
9.371287614846111058e-01
5.468662142491251821e-01
6.800229785792842874e-01
7.484818634009083871e-01
1.178613266080338340e+00
1.024099403394823637e+00
5.937306636865085085e-01
8.800093437468936575e-01
1.022519372612654687e+00
1.556675547971446250e+00
1.229697137758482883e+00
6.556936988351609319e-01
7.383278994281262664e-01
1.101982274863294586e+00
1.313365670611716940e+00
1.143534225651252179e+00
1.073876008520681546e+00
9.464489510288114360e-01
1.285630726487920539e+00
1.800358155805090732e+00
1.558445612158850135e+00
1.640849414943017059e+00
1.526738442685964703e+00
1.629001354478694541e+00
2.096327100918542463e+00
1.853066102541365279e+00
2.479528385074916574e+00
2.283369220158486534e+00
2.118774415593550398e+00
2.477492187268833579e+00
1.977786934564469634e+00
2.154109064035192311e+00
2.306003388396324461e+00
2.459806113899705604e+00
2.660041437446666546e+00
2.650378409598447504e+00
3.056695271750798693e+00
2.764164601696374124e+00
3.276576709509994245e+00
3.143656003915706876e+00
3.384165122972933926e+00
3.550386009151994315e+00
3.199454908717922930e+00
3.365704773752054013e+00
3.326061488320184001e+00
3.274307997399391823e+00
3.451830142169577620e+00
3.597303968235967986e+00
3.677039832483663950e+00
3.449971291811856133e+00
3.130494202210045263e+00
3.172591619417342468e+00
2.807825449584545385e+00
2.747010355354250422e+00
2.874589856080450367e+00
3.160862723010478881e+00
2.750980274188474795e+00
3.056439050454599737e+00
2.214527819709358525e+00
2.237981015469529211e+00
2.300193824300976964e+00
1.893530295746756575e+00
2.023225241390888218e+00
1.663635973457601169e+00
1.518808049337847965e+00
1.033229189151636085e+00
1.112084433229858726e+00
7.783846725492713503e-01
4.820410454383594057e-01
5.803099268490857776e-01
9.530413426015564848e-01
6.673847173200432303e-01
6.498058215240763991e-01
9.990636770112455434e-01
7.850330980554467430e-01
3.806074672140662973e-01
2.075397095053194974e-01
-1.405344368158528423e-01
-9.149234924516359835e-02
1.863497234562455640e-01
3.375911725655714180e-02
2.751173967067453985e-01
2.459772871841482689e-01
-1.540615692556838445e-01
1.826958595268211860e-01
-4.211067433492200474e-01
-1.353525738758007968e-01
1.798245521148987280e-01
8.416243389327908719e-01
6.062088173594593066e-01
4.321041252134948940e-01
2.495083038073792059e-01
9.144492938067829702e-01
4.149261907720856457e-01
7.341997506942589125e-01
7.871247930760719713e-01
1.030245057881240989e+00
9.635765034843501997e-01
5.624062592910079594e-01
6.517931595076992268e-02
-4.953681936956642606e-01
-3.079418589602576084e-01
-8.000482994928910241e-01
-5.396891120186153579e-01
-1.015767907131173375e+00
-6.374584158956850821e-01
-7.981086551958994635e-01
-8.020742727631696711e-01
-8.558970244035579711e-01
-6.959587437679997102e-01
-4.968903292471690269e-01
-3.200219137206081199e-01
-2.013184778025829402e-01
-9.125440887601701245e-01
-1.042990788481671594e+00
-9.610803073856031276e-01
-7.434440830487748508e-01
-7.205627774336513802e-01
8.474164250300053602e-02
-3.368759710932769935e-02
2.215831300320586783e-01
1.628076092195305802e-01
-4.954666712665589667e-03
4.684651045121378532e-01
3.058569287911565571e-01
1.366689897649168706e-01
-2.006966421156294311e-01
-1.392975764629474644e-01
-3.995720501069914554e-02
3.970938602031895970e-01
8.858433826432452474e-01
7.567847235969664688e-01
5.376005031328833228e-01
3.496229096640852685e-01
4.401741214267205216e-01
9.383399129257476989e-01
2.880763671460904174e-01
-1.097539930634166550e-01
-3.172356214212979086e-01
-4.112103967385803416e-01
-5.805750519783390295e-01
-1.681204562460443808e-01
-4.863979234663924622e-02
5.589590252160709927e-01
3.579460979285635780e-01
1.018820349704112616e-01
1.935646008697049503e-01
2.419954148856800213e-01
6.642516984609353470e-03
-4.582991516757402017e-01
-4.761188884322510306e-01
-1.058447985968089977e+00
-8.366187135412334053e-01
-1.105326769072914050e+00
-1.324057830795516200e+00
-1.054722710404258690e+00
